1426383528444,r,0.004218392,0.001283437,-0.004153218
1426383528461,a,-0.22984336,0.076614454,9.883265
1426383528464,r,-0.012885831,-0.0036034845,-0.0017097569
1426383528481,a,-0.22984336,0.11492168,9.883265
1426383528484,r,5.5319816E-4,-0.0023817532,0.0043988954
1426383528501,a,-0.22984336,0.076614454,9.844957
1426383528505,r,0.0029966608,0.00739209,7.337041E-4
1426383528521,a,-0.19153613,0.076614454,9.844957
1426383528524,r,-0.006777182,0.008613821,-0.00904014
1426383528542,a,-0.19153613,0.076614454,9.883265
1426383528545,r,-0.0116641,0.0025051683,-0.006596679
1426383528561,a,-0.22984336,0.11492168,9.883265
1426383528565,r,-0.0079989135,0.00739209,0.0019554347
1426383528581,a,-0.19153613,0.076614454,9.883265
1426383528585,r,-0.005555451,0.001283437,-0.004153218
1426383528621,a,-0.19153613,0.11492168,9.844957
1426383528625,r,0.004218392,-0.0011600219,7.337041E-4
1426383528628,r,0.0029966608,0.0061703604,7.337041E-4
1426383528644,a,-0.22984336,0.076614454,9.844957
1426383528649,r,0.0054401234,0.0061703604,-4.8802642E-4
1426383528663,a,-0.22984336,0.076614454,9.883265
1426383528668,r,0.0054401234,6.170757E-5,0.0019554347
1426383528681,a,-0.22984336,0.11492168,9.883265
1426383528685,r,-0.0043337196,6.170757E-5,7.337041E-4
1426383528701,a,-0.22984336,0.076614454,9.883265
1426383528724,a,-0.22984336,0.11492168,9.883265
1426383528729,r,-0.0043337196,0.001283437,7.337041E-4
1426383528731,r,0.0066618547,0.014722474,-0.004153218
1426383528745,a,-0.19153613,0.076614454,9.883265
1426383528748,r,-0.0031119883,0.0025051683,-0.0029314875
1426383528761,a,-0.22984336,0.076614454,9.844957
1426383528785,a,-0.19153613,0.11492168,9.844957
1426383528789,r,0.0029966608,-0.004825216,0.0019554347
1426383528792,r,0.0066618547,6.170757E-5,-0.0053749485
1426383528802,a,-0.22984336,0.11492168,9.883265
1426383528823,a,-0.22984336,0.076614454,9.883265
1426383528826,r,0.004218392,6.170757E-5,-0.0017097569
1426383528833,r,-0.001890257,-0.0011600219,0.0019554347
1426383528843,a,-0.19153613,0.038307227,9.883265
1426383528845,r,5.5319816E-4,0.0037268996,0.0019554347
1426383528862,a,-0.22984336,0.076614454,9.883265
1426383528881,a,-0.22984336,0.11492168,9.883265
1426383528884,r,-0.001890257,0.013500743,-0.0017097569
1426383528901,a,-0.19153613,0.11492168,9.883265
1426383528905,r,-0.016551025,0.004948629,-0.0029314875
1426383528922,a,-0.22984336,0.076614454,9.844957
1426383528924,r,-0.0031119883,0.004948629,-0.0029314875
1426383528944,r,0.0029966608,0.00739209,-0.0017097569
1426383528962,r,-6.685257E-4,-0.004825216,-0.0053749485
1426383528983,r,0.0029966608,0.012279013,-0.0029314875
1426383529001,a,-0.19153613,0.076614454,9.883265
1426383529004,r,0.0029966608,0.001283437,-0.007818409
1426383529021,a,-0.22984336,0.076614454,9.883265
1426383529025,r,0.0054401234,0.0037268996,-0.01026187
1426383529046,a,-0.22984336,0.076614454,9.844957
1426383529049,r,0.004218392,6.170757E-5,-0.0053749485
1426383529062,r,-0.0031119883,0.004948629,-4.8802642E-4
1426383529081,a,-0.22984336,0.11492168,9.883265
1426383529084,r,-0.001890257,0.014722474,-4.8802642E-4
1426383529102,a,-0.22984336,0.076614454,9.844957
1426383529105,r,0.0044016764,0.007697532,-0.0057414663
1426383529123,a,-0.22984336,0.11492168,9.844957
1426383529126,r,-0.0041504353,0.00403234,0.0015889168
1426383529149,a,-0.22984336,0.076614454,9.844957
1426383529153,r,-0.002928704,0.0015888792,0.007697569
1426383529171,r,7.3648244E-4,0.007697532,3.6718627E-4
1426383529177,r,-4.8524886E-4,0.016249646,-0.008184927
1426383529194,r,-0.006593898,-8.545816E-4,-0.0020762747
1426383529215,r,0.00806687,-0.0045197736,-0.008184927
1426383529233,r,-0.002928704,-0.011850156,0.0028106472
1426383529253,r,0.003179945,-0.0032980442,3.6718627E-4
1426383529271,a,-0.22984336,0.11492168,9.844957
1426383529277,r,0.0044016764,-0.013071887,0.0052541085
1426383529293,a,-0.22984336,0.076614454,9.844957
1426383529298,r,0.0056234077,-0.0032980442,0.0028106472
1426383529323,r,-4.8524886E-4,-0.010628425,0.0040323776
1426383529344,r,0.003179945,-0.002076313,0.0015889168
1426383529351,a,-0.22984336,0.076614454,9.883265
1426383529367,r,7.3648244E-4,-0.0069632344,0.0028106472
1426383529373,a,-0.22984336,0.076614454,9.844957
1426383529387,r,0.003179945,0.0028106086,0.0015889168
1426383529401,r,7.3648244E-4,-0.011850156,0.0015889168
1426383529414,a,-0.22984336,0.11492168,9.883265
1426383529422,r,-0.0017069802,-0.0045197736,0.006475839
1426383529443,r,-0.007815629,0.0015888792,-0.004519736
1426383529451,a,-0.22984336,0.076614454,9.883265
1426383529466,r,-0.017589472,-0.005741503,-8.5454434E-4
1426383529471,a,-0.22984336,0.11492168,9.844957
1426383529481,r,-0.0041504353,-0.010628425,0.0015889168
1426383529492,a,-0.22984336,0.076614454,9.883265
1426383529502,r,-0.0041504353,-0.0045197736,3.6718627E-4
1426383529511,a,-0.22984336,0.076614454,9.844957
1426383529522,r,-0.002928704,-0.002076313,0.0015889168
1426383529543,r,0.00806687,-0.002076313,0.0040323776
1426383529567,r,-0.0017069802,0.00403234,0.0015889168
1426383529582,r,-0.002928704,0.00403234,-0.003298005
1426383529602,r,0.003179945,-0.009406697,0.006475839
1426383529620,a,-0.22984336,0.076614454,9.883265
1426383529629,r,7.3648244E-4,-0.008184966,0.0015889168
1426383529643,r,-0.0017069802,0.0028106086,-0.0020762747
1426383529651,a,-0.22984336,0.076614454,9.844957
1426383529666,r,0.009288594,3.6714785E-4,3.6718627E-4
1426383529671,a,-0.22984336,0.076614454,9.883265
1426383529683,r,-0.0017069802,-8.545816E-4,0.0015889168
1426383529692,a,-0.22984336,0.076614454,9.844957
1426383529702,r,-4.8524886E-4,-0.0142936185,0.0015889168
1426383529716,a,-0.22984336,0.11492168,9.844957
1426383529722,r,7.3648244E-4,-8.545816E-4,-8.5454434E-4
1426383529731,a,-0.22984336,0.076614454,9.844957
1426383529743,r,-0.0041504353,0.0052540693,-0.004519736
1426383529762,r,0.0044016764,-0.0069632344,0.0040323776
1426383529771,a,-0.22984336,0.076614454,9.883265
1426383529783,r,-0.010259092,-0.0045197736,0.007697569
1426383529792,a,-0.22984336,0.11492168,9.844957
1426383529808,r,-0.0017069802,-0.002076313,-0.009406658
1426383529818,a,-0.22984336,0.076614454,9.844957
1426383529836,r,-0.007815629,-0.0069632344,0.0040323776
1426383529854,r,-4.8524886E-4,-0.010628425,3.6718627E-4
1426383529857,a,-0.22984336,0.11492168,9.844957
1426383529870,r,-0.010259092,3.6714785E-4,0.0040323776
1426383529874,a,-0.22984336,0.11492168,9.883265
1426383529883,r,7.3648244E-4,0.0015888792,-0.003298005
1426383529891,a,-0.22984336,0.076614454,9.844957
1426383529902,r,-0.002928704,-0.0032980442,-8.5454434E-4
1426383529922,r,7.3648244E-4,-8.545816E-4,-8.5454434E-4
1426383529933,a,-0.22984336,0.11492168,9.844957
1426383529942,r,-0.002928704,-0.002076313,3.6718627E-4
1426383529951,a,-0.22984336,0.076614454,9.883265
1426383529967,r,-0.0041504353,0.0052540693,0.0052541085
1426383529971,a,-0.22984336,0.076614454,9.844957
1426383529983,r,-0.002928704,-0.0032980442,0.0052541085
1426383530002,r,0.003179945,-0.0032980442,0.0028106472
1426383530011,a,-0.22984336,0.11492168,9.883265
1426383530022,r,0.0019582137,3.6714785E-4,-8.5454434E-4
1426383530038,a,-0.22984336,0.076614454,9.844957
1426383530042,r,0.003179945,-0.010628425,-0.0020762747
1426383530055,a,-0.22984336,0.076614454,9.883265
1426383530065,r,0.003179945,-0.0045197736,0.006475839
1426383530076,a,-0.22984336,0.076614454,9.844957
1426383530093,r,-4.8524886E-4,-0.0032980442,-0.0020762747
1426383530111,r,0.00806687,-0.002076313,0.0028106472
1426383530141,r,-0.002928704,-0.005741503,-0.004519736
1426383530144,r,-0.0053721666,-0.009406697,0.0040323776
1426383530162,r,0.0053790584,0.0038490798,-0.0062301587
1426383530171,a,-0.22984336,0.11492168,9.844957
1426383530187,r,-0.0043947846,0.00751427,-0.0037866973
1426383530204,a,-0.22984336,0.076614454,9.844957
1426383530207,r,-0.006838247,-0.005924763,0.004765416
1426383530218,a,-0.22984336,0.076614454,9.883265
1426383530242,r,-0.0043947846,0.0038490798,-0.0013432365
1426383530247,r,0.007822521,0.0050708093,-0.002564967
1426383530254,a,-0.22984336,0.11492168,9.883265
1426383530264,r,0.004157327,-0.0047030356,-0.0037866973
1426383530272,a,-0.22984336,0.076614454,9.883265
1426383530301,r,-7.295981E-4,0.0026273485,-0.002564967
1426383530322,r,-0.0043947846,-0.0010378417,-0.0013432365
1426383530337,a,-0.22984336,0.076614454,9.844957
1426383530342,r,-0.014168628,-0.002259573,-0.002564967
1426383530346,r,-7.295981E-4,-0.005924763,-0.007451889
1426383530371,a,-0.22984336,0.076614454,9.883265
1426383530382,r,-0.001951322,-0.002259573,0.008430608
1426383530402,r,-0.0031730533,0.0050708093,-1.2150593E-4
1426383530423,r,-0.005616516,-0.0010378417,0.004765416
1426383530442,r,0.0017138645,0.009957731,-0.0086736195
1426383530450,r,4.921332E-4,0.0062925406,0.004765416
1426383530481,a,-0.22984336,0.076614454,9.844957
1426383530485,r,4.921332E-4,0.00751427,-0.0013432365
1426383530509,a,-0.22984336,0.076614454,9.883265
1426383530513,r,-0.001951322,0.0062925406,0.0011002246
1426383530527,a,-0.22984336,0.076614454,9.844957
1426383530533,r,-0.0043947846,0.011179462,-0.002564967
1426383530543,r,-0.001951322,1.8388778E-4,0.005987147
1426383530556,r,0.0029355958,0.0026273485,-0.0062301587
1426383530562,a,-0.22984336,0.11492168,9.844957
1426383530582,a,-0.22984336,0.076614454,9.844957
1426383530587,r,-0.011725172,0.0062925406,-0.0037866973
1426383530607,a,-0.22984336,0.11492168,9.844957
1426383530612,r,-7.295981E-4,0.0014056172,0.005987147
1426383530622,r,-0.006838247,1.8388778E-4,-0.0013432365
1426383530641,a,-0.22984336,0.076614454,9.844957
1426383530644,r,0.0029355958,1.8388778E-4,-0.0013432365
1426383530662,r,-0.006838247,-0.0034813043,-0.0013432365
1426383530682,r,-0.001951322,0.008736001,-0.0037866973
1426383530704,a,-0.22984336,0.076614454,9.883265
1426383530709,r,-0.0031730533,0.0014056172,0.004765416
1426383530732,a,-0.22984336,0.076614454,9.844957
1426383530737,r,0.0029355958,1.8388778E-4,-0.0050084284
1426383530740,r,-0.0080599785,-0.0034813043,-0.0037866973
1426383530757,a,-0.22984336,0.11492168,9.883265
1426383530760,r,0.0029355958,0.0014056172,-1.2150593E-4
1426383530772,a,-0.22984336,0.076614454,9.844957
1426383530778,r,-0.005616516,-0.0010378417,-0.002564967
1426383530794,r,-0.0043947846,-0.002259573,-0.0062301587
1426383530811,a,-0.22984336,0.076614454,9.883265
1426383530820,r,-0.005616516,-0.002259573,0.002321955
1426383530843,a,-0.22984336,0.076614454,9.844957
1426383530846,r,-0.001951322,-0.0034813043,-0.0050084284
1426383530858,a,-0.22984336,0.11492168,9.844957
1426383530864,r,-0.0080599785,0.0038490798,-1.2150593E-4
1426383530878,a,-0.22984336,0.076614454,9.844957
1426383530882,r,-7.295981E-4,0.0014056172,-1.2150593E-4
1426383530893,r,0.0017138645,-0.0034813043,-0.0062301587
1426383530911,a,-0.22984336,0.11492168,9.844957
1426383530915,r,0.0017138645,-0.0034813043,-0.0062301587
1426383530931,a,-0.22984336,0.076614454,9.844957
1426383530952,r,-7.295981E-4,0.00751427,0.0011002246
1426383530955,r,0.0066007897,0.009957731,0.0035436857
1426383530977,a,-0.22984336,0.11492168,9.844957
1426383530979,r,0.007822521,0.008736001,-0.0013432365
1426383530994,a,-0.22984336,0.076614454,9.883265
1426383530997,r,0.0029355958,0.0014056172,0.0011002246
1426383531012,a,-0.22984336,0.076614454,9.844957
1426383531033,r,0.0066007897,0.011179462,0.0011002246
1426383531053,r,-0.0080599785,-0.0010378417,0.0072088772
1426383531059,r,0.0029355958,0.0026273485,-0.002564967
1426383531078,a,-0.22984336,0.076614454,9.883265
1426383531082,r,0.0029355958,-0.0010378417,-0.007451889
1426383531093,a,-0.22984336,0.076614454,9.844957
1426383531112,r,0.007822521,1.8388778E-4,-0.007451889
1426383531132,r,0.0066007897,1.8388778E-4,-0.0013432365
1426383531152,r,0.0029355958,0.0038490798,0.0011002246
1426383531157,r,-0.001951322,1.8388778E-4,0.002321955
1426383531193,r,4.921332E-4,0.0014056172,-1.2150593E-4
1426383531212,r,0.0017138645,-0.002259573,-0.007451889
1426383531234,r,0.004157327,0.0038490798,0.0035436857
1426383531253,r,0.0011029765,0.0051319115,-0.0031758323
1426383531266,r,-0.0013404861,-0.0046419334,0.0041545504
1426383531294,a,-0.2681506,0.076614454,9.844957
1426383531301,r,0.003546439,0.0026884507,0.0065980116
1426383531315,a,-0.22984336,0.076614454,9.844957
1426383531319,r,0.0011029765,-0.0058636647,4.89359E-4
1426383531344,a,-0.22984336,0.11492168,9.844957
1426383531350,r,-0.016001247,2.4498813E-4,0.005376281
1426383531365,a,-0.22984336,0.076614454,9.844957
1426383531369,r,-0.00256221,-0.003420202,-7.323716E-4
1426383531381,r,0.0011029765,0.0014667194,-0.004397563
1426383531392,r,0.0011029765,0.0014667194,-0.008062754
1426383531411,r,0.0023247078,-0.008307124,-0.006841024
1426383531428,r,0.003546439,0.011240564,0.005376281
1426383531442,r,-0.009892598,0.0026884507,-7.323716E-4
1426383531462,r,-0.0037839413,0.0075753722,0.005376281
1426383531483,r,0.0047681704,0.006353641,-0.0056192935
1426383531502,r,-1.18754804E-4,-0.0070853923,-7.323716E-4
1426383531523,r,-0.0050056726,-0.0046419334,4.89359E-4
1426383531545,r,-0.0013404861,0.0014667194,-0.006841024
1426383531573,r,-0.0013404861,2.4498813E-4,0.005376281
1426383531598,r,0.0011029765,0.0051319115,4.89359E-4
1426383531616,r,-0.0037839413,0.0051319115,0.0017110895
1426383531634,r,-0.0086708665,-0.0058636647,0.005376281
1426383531652,r,0.0047681704,0.0014667194,-7.323716E-4
1426383531672,r,-0.0013404861,0.00391018,0.0017110895
1426383531694,r,0.0059899017,-0.0046419334,-0.0031758323
1426383531712,r,0.0023247078,0.0026884507,-0.004397563
1426383531732,r,0.0011029765,0.008797102,-0.0056192935
1426383531752,r,-0.0013404861,-0.0058636647,-0.001954102
1426383531772,r,-1.18754804E-4,0.0014667194,-7.323716E-4
1426383531797,r,-0.00256221,-9.767413E-4,0.0017110895
1426383531812,r,0.003546439,0.0026884507,-7.323716E-4
1426383531837,r,0.0023247078,-0.0021984708,0.00293282
1426383531859,r,0.0011029765,-9.767413E-4,-7.323716E-4
1426383531872,r,0.0023247078,-0.0070853923,0.00293282
1426383531893,r,-0.006227404,-0.0021984708,0.005376281
1426383531912,r,-0.0050056726,0.0026884507,0.0017110895
1426383531933,r,0.0023247078,0.0051319115,0.00293282
1426383531952,r,-0.014779516,-9.767413E-4,-0.001954102
1426383531972,r,-0.0037839413,0.00391018,4.89359E-4
1426383531993,a,-0.2681506,0.076614454,9.844957
1426383531995,r,-0.0037839413,0.0075753722,0.0065980116
1426383532026,a,-0.22984336,0.076614454,9.844957
1426383532032,r,0.0047681704,0.010018833,-0.001954102
1426383532036,r,-0.006227404,0.0014667194,0.0041545504
1426383532053,r,-0.00256221,-0.0021984708,0.00293282
1426383532072,r,-0.0050056726,-9.767413E-4,-0.0031758323
1426383532094,r,-0.0086708665,0.0051319115,-0.004397563
1426383532116,a,-0.2681506,0.076614454,9.844957
1426383532121,r,-0.0013404861,-9.767413E-4,-0.006841024
1426383532133,a,-0.22984336,0.076614454,9.844957
1426383532138,r,-0.009892598,0.0075753722,-0.0031758323
1426383532153,r,-1.18754804E-4,2.4498813E-4,4.89359E-4
1426383532172,a,-0.2681506,0.076614454,9.844957
1426383532180,r,0.0011029765,-0.003420202,0.00293282
1426383532192,a,-0.22984336,0.076614454,9.844957
1426383532200,r,-0.007449135,2.4498813E-4,0.00293282
1426383532221,r,0.0023247078,0.0026884507,0.0041545504
1426383532233,r,0.0023247078,0.0026884507,-0.0031758323
1426383532253,r,-0.0037839413,0.0014667194,-0.001954102
1426383532271,a,-0.22984336,0.11492168,9.844957
1426383532276,r,-1.18754804E-4,-0.008307124,-0.001954102
1426383532296,a,-0.22984336,0.076614454,9.844957
1426383532300,r,0.003546439,-9.767413E-4,0.0065980116
1426383532321,r,-0.012641497,-0.0014654472,0.001100223
1426383532333,a,-0.2681506,0.076614454,9.844957
1426383532337,r,-0.005311109,0.002199743,0.001100223
1426383532357,a,-0.22984336,0.076614454,9.844957
1426383532364,r,-4.2419136E-4,-0.00390891,-0.0013432379
1426383532374,r,-0.005311109,9.780135E-4,-0.0025649683
1426383532393,r,0.0032410026,9.780135E-4,-0.00745189
1426383532413,a,-0.22984336,0.076614454,9.883265
1426383532415,r,7.9753995E-4,-0.0026871786,-0.00745189
1426383532437,a,-0.22984336,0.11492168,9.844957
1426383532444,r,-0.0077545717,0.0070866663,0.003543684
1426383532454,a,-0.22984336,0.076614454,9.844957
1426383532458,r,-0.008976303,-0.0063523687,-1.2150756E-4
1426383532481,r,-0.008976303,-2.4371594E-4,-0.0062301597
1426383532492,a,-0.22984336,0.076614454,9.883265
1426383532497,r,-0.0065328404,-0.0026871786,-0.0025649683
1426383532513,a,-0.22984336,0.076614454,9.844957
1426383532516,r,-0.011419766,9.780135E-4,-0.0037866991
1426383532535,a,-0.22984336,0.076614454,9.883265
1426383532537,r,0.009349652,0.0046432056,-0.0025649683
1426383532557,a,-0.22984336,0.076614454,9.844957
1426383532572,r,-0.0065328404,0.0034214742,0.003543684
1426383532576,r,-0.0077545717,0.0070866663,0.005987145
1426383532593,r,-0.011419766,-0.00390891,0.003543684
1426383532614,r,-4.2419136E-4,-0.0026871786,0.003543684
1426383532653,a,-0.22984336,0.11492168,9.844957
1426383532656,r,0.0069061965,9.780135E-4,0.001100223
1426383532672,a,-0.22984336,0.076614454,9.844957
1426383532675,r,0.0020192713,0.0070866663,-0.0062301597
1426383532678,r,-0.0028676465,-2.4371594E-4,0.005987145
1426383532693,r,-0.008976303,0.008308396,0.001100223
1426383532732,a,-0.22984336,0.11492168,9.844957
1426383532739,r,-0.011419766,0.002199743,0.003543684
1426383532762,a,-0.22984336,0.076614454,9.844957
1426383532768,r,-0.0016459227,0.009530127,0.005987145
1426383532779,r,-0.0065328404,0.0046432056,-1.2150756E-4
1426383532785,r,-0.0077545717,0.0046432056,0.003543684
1426383532801,r,-0.005311109,0.0046432056,0.0047654146
1426383532835,r,-0.012641497,9.780135E-4,-1.2150756E-4
1426383532855,r,-4.2419136E-4,-0.0063523687,0.0047654146
1426383532877,a,-0.22984336,0.11492168,9.844957
1426383532889,r,-0.0028676465,-0.0014654472,0.001100223
1426383532895,a,-0.22984336,0.076614454,9.844957
1426383532899,r,-0.0028676465,9.780135E-4,-0.0025649683
1426383532901,r,0.0032410026,0.0046432056,-0.00867362
1426383532932,r,0.0069061965,0.008308396,-0.0050084293
1426383532952,r,-0.0028676465,0.0034214742,-1.2150756E-4
1426383532972,a,-0.22984336,0.11492168,9.844957
1426383532975,r,0.0032410026,-0.0051306374,-1.2150756E-4
1426383532991,a,-0.22984336,0.076614454,9.844957
1426383532994,r,-0.008976303,0.005864935,0.005987145
1426383533011,a,-0.22984336,0.11492168,9.844957
1426383533014,r,-0.0028676465,-0.0014654472,-0.009895351
1426383533033,a,-0.22984336,0.076614454,9.844957
1426383533037,r,0.0020192713,0.009530127,-1.2150756E-4
1426383533057,r,-0.0065328404,0.008308396,0.005987145
1426383533072,r,-0.0077545717,0.009530127,-0.0025649683
1426383533095,a,-0.2681506,0.076614454,9.844957
1426383533102,r,-0.005311109,-0.0014654472,-1.2150756E-4
1426383533117,a,-0.22984336,0.076614454,9.844957
1426383533123,r,-0.011419766,0.0034214742,0.003543684
1426383533134,r,7.9753995E-4,-2.4371594E-4,-0.0013432379
1426383533153,a,-0.22984336,0.038307227,9.844957
1426383533157,r,0.0032410026,0.002199743,-0.0037866991
1426383533179,a,-0.22984336,0.076614454,9.844957
1426383533182,r,-0.0077545717,0.009530127,-1.2150756E-4
1426383533192,r,-4.2419136E-4,0.0034214742,-0.0037866991
1426383533212,r,-0.0016459227,0.0046432056,0.001100223
1426383533232,r,-0.0077545717,0.0046432056,-0.0050084293
1426383533254,r,7.9753995E-4,0.002199743,0.005987145
1426383533271,a,-0.22984336,0.076614454,9.883265
1426383533274,r,7.9753995E-4,0.002199743,0.001100223
1426383533292,a,-0.22984336,0.076614454,9.844957
1426383533296,r,-0.008976303,0.011973588,-0.0025649683
1426383533312,r,0.0032410026,0.0107518565,0.005987145
1426383533332,r,-4.2419136E-4,0.008308396,0.001100223
1426383533353,r,0.0069061965,0.0046432056,0.0072088754
1426383533373,r,6.4499676E-5,-0.0034813005,-0.0037866978
1426383533395,r,-0.008487612,-0.014476875,0.0011002241
1426383533415,a,-0.22984336,0.11492168,9.844957
1426383533422,r,0.00983835,-0.0010378398,-0.0025649674
1426383533438,a,-0.22984336,0.076614454,9.844957
1426383533441,r,-0.009709343,-0.010811685,0.0035436852
1426383533451,a,-0.22984336,0.076614454,9.883265
1426383533455,r,-0.0023789555,-0.0059247613,0.0011002241
1426383533471,a,-0.22984336,0.076614454,9.844957
1426383533475,r,-0.0060441494,-0.021807259,0.0011002241
1426383533493,r,-0.0023789555,-0.0059247613,-0.0037866978
1426383533512,r,0.0037296936,-0.0010378398,-0.001343237
1426383533533,r,0.001286231,-0.008368222,-0.0037866978
1426383533554,r,-0.010931075,-0.004703032,-0.0050084284
1426383533573,r,0.004951425,1.838915E-4,0.0023219546
1426383533600,r,-0.0011572242,-0.0010378398,-1.215064E-4
1426383533615,a,-0.22984336,0.11492168,9.844957
1426383533622,r,-0.004822418,-0.004703032,-1.215064E-4
1426383533637,a,-0.22984336,0.076614454,9.844957
1426383533640,r,6.4499676E-5,-0.009589953,0.0011002241
1426383533655,r,-0.0023789555,1.838915E-4,-0.001343237
1426383533671,a,-0.2681506,0.076614454,9.844957
1426383533674,r,0.0037296936,-0.0071464907,-0.0062301587
1426383533693,a,-0.22984336,0.076614454,9.844957
1426383533699,r,0.0037296936,-0.004703032,-0.029443037
1426383533714,r,-0.0023789555,-0.0022595692,-0.017225733
1426383533732,a,-0.2681506,0.038307227,9.883265
1426383533735,r,-0.008487612,0.013622927,-0.023334386
1426383533761,a,-0.2681506,0.076614454,9.844957
1426383533765,r,0.006173156,0.001405621,-0.024556115
1426383533782,r,0.0073948875,0.012401196,-0.028221307
1426383533801,a,-0.22984336,0.11492168,9.844957
1426383533806,r,0.001286231,0.0075142737,-0.0037866978
1426383533823,a,-0.34476504,0.038307227,10.036493
1426383533832,r,0.004951425,0.09303541,-0.0758688
1426383533845,a,-0.2681506,0.076614454,9.844957
1426383533848,r,0.09902467,-0.023028987,-0.08442091
1426383533862,a,-0.34476504,-0.038307227,9.768343
1426383533866,r,0.09291602,-0.027915912,-0.06120803
1426383533881,a,-0.4213795,0.2681506,9.883265
1426383533884,r,0.0721466,-0.013255144,-0.0050084284
1426383533901,a,-0.38307226,0.11492168,9.844957
1426383533906,r,0.07336833,-0.016920337,0.023091374
1426383533923,a,-0.076614454,-0.038307227,9.844957
1426383533925,r,0.083142176,-0.046241872,0.06340848
1426383533944,a,-0.19153613,0.4213795,9.844957
1426383533948,r,0.08558564,-0.040133215,0.043860793
1426383533965,a,-0.22984336,0.22984336,9.921572
1426383533967,r,0.1002464,-0.04502014,-0.0037866978
1426383533981,a,-0.34476504,0.34476504,10.304645
1426383533985,r,0.16133294,-0.057237446,-0.013560541
1426383534001,a,-0.11492168,0.2681506,10.189722
1426383534005,r,0.34825772,-0.10732839,0.010874068
1426383534021,a,-0.15322891,0.34476504,9.921572
1426383534026,r,0.45088303,-0.1280978,-0.023334386
1426383534051,a,0.30645782,0.19153613,9.844957
1426383534058,r,0.4643221,-0.0914459,-0.03677342
1426383534064,r,0.46310037,-0.19773644,0.06340848
1426383534077,a,-0.2681506,0.6895301,9.883265
1426383534094,a,-0.45968673,0.80445176,9.80665
1426383534097,r,0.45699173,-0.085337244,0.06463021
1426383534117,a,-0.2681506,0.7661445,9.691729
1426383534121,r,0.47165245,-0.079228595,0.09273001
1426383534132,r,0.43988746,0.013622927,0.11960808
1426383534140,a,-0.076614454,0.842759,9.5385
1426383534143,r,0.3372621,0.0075142737,0.11838635
1426383534161,a,0.0,0.91937345,9.653421
1426383534171,a,0.038307227,0.91937345,9.768343
1426383534175,r,0.28228426,0.013622927,0.09883866
1426383534192,a,0.076614454,1.2641385,9.883265
1426383534195,r,0.23585849,0.011179466,0.062186748
1426383534215,a,-0.038307227,0.91937345,9.844957
1426383534217,r,0.26395828,-0.032802835,0.06340848
1426383534221,r,0.2920581,-0.010811685,0.019426182
1426383534235,a,0.0,1.0726024,9.959879
1426383534251,a,0.11492168,1.3024458,9.959879
1426383534255,r,0.3568098,0.0075142737,0.008430607
1426383534271,a,0.11492168,1.3790601,9.80665
1426383534278,r,0.47653937,-0.024250718,0.0035436852
1426383534298,a,-0.038307227,1.3024458,9.80665
1426383534303,r,0.5131913,-0.11099359,-0.016004002
1426383534313,a,-0.22984336,1.2258313,9.883265
1426383534315,r,0.52785206,-0.163528,0.005987146
1426383534332,a,0.0,1.532289,9.576807
1426383534337,r,0.52663034,0.057605222,0.04508252
1426383534356,a,0.076614454,1.685518,9.385271
1426383534362,r,0.48875672,0.017288119,0.1281602
1426383534385,a,-0.34476504,1.6089035,9.653421
1426383534388,r,0.3971269,-0.058459178,0.0682954
1426383534394,a,-0.11492168,1.685518,9.80665
1426383534397,r,0.35558808,0.035614073,0.06096502
1426383534411,a,-0.2681506,1.7621324,9.80665
1426383534414,r,0.38613135,0.0062925443,0.0963952
1426383534435,a,-0.30645782,1.8387469,9.768343
1426383534438,r,0.40079212,-0.031581104,0.120829806
1426383534441,r,0.4325571,-0.019363796,0.1525948
1426383534451,a,-0.15322891,1.8770541,10.0748005
1426383534471,a,0.2681506,2.0685902,9.998186
1426383534473,r,0.5681692,-0.02913764,0.11472116
1426383534492,a,0.11492168,2.2601264,9.653421
1426383534496,r,0.6817901,-0.027915912,0.023091374
1426383534514,a,-0.11492168,2.336741,9.844957
1426383534518,r,0.7257724,-0.047463603,-0.019669194
1426383534533,a,0.38307226,2.4899697,9.423578
1426383534536,r,0.78808063,0.012401196,0.0072088763
1426383534552,a,0.2681506,2.834735,9.576807
1426383534557,r,0.7783068,-0.06456783,-0.10641206
1426383534577,a,0.0,2.9879637,9.346964
1426383534582,r,0.8222891,-0.093889356,-0.09908168
1426383534591,a,0.038307227,2.9879637,9.423578
1426383534595,r,0.813737,-0.1280978,-0.1161859
1426383534612,a,-0.076614454,2.873042,9.385271
1426383534615,r,0.81129354,-0.07678513,-0.12718147
1426383534632,a,0.11492168,3.0262709,9.500193
1426383534636,r,0.7990762,-0.019363796,-0.10030341
1426383534651,a,-0.038307227,3.1411927,9.768343
1426383534655,r,0.8858191,-0.12687607,-0.1601682
1426383534671,a,0.2681506,3.1794999,9.423578
1426383534676,r,1.031205,-0.12076742,-0.14550743
1426383534692,a,-0.15322891,3.5242648,9.155427
1426383534697,r,1.0703005,-0.12198915,-0.18948972
1426383534715,a,0.11492168,3.6774938,9.193734
1426383534720,r,1.0666353,-0.101219736,-0.15894647
1426383534735,a,0.19153613,4.175488,9.078813
1426383534740,r,1.1338304,-0.15497588,-0.16138993
1426383534756,a,0.2681506,4.3287168,8.734048
1426383534760,r,1.1998038,-0.22094932,-0.156503
1426383534776,a,-0.11492168,4.4436383,8.772355
1426383534781,r,1.1753693,-0.1598628,-0.17849416
1426383534791,a,0.11492168,4.7500963,8.925584
1426383534794,r,1.2193515,-0.10244147,-0.17360723
1426383534812,a,0.22984336,4.9416323,8.695741
1426383534816,r,1.3073161,-0.123210885,-0.18704627
1426383534843,a,0.38307226,5.056554,8.6574335
1426383534851,r,1.3561853,-0.15619761,-0.21392433
1426383534858,a,-0.076614454,5.2863975,8.159439
1426383534861,r,1.407498,-0.031581104,-0.27012393
1426383534874,a,0.0,5.592855,8.236053
1426383534879,r,1.4331543,-0.21117547,-0.23591548
1426383534892,a,0.076614454,5.93762,7.929596
1426383534897,r,1.4404848,-0.22339278,-0.2163678
1426383534911,a,0.34476504,5.899313,7.8146744
1426383534915,r,1.4930191,-0.28447932,-0.23469375
1426383534938,a,0.11492168,6.205771,7.6231384
1426383534942,r,1.4588107,-0.32723987,-0.23835894
1426383534956,a,0.15322891,6.205771,7.5848308
1426383534959,r,1.5150102,-0.2160624,-0.27134567
1426383534974,a,0.15322891,6.588843,7.201759
1426383534977,r,1.4673628,-0.25515777,-0.25424144
1426383534992,a,0.19153613,6.742072,7.1634517
1426383534995,r,1.4612541,-0.20995376,-0.26279357
1426383535011,a,0.11492168,7.0102224,6.933608
1426383535016,r,1.471028,-0.28447932,-0.21025914
1426383535034,a,0.038307227,7.1634517,6.6654577
1426383535037,r,1.502793,-0.32235295,-0.18215935
1426383535053,a,-0.076614454,7.469909,6.435614
1426383535058,r,1.5076799,-0.23438835,-0.20292877
1426383535071,a,0.0,7.5082164,6.244078
1426383535077,r,1.5602143,-0.20873202,-0.24202414
1426383535091,a,0.0,7.776367,5.899313
1426383535095,r,1.5724317,-0.24049702,-0.26523703
1426383535111,a,0.2681506,7.6614456,5.861006
1426383535116,r,1.5516622,-0.1439803,-0.2847847
1426383535131,a,0.19153613,8.197746,5.3247046
1426383535134,r,1.5418884,0.001405621,-0.24568933
1426383535152,a,0.2681506,8.159439,5.363012
1426383535155,r,1.5089016,-0.10732839,-0.2847847
1426383535171,a,0.38307226,8.312668,5.133168
1426383535174,r,1.5247841,-0.06823302,-0.20659396
1426383535191,a,0.22984336,8.312668,5.0182467
1426383535194,r,1.44415,-0.11710224,-0.12718147
1426383535211,a,0.19153613,8.580819,4.4436383
1426383535215,r,1.4050546,-0.14275858,-0.13084666
1426383535232,a,0.15322891,8.734048,4.3287168
1426383535235,r,1.3549637,-0.10244147,-0.12962493
1426383535252,a,-0.076614454,8.887277,4.1371803
1426383535257,r,1.3244203,-0.031581104,-0.08319918
1426383535272,a,0.076614454,8.963891,3.86903
1426383535275,r,1.2914336,-0.04502014,-0.06120803
1426383535291,a,-0.076614454,9.11712,3.6391866
1426383535295,r,1.2608904,-0.0755634,-0.023334386
1426383535311,a,0.11492168,9.155427,3.5242648
1426383535317,r,1.2853249,-0.054793984,-0.0050084284
1426383535333,a,0.0,9.308656,3.217807
1426383535336,r,1.2841033,-0.04379841,-0.00989535
1426383535357,a,0.0,9.308656,3.0262709
1426383535360,r,1.266999,-0.010811685,0.046304252
1426383535371,a,0.19153613,9.423578,2.6431987
1426383535375,r,1.2779946,0.02339677,-0.0025649674
1426383535392,a,0.2681506,9.461885,2.4899697
1426383535395,r,1.25356,0.028283693,-0.013560541
1426383535411,a,0.15322891,9.500193,2.1452048
1426383535414,r,1.2193515,0.029505422,-0.013560541
1426383535431,a,0.19153613,9.576807,1.9153614
1426383535435,r,1.1558216,0.018509848,-0.04043861
1426383535453,a,0.11492168,9.653421,1.7621324
1426383535457,r,1.1472694,-0.018142065,-0.07831226
1426383535473,a,0.19153613,9.653421,1.4556746
1426383535476,r,1.1045089,0.0026273523,-0.039216883
1426383535492,a,0.19153613,9.691729,1.3024458
1426383535495,r,1.0556396,0.031948883,-0.06731669
1426383535511,a,0.076614454,9.730036,1.0726024
1426383535531,a,0.076614454,9.844957,1.0726024
1426383535536,r,1.0788525,-0.062124364,-0.16261166
1426383535541,r,1.0422007,-0.02669418,-0.10641206
1426383535558,a,-0.076614454,9.768343,0.2681506
1426383535563,r,1.0299833,-0.07678513,-0.12962493
1426383535574,a,0.38307226,9.80665,0.6895301
1426383535586,r,0.88337564,0.067379065,-0.06853842
1426383535596,a,0.0,9.844957,0.11492168
1426383535609,r,0.73921144,0.033170614,-0.05509938
1426383535620,a,-0.076614454,9.883265,-0.11492168
1426383535625,r,0.56450397,-0.013255144,-0.048990726
1426383535632,a,-0.076614454,9.921572,-0.11492168
1426383535642,r,0.45454824,-0.034024566,-0.016004002
1426383535654,a,0.038307227,9.883265,-0.15322891
1426383535662,r,0.3250448,-0.04379841,-0.001343237
1426383535671,a,0.038307227,9.883265,-0.22984336
1426383535682,r,0.20165002,0.001405621,-0.020890925
1426383535692,a,0.0,9.921572,-0.19153613
1426383535703,r,0.09291602,0.033170614,-0.026999578
1426383535711,a,0.076614454,9.883265,-0.22984336
1426383535725,r,-0.009709343,0.07959637,-0.039216883
1426383535731,a,0.0,9.883265,-0.15322891
1426383535742,r,-0.09034355,0.09425714,-0.04043861
1426383535752,a,0.0,9.883265,-0.076614454
1426383535762,r,-0.15998219,0.11136136,-0.020890925
1426383535775,a,0.0,9.921572,0.11492168
1426383535782,r,-0.18197335,0.12968732,-0.014782272
1426383535799,a,-0.038307227,9.921572,0.076614454
1426383535804,r,-0.22351219,0.13579598,-0.016004002
1426383535815,a,-0.038307227,9.921572,0.038307227
1426383535826,r,-0.28215522,0.12968732,-0.013560541
1426383535835,a,-0.11492168,9.883265,0.19153613
1426383535845,r,-0.33835483,0.14190464,0.009652338
1426383535854,a,-0.038307227,9.883265,0.22984336
1426383535863,r,-0.37378502,0.15167847,0.010874068
1426383535874,a,-0.038307227,9.883265,0.34476504
1426383535882,r,-0.41288042,0.13946117,0.029200025
1426383535895,a,-0.076614454,9.883265,0.4213795
1426383535904,r,-0.4250977,0.14801328,0.029200025
1426383535911,a,-0.076614454,9.883265,0.45968673
1426383535923,r,-0.43731505,0.17489135,0.04508252
1426383535931,a,-0.038307227,9.844957,0.61291564
1426383535943,r,-0.4629714,0.17489135,0.04141733
1426383535951,a,-0.038307227,9.844957,0.6512229
1426383535962,r,-0.48740596,0.15534367,0.04141733
1426383535972,a,-0.038307227,9.844957,0.7278373
1426383535982,r,-0.54116213,0.13579598,0.047525983
1426383535993,a,0.0,9.844957,0.7661445
1426383536011,a,0.038307227,9.80665,0.91937345
1426383536014,r,-0.6034704,0.119913474,0.052412905
1426383536041,a,0.0,9.768343,1.1492168
1426383536045,r,-0.65111786,0.10280925,0.048747715
1426383536050,r,-0.70609576,0.11747002,0.04508252
1426383536061,a,0.0,9.768343,1.2258313
1426383536066,r,-0.76229537,0.121135205,0.0401956
1426383536082,a,-0.038307227,9.730036,1.3790601
1426383536092,r,-0.81482977,0.12968732,0.057299826
1426383536110,a,-0.038307227,9.653421,1.6472107
1426383536114,r,-0.87835974,0.17489135,0.05974329
1426383536131,a,0.0,9.691729,1.8387469
1426383536134,r,-0.8893553,0.119913474,0.0682954
1426383536145,a,0.0,9.615114,1.9919758
1426383536148,r,-0.8930205,0.17855655,0.07929097
1426383536161,a,0.0,9.615114,2.0685902
1426383536164,r,-0.91867685,0.21276501,0.08784308
1426383536181,a,-0.038307227,9.576807,2.183512
1426383536186,r,-0.9797634,0.19443904,0.10250385
1426383536211,a,0.0,9.500193,2.4899697
1426383536214,r,-1.0103066,0.19199559,0.10250385
1426383536231,a,0.0,9.423578,2.6431987
1426383536235,r,-1.049402,0.18100001,0.1086125
1426383536251,a,0.076614454,9.346964,2.7964275
1426383536261,r,-1.0970495,0.17733482,0.120829806
1426383536266,r,-1.1666881,0.16756098,0.106169045
1426383536272,a,0.038307227,9.270349,3.064578
1426383536282,r,-1.2155573,0.15778713,0.106169045
1426383536301,a,0.038307227,9.11712,3.5625722
1426383536306,r,-1.2522093,0.16145232,0.113499425
1426383536323,a,0.038307227,9.078813,3.7541082
1426383536342,a,0.0,9.002198,4.0222588
1426383536346,r,-1.2570962,0.1968825,0.1086125
1426383536350,r,-1.2241094,0.2005477,0.1086125
1426383536362,a,0.19153613,8.887277,4.2904096
1426383536366,r,-1.2045618,0.17611308,0.12571673
1426383536382,a,0.15322891,8.810662,4.55856
1426383536386,r,-1.1569142,0.13823944,0.09273001
1426383536402,a,0.038307227,8.695741,4.7884035
1426383536423,a,-0.038307227,8.619126,4.8267107
1426383536426,r,-1.1019365,0.1248004,0.07929097
1426383536443,a,0.038307227,8.42759,4.55856
1426383536447,r,-1.0799452,0.11013963,0.07806924
1426383536452,r,-1.1508056,0.097922325,0.06951713
1426383536467,a,-0.038307227,8.274361,4.8267107
1426383536471,r,-1.2827525,0.11869175,0.07318232
1426383536486,a,-0.076614454,8.159439,5.094861
1426383536501,a,0.076614454,8.159439,5.171476
1426383536504,r,-1.4146994,0.12968732,0.090286545
1426383536522,a,0.038307227,7.8146744,5.861006
1426383536526,r,-1.4916685,0.1565654,0.11472116
1426383536542,a,-0.038307227,7.6614456,6.129156
1426383536545,r,-1.5380942,0.22253884,0.081734434
1426383536550,r,-1.5258769,0.25063863,0.089064814
1426383536563,a,-0.076614454,7.5082164,6.244078
1426383536582,a,-0.11492168,7.393295,6.2823853
1426383536585,r,-1.5234334,0.22620404,0.089064814
1426383536601,a,-0.15322891,7.0485296,6.6654577
1426383536605,r,-1.5723027,0.20909981,0.09883866
1426383536622,a,-0.11492168,6.895301,6.8569937
1426383536625,r,-1.6077329,0.1565654,0.10739078
1426383536642,a,-0.038307227,6.703765,7.086837
1426383536645,r,-1.6492717,0.1406829,0.120829806
1426383536649,r,-1.6553804,0.14190464,0.10006039
1426383536664,a,-0.11492168,6.4739213,7.469909
1426383536682,a,-0.11492168,6.129156,7.699753
1426383536684,r,-1.5991807,0.13946117,0.112277694
1426383536702,a,-0.076614454,5.93762,7.776367
1426383536706,r,-1.5380942,0.14190464,0.14770788
1426383536722,a,-0.038307227,5.746084,7.8146744
1426383536726,r,-1.5429811,0.17855655,0.12205154
1426383536743,a,0.076614454,5.631162,8.350976
1426383536746,r,-1.5539767,0.18100001,0.07562578
1426383536767,a,-0.19153613,5.2480903,8.350976
1426383536770,r,-1.4550165,0.0808181,0.034086946
1426383536782,a,-0.19153613,5.0182467,8.312668
1426383536785,r,-1.3878213,0.04172273,0.04141733
1426383536801,a,-0.11492168,4.903325,8.734048
1426383536805,r,-1.4024822,-0.0034813005,0.057299826
1426383536825,a,-0.19153613,4.711789,8.542512
1426383536828,r,-1.3865997,0.08570503,0.047525983
1426383536851,a,-0.19153613,4.175488,8.465898
1426383536854,r,-1.4599035,-0.0010378398,0.025534835
1426383536859,r,-1.5747461,-0.07678513,0.021869643
1426383536864,a,0.11492168,3.86903,9.308656
1426383536881,a,-0.22984336,4.060566,9.308656
1426383536885,r,-1.5906286,0.121135205,-0.0917513
1426383536901,a,-0.38307226,3.5625722,9.576807
1426383536904,r,-1.4000386,-0.057237446,-0.037995152
1426383536921,a,-0.11492168,3.1794999,9.500193
1426383536925,r,-1.3169609,-0.047463603,-0.022112655
1426383536942,a,-0.2681506,3.1411927,9.500193
1426383536946,r,-1.2656482,0.013622927,-0.0318865
1426383536968,a,-0.15322891,3.1028855,9.615114
1426383536971,r,-1.2289964,-0.0071464907,-0.024556115
1426383536985,a,-0.15322891,3.1411927,9.500193
1426383536988,r,-1.158136,-0.04379841,-0.0318865
1426383537001,a,-0.38307226,2.6048915,9.844957
1426383537005,r,-1.1349231,-0.0755634,-0.06853842
1426383537021,a,-0.15322891,2.183512,9.959879
1426383537025,r,-1.0787235,0.11747002,0.0011002241
1426383537042,a,-0.45968673,2.528277,9.730036
1426383537047,r,-0.96876776,-0.031581104,-0.014782272
1426383537066,a,-0.34476504,1.7238252,10.036493
1426383537070,r,-0.8917988,0.0808181,0.032865215
1426383537086,a,-0.22984336,1.8004397,9.998186
1426383537091,r,-0.82338184,0.083261564,0.016982721
1426383537103,a,-0.2681506,1.7238252,10.036493
1426383537106,r,-0.7170913,0.11624829,-0.0025649674
1426383537131,a,-0.15322891,1.685518,9.768343
1426383537135,r,-0.6217963,0.11013963,-0.016004002
1426383537152,r,-0.5729271,0.07348772,-0.051434185
1426383537164,r,-0.54604906,-0.03646802,-0.045325533
1426383537173,a,-0.22984336,1.3790601,9.5385
1426383537176,r,-0.58270097,-0.16108453,-0.05509938
1426383537185,a,-0.22984336,1.3024458,9.883265
1426383537198,r,-0.57537055,-0.23072317,-0.06731669
1426383537208,a,-0.30645782,1.2258313,9.691729
1426383537221,a,-0.19153613,1.1492168,9.883265
1426383537232,r,-0.5924748,-0.12931953,-0.07220361
1426383537241,a,-0.2681506,0.91937345,10.228029
1426383537252,r,-0.5313883,-0.024250718,-0.06853842
1426383537256,r,-0.42143255,-0.013255144,-0.06120803
1426383537262,a,-0.2681506,0.8810662,10.113108
1426383537281,a,-0.2681506,0.842759,9.959879
1426383537291,r,-0.32491583,-0.02913764,-0.045325533
1426383537304,a,-0.30645782,0.80445176,9.959879
1426383537313,r,-0.2809335,-0.010811685,-0.03310823
1426383537325,a,-0.22984336,0.80445176,9.998186
1426383537336,r,-0.1526518,-0.093889356,0.026756564
1426383537343,a,-0.19153613,0.7661445,9.80665
1426383537363,a,-0.15322891,0.7278373,10.036493
1426383537367,r,-0.11477816,-0.36511353,-1.215064E-4
1426383537372,r,-0.063465476,-0.09511109,-1.215064E-4
1426383537390,a,-0.11492168,0.7278373,9.921572
1426383537393,r,-0.03780914,-0.032802835,0.021869643
1426383537412,a,-0.22984336,0.6895301,9.232041
1426383537415,r,-0.085456625,-0.0010378398,-0.0318865
1426383537421,a,0.0,0.6895301,9.270349
1426383537424,r,-0.40066308,0.10403098,-0.0062301587
1426383537442,a,-0.19153613,0.5363012,10.036493
1426383537448,r,-0.40188485,0.067379065,-0.014782272
1426383537461,a,-0.19153613,0.49799395,10.113108
1426383537465,r,-0.32858098,-0.027915912,-0.03310823
1426383537488,a,-0.038307227,0.4213795,10.151415
1426383537493,r,-0.3041464,-0.11343705,-0.086864375
1426383537505,a,-0.34476504,0.34476504,10.266336
1426383537508,r,-0.18930371,-0.08289378,-0.070981875
1426383537533,a,-0.22984336,0.34476504,10.151415
1426383537536,r,-0.014596261,-0.019363796,-0.028221307
1426383537544,a,0.0,0.38307226,9.5385
1426383537547,r,-0.050026447,0.031948883,-0.0318865
1426383537561,a,-0.11492168,0.38307226,9.232041
1426383537566,r,-0.19785585,0.13701771,-0.05876457
1426383537583,a,-0.15322891,0.2681506,9.691729
1426383537586,r,-0.46541482,0.10525271,-0.05754284
1426383537605,a,-0.30645782,0.19153613,9.959879
1426383537608,r,-0.37989366,0.07104426,-0.0318865
1426383537621,a,-0.15322891,0.19153613,9.921572
1426383537625,r,-0.27971178,0.031948883,-0.028221307
1426383537641,a,-0.15322891,0.15322891,9.768343
1426383537645,r,-0.05491337,1.838915E-4,-0.0062301587
1426383537661,a,-0.22984336,0.15322891,9.883265
1426383537667,r,-0.024370104,-0.03524629,-0.0037866978
1426383537683,a,-0.19153613,0.15322891,9.844957
1426383537687,r,-0.024370104,-0.019363796,-0.020890925
1426383537703,a,-0.19153613,0.11492168,9.80665
1426383537707,r,-0.026813567,-0.03524629,-0.023334386
1426383537722,a,-0.19153613,0.11492168,9.883265
1426383537727,r,-0.025591835,-0.040133215,-0.016004002
1426383537743,r,-0.023148373,-0.048685327,-0.00989535
1426383537761,a,-0.19153613,0.15322891,9.883265
1426383537766,r,-0.004822418,-0.056015715,-0.013560541
1426383537783,a,-0.15322891,0.076614454,9.844957
1426383537786,r,-0.0072658807,-0.053572252,-0.0025649674
1426383537805,r,-0.010931075,-0.03035937,-0.022112655
1426383537822,a,-0.15322891,0.076614454,9.883265
1426383537826,r,-0.004822418,-0.0022595692,-0.0062301587
1426383537846,a,-0.15322891,0.076614454,9.844957
1426383537866,a,-0.11492168,0.2681506,9.883265
1426383537871,r,-0.009709343,-0.016920337,0.0035436852
1426383537874,r,0.0037296936,-0.014476875,-0.00989535
1426383537882,a,-0.15322891,0.076614454,9.844957
1426383537886,r,-0.01337453,0.036835805,-0.07709053
1426383537905,a,-0.15322891,0.2681506,9.883265
1426383537909,r,-0.0072658807,0.0246185,-0.0599863
1426383537941,a,-0.19153613,0.11492168,9.998186
1426383537944,r,-0.0011572242,0.040501,-0.09052957
1426383537961,a,-0.30645782,-0.11492168,9.80665
1426383537964,r,-0.0121527985,0.016066387,-0.0917513
1426383537969,r,-0.0011572242,-0.010811685,-0.03432996
1426383537982,a,-0.15322891,0.0,9.883265
1426383537987,r,0.004951425,-0.019363796,0.0047654156
1426383538007,a,-0.11492168,-0.076614454,9.844957
1426383538021,a,-0.19153613,0.11492168,9.844957
1426383538025,r,-0.0036006868,-0.018142065,-1.215064E-4
1426383538042,a,-0.15322891,0.076614454,9.844957
1426383538048,r,-0.010931075,-0.009589953,-0.0025649674
1426383538067,a,-0.19153613,0.11492168,9.844957
1426383538087,r,-0.0036006868,-0.0071464907,0.0035436852
1426383538089,r,-0.008487612,-0.0022595692,-0.0025649674
1426383538091,a,-0.15322891,0.11492168,9.844957
1426383538093,r,-0.0036006868,-0.0034813005,-0.0025649674
1426383538122,r,-0.009709343,-0.012033412,0.0011002241
1426383538141,a,-0.19153613,0.11492168,9.844957
1426383538144,r,-0.0036006868,-0.0034813005,-0.0062301587
1426383538161,a,-0.15322891,0.11492168,9.883265
1426383538164,r,-0.0072658807,-0.004703032,-0.0025649674
1426383538181,a,-0.19153613,0.11492168,9.844957
1426383538186,r,-0.004822418,-0.016920337,-1.215064E-4
1426383538202,r,0.001286231,-0.020585528,-0.0037866978
1426383538222,a,-0.15322891,0.076614454,9.844957
1426383538225,r,-0.008487612,-0.014476875,-1.215064E-4
1426383538247,r,-0.0036006868,-0.014476875,0.0047654156
1426383538262,r,-0.01337453,-0.009589953,0.0011002241
1426383538283,a,-0.15322891,0.11492168,9.883265
1426383538292,r,6.4499676E-5,-0.015698606,-0.0050084284
1426383538305,a,-0.19153613,0.076614454,9.844957
1426383538309,r,0.001286231,-0.010811685,-0.0037866978
1426383538324,a,-0.19153613,0.11492168,9.844957
1426383538331,r,-0.008487612,-0.009589953,0.0035436852
1426383538342,a,-0.15322891,0.11492168,9.844957
1426383538355,r,0.0037296936,-0.004703032,0.0072088763
1426383538359,r,-0.004822418,-0.010811685,-0.0025649674
1426383538363,a,-0.15322891,0.11492168,9.883265
1426383538378,r,-0.009709343,-0.021807259,0.0035436852
1426383538392,a,-0.15322891,0.11492168,9.844957
1426383538395,r,-0.0011572242,-0.023028987,0.0023219546
1426383538412,r,-0.009709343,-0.004703032,-0.0025649674
1426383538431,a,-0.15322891,0.11492168,9.883265
1426383538435,r,-0.0060441494,-0.0010378398,0.0035436852
1426383538451,a,-0.19153613,0.11492168,9.844957
1426383538456,r,-0.004822418,0.0026273523,-1.215064E-4
1426383538476,a,-0.15322891,0.076614454,9.844957
1426383538479,r,-0.0072658807,-0.0010378398,-0.0050084284
1426383538492,a,-0.19153613,0.11492168,9.844957
1426383538502,r,0.001286231,-0.016920337,0.0035436852
1426383538514,a,-0.15322891,0.076614454,9.883265
1426383538522,r,-0.0036006868,-0.012033412,0.0035436852
1426383538531,a,-0.15322891,0.11492168,9.844957
1426383538546,r,-0.0036006868,-0.0059247613,-0.0050084284
1426383538562,r,-0.008487612,-0.0034813005,0.0035436852
1426383538582,r,-0.0060441494,-0.020585528,-0.0050084284
1426383538591,a,-0.15322891,0.11492168,9.883265
1426383538602,r,0.001286231,-0.0022595692,0.0011002241
1426383538611,a,-0.19153613,0.11492168,9.844957
1426383538626,r,6.4499676E-5,-0.004703032,0.0023219546
1426383538631,a,-0.15322891,0.076614454,9.844957
1426383538644,r,-0.0072658807,-0.012033412,-0.00989535
1426383538651,a,-0.15322891,0.11492168,9.998186
1426383538662,r,-0.009709343,0.21398674,0.005987146
1426383538676,a,-0.15322891,0.11492168,10.036493
1426383538685,r,-0.0036006868,0.1883304,0.0011002241
1426383538694,a,-0.19153613,0.076614454,9.768343
1426383538701,r,-0.0023789555,-0.016920337,0.0035436852
1426383538711,a,-0.15322891,0.11492168,9.921572
1426383538722,r,-0.0023789555,-0.02669418,0.0011002241
