513016742069273,g,0.0016311861,-4.660532E-4,3.3289514E-4
516787350418435,a,-0.038905777,-0.019752163,0.010324995
516787350724998,g,-0.0018122811,0.0023355922,0.001433047
516787351247758,a,-0.019303251,-0.045789108,0.08215105
516787351501352,g,3.1824774E-4,0.0012703278,0.001433047
516787392704008,a,0.04070143,-0.035763387,0.04623802
516787392973175,g,-7.470167E-4,0.0034008566,3.6778254E-4
516787393492862,a,0.01436521,-0.02124854,0.120458275
516787393743227,g,3.1824774E-4,2.050634E-4,-6.974819E-4
516787433793539,a,0.054917,0.012270284,0.12060791
516787434235623,g,0.0013835122,-0.0019254654,3.6778254E-4
516787434743487,a,-0.02184709,-0.004638766,0.06539164
516787434994998,g,-7.470167E-4,2.050634E-4,3.6778254E-4
516787476095414,a,-0.0020949265,-0.0688333,0.14694414
516787476387341,g,0.0013835122,2.050634E-4,3.6778254E-4
516787476891768,a,-0.0043394906,-0.05431845,0.036810853
516787477140414,g,0.0024487765,2.050634E-4,-6.974819E-4
516787543477862,a,0.0028431145,-0.027982233,0.14454992
516787543769477,g,0.0024487765,2.050634E-4,0.001433047
516787544348643,a,0.0073322426,-0.030376434,0.06075287
516787544597289,g,3.1824774E-4,0.0023355922,-0.0017627464
516787545098435,a,-0.009277532,-0.016011223,0.17567454
516787545350310,g,-7.470167E-4,0.0034008566,3.6778254E-4
516787597973227,a,0.0077811554,-0.05192425,0.058358666
516787598267445,g,0.0024487765,-0.0029907299,-6.974819E-4
516787598769529,a,-0.023792379,0.00808043,0.053570263
516787599018695,g,-0.0028775455,0.0023355922,-6.974819E-4
516787599642445,a,-0.002244564,-0.006135142,0.1038485
516787599892081,g,3.1824774E-4,2.050634E-4,3.6778254E-4
516787663575987,a,0.038307227,-0.03247136,0.11342531
516787668223383,g,0.0013835122,-0.0019254654,3.6778254E-4
516787669322237,a,-0.017657237,0.032022446,0.13257892
516787669749633,g,-7.470167E-4,0.0012703278,3.6778254E-4
516787670283591,a,0.05431845,-0.032770637,0.14694414
516787670541456,g,-0.0028775455,-8.60201E-4,-6.974819E-4
516787714296456,a,-0.01062427,-0.0038905777,0.07990648
516787714591716,g,-0.0028775455,0.0012703278,-0.0017627464
516787715095674,a,-0.057760116,-0.0055365916,0.113574944
516787715347654,g,-0.006073339,0.0076619145,3.6778254E-4
516787715844997,a,0.017657237,-0.01436521,0.13272856
516787716093122,g,-0.0018122811,0.0012703278,0.0024983115
516787755546560,a,0.009277532,-0.056563016,0.10175357
516787763344320,g,0.0024487765,2.050634E-4,3.6778254E-4
516787764085206,a,-0.019452889,-0.049081136,0.08020575
516787764359841,g,3.1824774E-4,-0.0019254654,0.001433047
516787796324060,a,-0.009576807,-0.0055365916,0.0827496
516787796619477,g,-0.0028775455,0.0012703278,3.6778254E-4
516787797117445,a,-0.025887307,-0.0053869537,0.07556699
516787797367810,g,-0.0071386034,0.0076619145,3.6778254E-4
516787856502029,a,7.48188E-4,0.009277532,0.07317279
516787856794477,g,3.1824774E-4,0.0023355922,-0.0017627464
516787857294945,a,0.027533319,-0.014814123,0.14260463
516787857545414,g,3.1824774E-4,-0.0019254654,0.0024983115
516787863853070,a,0.027383681,-0.007631518,0.0947206
516787864145779,g,3.1824774E-4,2.050634E-4,-0.0017627464
516787895266195,a,-0.008379706,-0.014814123,0.10908581
516787895558279,g,3.1824774E-4,0.0012703278,0.001433047
516787896064060,a,0.022894554,-0.031573534,0.070778586
516787896315831,g,3.1824774E-4,-8.60201E-4,-6.974819E-4
516787957642549,a,0.0134673845,-0.0073322426,0.0923264
516787957934997,g,0.0024487765,-0.0019254654,0.001433047
516787964009008,a,0.006584055,-0.004938041,0.09950901
516787969290883,g,-0.0018122811,0.0023355922,0.001433047
516787969323279,a,-0.019452889,-0.031124622,0.0827496
516787969350674,g,-7.470167E-4,0.0012703278,-6.974819E-4
516788012789789,a,0.009427169,-0.037858315,0.13557167
516788013081039,g,0.0013835122,0.0012703278,3.6778254E-4
516788013584164,a,0.014215573,-0.025887307,0.12838906
516788013834737,g,0.0013835122,-8.60201E-4,0.001433047
516788014330935,a,0.028580783,-0.0068833297,0.06120178
516788014578018,g,0.0013835122,-0.0019254654,3.6778254E-4
516788056072914,a,0.023642741,-0.03815759,0.0827496
516788056368591,g,-0.0018122811,-8.60201E-4,3.6778254E-4
516788056876612,a,-5.985504E-4,-0.008978256,0.087687634
516788057326976,g,3.1824774E-4,0.0012703278,3.6778254E-4
516788101523591,a,0.019003976,-0.020949265,0.085293435
516788101815310,g,0.0013835122,0.0012703278,0.0024983115
516788102392393,a,0.004638766,-0.001496376,0.06135142
516788102641351,g,-7.470167E-4,0.0012703278,0.0024983115
516788158408487,a,-0.019153614,-0.027682956,0.044592008
516788158703903,g,0.0013835122,-0.004055994,3.6778254E-4
516788159322133,a,0.019153614,-0.039504327,0.102052845
516788159575414,g,-0.0018122811,0.0023355922,0.001433047
516788160073643,a,-0.024091655,-0.020201078,0.042347442
516788160324893,g,0.0013835122,0.0012703278,0.0024983115
516788202196924,a,0.012120646,-0.056114104,0.07332243
516788202492133,g,0.0024487765,0.0023355922,-6.974819E-4
516788203068903,a,-0.011522096,-0.053420626,0.07826047
516788203316351,g,0.0024487765,0.0034008566,-6.974819E-4
516788236696299,a,-0.016011223,-0.032022446,0.10923545
516788236990049,g,3.1824774E-4,-8.60201E-4,3.6778254E-4
516788237491872,a,0.0058358666,-0.08245032,0.06135142
516788245117601,g,1.28897E-4,0.0012389026,0.0014261227
516788304039424,a,-0.013317747,-0.010175358,0.10699089
516788308591768,g,0.0011941615,1.736381E-4,3.6085834E-4
516788309350310,a,0.022146367,-0.03696049,0.13557167
516788309614893,g,-9.3636743E-4,0.0012389026,0.0014261227
516788310457081,a,0.0199018,0.0016460137,0.08304887
516788310721299,g,-0.0020016318,0.0012389026,-7.044061E-4
516788335433643,a,-0.011073183,-0.034267012,0.13572131
516788335730153,g,1.28897E-4,-0.0019568908,3.6085834E-4
516788336234320,a,0.002992752,-0.024839843,0.09980828
516788336485414,g,1.28897E-4,-0.0019568908,0.0014261227
516788376077289,a,0.002992752,-0.010175358,0.111779295
516788376376091,g,-9.3636743E-4,0.0012389026,3.6085834E-4
516788377147758,a,-0.001496376,-0.0052373162,0.10699089
516788377403070,g,0.0011941615,0.0012389026,0.0014261227
516788416921351,a,0.020051438,-0.034267012,0.097414084
516788417219008,g,-9.3636743E-4,0.0012389026,-7.044061E-4
516788423421403,a,-0.027682956,-0.005087679,0.14290391
516788423715362,g,2.9960563E-4,-4.660532E-4,-2.330266E-4
516788455362341,a,-0.008230069,-0.017058687,0.111779295
516788455657237,g,2.9960563E-4,-0.0015313176,-2.330266E-4
516788456161612,a,-0.005985504,-0.03875614,0.16205753
516788456409789,g,0.00136487,0.0016644757,8.322378E-4
516788495400674,a,0.01316811,-0.048482586,0.032770637
516788495695153,g,0.00136487,5.9921126E-4,8.322378E-4
516788496199580,a,0.005686229,-0.048482586,0.111779295
516788496451612,g,-7.656588E-4,-0.0015313176,-0.001298291
516788541043383,a,0.034267012,-0.07451953,0.063895255
516788541336247,g,2.9960563E-4,-4.660532E-4,-2.330266E-4
516788541915362,a,0.026934769,0.014514848,0.092775315
516788542163591,g,2.9960563E-4,-4.660532E-4,-0.001298291
516788577300101,a,-0.02633622,0.018854339,0.17881694
516788577595830,g,-7.656588E-4,0.0016644757,8.322378E-4
516788578096976,a,0.04563947,-0.03187281,0.114173494
516788582647237,g,-7.656588E-4,-0.002596582,-2.330266E-4
516788640840310,a,0.002244564,-0.026785132,0.035164837
516788641331924,g,-7.656588E-4,-4.660532E-4,-2.330266E-4
516788641841560,a,0.011222821,-0.019602526,0.14769232
516788642093695,g,-7.656588E-4,-0.002596582,0.0018975022
516788642593435,a,0.025288755,-0.024091655,0.061650693
516788642842810,g,0.00136487,-4.660532E-4,-0.001298291
516788697405674,a,-0.001496376,0.011821371,0.11192893
516788697700570,g,-0.0018309233,0.0016644757,-0.0023635554
516788698200518,a,0.012419921,-0.03875614,0.063895255
516788698449997,g,2.9960563E-4,-4.660532E-4,0.0018975022
516788698954789,a,-0.011372458,-0.021697452,0.047285482
516788699268643,g,2.9960563E-4,-4.660532E-4,0.0018975022
516788737094164,a,7.48188E-4,-0.019153614,0.15023616
516788737387341,g,-0.0018309233,-4.660532E-4,-0.001298291
516788737886091,a,0.0055365916,0.009576807,0.08559271
516788745691560,g,-0.0018309233,-0.0015313176,-0.001298291
516788779559424,a,0.015113398,-0.01436521,0.025737667
516788779856664,g,0.00136487,-0.002596582,-2.330266E-4
516788780359216,a,-0.010923545,-0.019153614,0.10474633
516788780607237,g,-0.0018309233,0.0016644757,0.0018975022
516788815779476,a,-0.0013467384,-0.019003976,0.061650693
516788816070466,g,0.00136487,0.0016644757,8.322378E-4
516788816575205,a,-0.029628245,-0.016460137,0.05686229
516788816828174,g,-0.0018309233,-4.660532E-4,8.322378E-4
516788862744841,a,-0.024839843,-0.04504092,0.14065935
516788863041507,g,0.00136487,5.9921126E-4,-0.0023635554
516788863620101,a,0.03247136,-0.0017956513,0.09053075
516788863871091,g,-0.0018309233,0.0016644757,-0.001298291
516788897770101,a,0.015711948,-0.018405426,0.104895964
516788898061455,g,-7.656588E-4,5.9921126E-4,0.0018975022
516788898564424,a,0.011073183,-0.01810615,0.124049574
516788903630101,g,0.0024301345,5.9921126E-4,-2.330266E-4
516788964621507,a,0.030226797,-0.0134673845,0.04504092
516788964918122,g,-0.0018309233,-4.660532E-4,-2.330266E-4
516788965494737,a,-0.00808043,-0.008379706,0.052223526
516788965745257,g,2.9960563E-4,-4.660532E-4,-2.330266E-4
516788966242601,a,-0.022445641,-0.03696049,0.18390462
516788966490101,g,-7.656588E-4,5.9921126E-4,-2.330266E-4
516788997766351,a,0.018555064,-0.029478608,0.09771336
516788998059841,g,0.00136487,-4.660532E-4,-2.330266E-4
516788998566091,a,0.006434417,-0.022296004,0.08574235
516788998814737,g,-0.0018309233,5.9921126E-4,-2.330266E-4
516789037348382,a,0.032920275,-0.02932897,0.066738375
516789037639059,g,2.9960563E-4,5.9921126E-4,-0.001298291
516789038140257,a,-0.0055365916,-0.043544542,0.11941081
516789043972757,g,-5.659217E-4,-0.00136487,0.0019307918
516789082904059,a,-0.022146367,-0.0073322426,0.100257196
516789083199632,g,-5.659217E-4,7.656588E-4,-1.9973709E-4
516789083777236,a,0.009576807,-0.031124622,0.052373163
516789084029164,g,-5.659217E-4,-2.9960563E-4,-1.9973709E-4
516789116604372,a,0.02124854,-0.023942016,0.085891984
516789116894320,g,0.0026298715,-0.0024301345,-0.0012650015
516789117579268,a,-0.005686229,-0.009726444,0.08828619
516789117829945,g,4.993427E-4,-0.00136487,-1.9973709E-4
516789157434372,a,0.001496376,-0.03606266,0.14335282
516789157731716,g,-5.659217E-4,7.656588E-4,-1.9973709E-4
516789158234893,a,-0.02498948,-0.02633622,0.09546879
516789158485778,g,4.993427E-4,-0.00136487,-0.002330266
516789201922184,a,0.008529344,-0.050278235,0.117016606
516789202219736,g,-0.0016311861,0.0018309233,-1.9973709E-4
516789202793747,a,-0.010773907,0.0025438394,0.047584757
516789203044632,g,4.993427E-4,-2.9960563E-4,-0.004460795
516789237476820,a,-0.0032920274,-0.004638766,0.06434417
516789242491195,g,-0.0016311861,-2.9960563E-4,8.6552737E-4
516789243211872,a,-0.017657237,-0.009427169,0.081103586
516789243884632,g,0.0015646071,7.656588E-4,-1.9973709E-4
516789277553955,a,-0.01062427,-0.021697452,0.05955577
516789277849684,g,-0.0016311861,7.656588E-4,-0.0012650015
516789278355466,a,-0.014963761,0.0025438394,0.07631518
516789278607757,g,4.993427E-4,-0.0024301345,-0.0012650015
516789320574788,a,-2.992752E-4,-0.06419453,0.06688801
516789320871611,g,-5.659217E-4,0.0018309233,8.6552737E-4
516789321448330,a,0.0067336923,-0.044741645,0.17223288
516789321699059,g,4.993427E-4,-0.00136487,-0.0012650015
516789356350778,a,0.0163105,-0.027832596,0.13392566
516789356647028,g,4.993427E-4,-0.00136487,-1.9973709E-4
516789357149945,a,0.025737667,8.9782564E-4,0.112377845
516789357403747,g,4.993427E-4,7.656588E-4,8.6552737E-4
516789398176038,a,0.013617022,-0.02813187,0.15068507
516789398471559,g,-5.659217E-4,-0.00136487,-1.9973709E-4
516789398977966,a,-0.008230069,-0.05192425,0.13392566
516789399344372,g,-0.0016311861,-0.00136487,8.6552737E-4
516789443244216,a,-0.0010474633,-0.039504327,0.08619126
516789443539684,g,0.0015646071,-0.00136487,0.0019307918
516789444117236,a,0.032172084,-0.03441665,0.07182605
516789444367653,g,0.0015646071,7.656588E-4,8.6552737E-4
516789477677184,a,0.01316811,-0.027234044,0.08619126
516789477970934,g,0.0015646071,0.0018309233,-1.9973709E-4
516789478471038,a,-0.032920275,-0.010773907,0.062249243
516789478726611,g,-5.659217E-4,0.0018309233,-1.9973709E-4
516789518324945,a,-0.032621,-0.027533319,0.1316811
516789518615726,g,-5.659217E-4,-2.9960563E-4,-1.9973709E-4
516789519231559,a,-0.017657237,-0.008230069,0.055066638
516789519482861,g,-5.659217E-4,7.656588E-4,-0.0012650015
516789563375465,a,0.006434417,0.049230773,0.06943185
516789568318747,g,0.0015646071,7.656588E-4,-1.9973709E-4
516789569021872,a,0.018555064,-0.015711948,0.07407062
516789569422028,g,0.0015646071,7.656588E-4,-0.0012650015
516789594113590,a,0.018405426,-0.032770637,0.12195465
516789594408747,g,0.0026298715,-2.9960563E-4,8.6552737E-4
516789594914528,a,0.0037409402,0.0031423897,0.07167641
516789595163590,g,0.0026298715,-0.0045606634,0.0019307918
516789637820205,a,-0.030376434,-0.009127894,0.10998364
516789638114788,g,0.0015646071,-2.9960563E-4,-0.0012650015
516789638616559,a,-0.0350152,-0.066738375,0.040551793
516789638868903,g,-0.010153302,0.013548832,8.6552737E-4
516789683767184,a,0.0026934769,-0.026934769,0.10295067
516789684063017,g,-5.659217E-4,0.0018309233,-1.9973709E-4
516789684639007,a,0.027234044,0.014215573,0.12449849
516789688466351,g,-0.0015978967,4.660532E-4,6.657903E-5
516789716383747,a,-0.018704701,-0.014814123,0.074220255
516789716678695,g,-0.0015978967,0.0015313176,-9.986854E-4
516789717180622,a,-0.04938041,-0.019452889,0.11492168
516789717433070,g,-5.326322E-4,-5.9921126E-4,0.0011318434
516789757922340,a,0.022595279,-0.050427873,0.05267244
516789760319892,g,5.326322E-4,-5.9921126E-4,0.0011318434
516789761009320,a,8.9782564E-4,-0.033518825,0.031124622
516789761264163,g,-5.326322E-4,4.660532E-4,-9.986854E-4
516789805451663,a,-0.0134673845,-0.06194997,0.0935235
516789805747757,g,5.326322E-4,0.0015313176,-9.986854E-4
516789806324892,a,-0.0032920274,-0.027982233,0.11746552
516789806575726,g,5.326322E-4,-0.0016644757,6.657903E-5
516789852955934,a,0.046537295,-0.004040215,0.10788871
516789853268330,g,5.326322E-4,-0.00272974,-0.0031292143
516789853813486,a,0.007631518,0.020051438,0.033668462
516789854074997,g,0.0026631611,-0.00272974,6.657903E-5
516789854584632,a,-0.042945992,-0.042197805,0.09831191
516789858839892,g,-5.326322E-4,-0.0037950044,6.657903E-5
516789891987288,a,0.011971008,-0.018255789,0.06718729
516789892300569,g,-5.326322E-4,0.0036618465,6.657903E-5
516789892839997,a,-0.0070329676,-0.010923545,0.07212532
516789893099736,g,0.0026631611,-0.008056062,0.0011318434
516789943635049,a,-0.021398177,-0.03232172,0.175076
516789943929736,g,5.326322E-4,0.002596582,-9.986854E-4
516789944504840,a,-0.050278235,-0.070778586,0.09367314
516789944758330,g,5.326322E-4,-0.0016644757,6.657903E-5
516789978171299,a,0.007631518,-0.00808043,0.06254852
516789978465205,g,0.0015978967,-0.00272974,0.0011318434
516789978975517,a,-0.016759412,-0.037110128,0.02184709
516789979355622,g,5.326322E-4,4.660532E-4,0.0011318434
516790018106924,a,-0.009277532,-0.029628245,0.098461546
516790018403799,g,-5.326322E-4,-5.9921126E-4,6.657903E-5
516790018907028,a,-0.021547815,0.022744916,0.08888474
516790019230830,g,0.0015978967,-0.0016644757,6.657903E-5
516790063728017,a,0.019003976,-0.037259765,0.06254852
516790064025153,g,5.326322E-4,-5.9921126E-4,6.657903E-5
516790064605465,a,0.018555064,0.017657237,0.067336924
516790064855726,g,5.326322E-4,-0.0016644757,6.657903E-5
516790098151403,a,0.010923545,-0.030526072,0.12943652
516790098445205,g,5.326322E-4,-0.0016644757,6.657903E-5
516790098948226,a,-0.008678981,-0.025737667,0.071975686
516790099327444,g,-5.326322E-4,-0.0016644757,-9.986854E-4
516790138220257,a,0.017657237,-0.054168813,0.12000936
516790138513955,g,5.326322E-4,-5.9921126E-4,6.657903E-5
516790139018694,a,-0.009277532,-0.025288755,0.11522096
516790139334319,g,0.0015978967,-5.9921126E-4,-9.986854E-4
516790183714215,a,-0.002244564,-0.013317747,0.07930793
516790184008278,g,5.326322E-4,-0.00272974,-9.986854E-4
516790184586819,a,-0.0028431145,0.010324995,0.14873978
516790189808799,g,5.326322E-4,-0.0016644757,0.0011318434
516790214692080,a,0.0016460137,-0.040252518,0.07930793
516790214988278,g,-5.326322E-4,-5.9921126E-4,6.657903E-5
516790215489632,a,-0.034566287,-0.006584055,0.09367314
516790215738069,g,-0.0037284256,0.0015313176,6.657903E-5
516790258245621,a,-0.02932897,-0.0013467384,0.10803835
516790258867184,g,5.326322E-4,-0.0016644757,0.0011318434
516790259521299,a,-0.031573534,0.015263036,0.15592238
516790259774944,g,-0.0015978967,4.660532E-4,-9.986854E-4
516790303912288,a,0.05701193,0.019752163,0.12958616
516790304205621,g,-0.0015978967,-5.9921126E-4,-9.986854E-4
516790304790049,a,-0.008230069,-0.018854339,0.103249945
516790305043903,g,5.326322E-4,4.660532E-4,6.657903E-5
516790338387809,a,-0.034715924,-0.026186582,0.055365913
516790344255361,g,-6.9907977E-4,-7.323693E-4,-8.6552737E-4
516790344984267,a,-0.0062847794,-0.0073322426,0.15577275
516790345240882,g,-6.9907977E-4,0.0013981595,1.9973709E-4
516790378176507,a,-0.0062847794,-0.017208325,0.124648124
516790378471819,g,3.6618466E-4,-0.0039281626,-8.6552737E-4
516790378976559,a,0.024241293,-0.012868834,0.0911293
516790379361455,g,-6.9907977E-4,-0.0017976337,1.9973709E-4
516790421774528,a,0.011522096,-0.04683657,0.11252748
516790422230309,g,-6.9907977E-4,-7.323693E-4,1.9973709E-4
516790422811455,a,0.011671733,0.0035913025,0.119859725
516790423070153,g,3.6618466E-4,0.0013981595,0.0012650015
516790458495361,a,-0.0053869537,0.012868834,0.095768064
516790458789423,g,3.6618466E-4,3.3289514E-4,-8.6552737E-4
516790459422288,a,0.011222821,-0.013766659,0.09816227
516790459674423,g,0.0014314491,3.3289514E-4,1.9973709E-4
516790493387601,a,0.032770637,-0.02813187,0.076614454
516790493682340,g,3.6618466E-4,-7.323693E-4,-8.6552737E-4
516790494188955,a,0.01616086,-0.027832596,0.04309563
516790816065882,g,0.0014314491,-7.323693E-4,-0.0019307918
516790543912496,a,-0.017357962,-0.02064999,0.059855044
516790544205830,g,0.0014314491,0.0024634239,1.9973709E-4
516790544787600,a,0.016609775,-0.013317747,0.08379706
516790545040257,g,0.0014314491,0.0024634239,0.0012650015
516790577352548,a,0.004638766,-0.022894554,0.06464344
516790577651298,g,0.0024967135,3.3289514E-4,1.9973709E-4
516790578151559,a,-0.0047884034,0.0058358666,0.1436521
516790578405778,g,0.0014314491,-0.0017976337,-0.002996056
516790612554319,a,0.019153614,-0.03247136,0.12449849
516790612864632,g,0.0014314491,3.3289514E-4,-0.0019307918
516790613402392,a,0.0073322426,-0.0013467384,0.11492168
516790613658173,g,3.6618466E-4,3.3289514E-4,1.9973709E-4
516790654787028,a,0.024091655,0.015113398,0.11252748
516790654821038,g,-6.9907977E-4,0.0024634239,-8.6552737E-4
516790655322236,a,1.496376E-4,-0.042646717,0.15083471
516790655585934,g,-0.0017643442,0.0013981595,1.9973709E-4
516790692608903,a,-0.011372458,-0.023343466,-0.0023942017
516790692919684,g,-0.0017643442,-0.0017976337,1.9973709E-4
516790693460205,a,-0.011222821,-0.06359598,0.06464344
516790693722288,g,-6.9907977E-4,3.3289514E-4,-8.6552737E-4
516790733400413,a,-0.04444237,-0.02932897,0.16774376
516790733444736,g,3.6618466E-4,3.3289514E-4,0.002330266
516790733472600,a,0.049230773,-0.05327099,0.09831191
516790734924944,g,0.0024967135,-7.323693E-4,-8.6552737E-4
516790782138225,a,-0.008379706,-0.022146367,0.105494514
516790782174892,g,3.6618466E-4,-0.0028628982,0.0012650015
516790782195361,a,0.0013467384,-0.012569559,0.021697452
516790782212965,g,-6.9907977E-4,0.0013981595,-8.6552737E-4
516790813997913,a,-0.022595279,-0.005087679,0.15098435
516790814041611,g,3.6618466E-4,0.0035286883,0.0012650015
516790814069684,a,0.047584757,-0.026785132,0.124648124
516790816065882,g,0.0014314491,-7.323693E-4,-0.0019307918
516790853649267,a,-0.0073322426,-0.02439093,0.01690905
516790853695309,g,-6.9907977E-4,3.3289514E-4,1.9973709E-4
516790853724736,a,0.01436521,0.007182605,0.122253925
516790853751715,g,3.6618466E-4,3.3289514E-4,-8.6552737E-4
516790895692913,a,0.042796355,0.002244564,0.07676409
516790895736142,g,3.6618466E-4,0.0024634239,0.0012650015
516790895764319,a,-0.010025719,-0.04818331,0.052822076
516790895791455,g,3.6618466E-4,-7.323693E-4,-8.6552737E-4
516790932869684,a,0.0073322426,-0.023642741,0.021697452
516790933201767,g,-6.9907977E-4,0.0013981595,1.9973709E-4
516790933751819,a,0.0026934769,-0.016460137,0.05761048
516790934014788,g,0.0014314491,-7.323693E-4,0.0012650015
516790972919996,a,0.010025719,-0.040252518,0.09591771
516790975032392,g,-9.986854E-4,0.001098554,-0.0017310547
516790975060777,a,0.007631518,-0.011522096,0.043394905
516790975079319,g,6.657903E-5,-0.0020972393,-6.657903E-4
516791014822913,a,0.029179333,-0.011671733,0.13901334
516791015149163,g,-0.0020639498,-0.0010319749,0.0014647386
516791015711923,a,-0.009127894,0.0028431145,0.07676409
516791015974007,g,6.657903E-5,3.3289514E-5,3.9947417E-4
516791058526402,a,0.014963761,-0.03067571,0.043245267
516791058821767,g,0.002197108,0.001098554,-6.657903E-4
516791059452132,a,0.014963761,-0.040252518,0.105494514
516791059700569,g,-9.986854E-4,0.001098554,3.9947417E-4
516791097701559,a,-0.004189853,0.017357962,0.084096335
516791097996559,g,-0.0020639498,0.001098554,0.0014647386
516791098502132,a,-0.004489128,-0.01616086,0.12000936
516791098751975,g,-0.0020639498,-0.0020972393,0.002530003
516791139644475,a,-0.009576807,-0.018555064,0.1702876
516791139938277,g,6.657903E-5,0.001098554,3.9947417E-4
516791140517340,a,-0.021547815,-0.035164837,0.07930793
516791145073590,g,-9.986854E-4,-0.0010319749,-6.657903E-4
516791179077757,a,-0.0028431145,-0.0013467384,0.08888474
516791179493069,g,-9.986854E-4,-0.0031625037,-6.657903E-4
516791179996090,a,-0.012569559,-0.008678981,0.12000936
516791180248329,g,0.0011318434,0.0032290828,3.9947417E-4
516791217775673,a,0.045489833,-0.020500353,0.043394905
516791218071298,g,6.657903E-5,-0.0010319749,0.0035952674
516791218575725,a,0.040102877,0.00808043,0.0362123
516791218824788,g,6.657903E-5,-0.0010319749,3.9947417E-4
516791263395673,a,0.0037409402,-0.010923545,0.057760116
516791265776298,g,-0.005259743,0.0053596115,-6.657903E-4
516791266476402,a,0.006135142,-0.017956512,0.14410101
516791266729267,g,6.657903E-5,3.3289514E-5,3.9947417E-4
516791299264944,a,0.015412673,-0.037110128,0.10818799
516791299561767,g,6.657903E-5,-0.0020972393,3.9947417E-4
516791300061663,a,0.0035913025,-0.039055414,0.120159
516791300313694,g,-0.0020639498,-0.0010319749,3.9947417E-4
516791339264111,a,0.013018472,-0.026785132,0.112976395
516791339555673,g,-0.0020639498,3.3289514E-5,3.9947417E-4
516791340068017,a,0.02932897,-0.038606502,0.12270284
516791340320569,g,0.0032623722,-0.0031625037,3.9947417E-4
516791383716402,a,-0.004489128,-0.009726444,0.110731825
516791384010204,g,0.002197108,3.3289514E-5,-6.657903E-4
516791384588173,a,0.031124622,-0.014814123,0.019752163
516791384839111,g,-9.986854E-4,3.3289514E-5,-6.657903E-4
516791418142288,a,0.002244564,0.014065935,0.012569559
516791418433850,g,0.0011318434,0.004294347,3.9947417E-4
516791418939215,a,0.0338181,-0.012419921,0.11312603
516791419320465,g,-9.986854E-4,3.3289514E-5,3.9947417E-4
516791459355517,a,0.052822076,-0.041150343,0.08678981
516791459649944,g,0.0011318434,-0.0020972393,-0.0017310547
516791460157183,a,-0.033967737,-0.0026934769,0.11312603
516791464972079,g,-0.0020639498,-0.0010319749,0.002530003
516791502332756,a,-0.004938041,-0.005087679,5.985504E-4
516791502626663,g,6.657903E-5,0.001098554,0.002530003
516791503205517,a,-0.045938745,-0.005087679,0.13706805
516791503456923,g,0.0011318434,3.3289514E-5,-6.657903E-4
516791539432756,a,-0.016609775,-0.03172317,0.0700304
516791539728121,g,-0.0031292143,3.3289514E-5,-6.657903E-4
516791540231402,a,-0.0067336923,-1.496376E-4,0.08678981
516791540481350,g,0.0011318434,0.001098554,-0.0017310547
516791578145517,a,0.026785132,0.0020949265,0.05327099
516791578439788,g,6.657903E-5,-0.0010319749,3.9947417E-4
516791578951611,a,0.017058687,0.026036944,0.11791443
516791579310256,g,-0.0020639498,3.3289514E-5,3.9947417E-4
516791623701194,a,-0.009127894,0.0068833297,0.08439561
516791625988486,g,-0.0015646071,9.986854E-5,-0.0019973707
516791626746767,a,0.01690905,-0.0026934769,0.15143326
516791627001402,g,5.659217E-4,0.001165133,0.0011984225
516791659569058,a,0.005087679,-0.0026934769,0.108337626
516791659864631,g,0.0016311861,0.001165133,0.0011984225
516791660369006,a,0.012270284,-0.0077811554,0.14410101
516791660620725,g,-0.0026298715,0.0022303974,0.0011984225
516791699527444,a,-0.011671733,-0.014814123,0.08200141
516791699821610,g,5.659217E-4,-9.653959E-4,1.3315806E-4
516791700325881,a,-0.013766659,-0.0026934769,0.077213004
516791700577027,g,0.0026964506,-9.653959E-4,-0.0019973707
516791755173954,a,-0.013916298,-0.024540568,0.15128362
516791755474110,g,0.0016311861,0.001165133,1.3315806E-4
516791756051610,a,0.038606502,-0.036661215,0.062698156
516791758400204,g,0.0016311861,0.001165133,1.3315806E-4
516791779479215,a,0.004938041,-0.015113398,0.13452421
516791779775100,g,5.659217E-4,-0.006291718,0.0022636869
516791780278954,a,-0.004489128,-0.007930793,0.06748656
516791785226454,g,-4.993427E-4,0.001165133,0.0011984225
516791816970204,a,-0.042796355,0.006584055,0.10339958
516791817263485,g,-4.993427E-4,-0.0030959249,-9.321064E-4
516791817767183,a,0.017806875,-0.026934769,0.08424597
516791818481454,g,-0.0015646071,0.001165133,0.0011984225
516791866874319,a,0.029628245,-0.039055414,0.07706337
516791867169996,g,0.0016311861,-9.653959E-4,-0.0030626352
516791867747079,a,0.029179333,-0.0175076,0.10339958
516791867997548,g,0.0026964506,-9.653959E-4,1.3315806E-4
516791899676923,a,-0.023343466,-0.041449618,0.05312135
516791899972027,g,-4.993427E-4,-0.0030959249,-0.0019973707
516791900484944,a,0.017357962,0.004189853,0.13931261
516791900735881,g,5.659217E-4,-9.653959E-4,0.0011984225
516791938612860,a,-0.033069912,-0.050876785,0.057909753
516791938907496,g,5.659217E-4,9.986854E-5,-9.321064E-4
516791939480204,a,0.005087679,-0.024540568,0.16564883
516791939731037,g,-0.0015646071,0.001165133,0.0011984225
516791985200673,a,0.05312135,-0.04369418,0.11776479
516791985494944,g,-0.0015646071,0.0022303974,1.3315806E-4
516791986071871,a,-0.028431145,-0.043394905,0.05566519
516791986322340,g,0.0016311861,0.0022303974,-9.321064E-4
516792019637287,a,0.012569559,-0.0073322426,0.108337626
516792019932340,g,-4.993427E-4,9.986854E-5,1.3315806E-4
516792020437340,a,-0.01616086,-0.031573534,0.089184016
516792020688225,g,5.659217E-4,9.986854E-5,1.3315806E-4
516792059844683,a,-0.032770637,-0.0025438394,0.13946225
516792060140517,g,-4.993427E-4,-9.653959E-4,-0.0019973707
516792060643277,a,0.012868834,-0.045789108,0.017357962
516792060895100,g,5.659217E-4,9.986854E-5,-9.321064E-4
516792105204527,a,0.0010474633,-0.040851068,0.09636662
516792105498381,g,-0.0015646071,9.986854E-5,-9.321064E-4
516792106075829,a,0.006434417,0.009876082,0.12509704
516792111108121,g,-0.0015646071,0.0043609263,-9.321064E-4
516792137573069,a,-0.036361936,-0.033369187,0.12509704
516792137870152,g,-4.993427E-4,-9.653959E-4,1.3315806E-4
516792138378954,a,0.0067336923,-0.033369187,0.060453594
516792138631246,g,0.0016311861,0.0022303974,-9.321064E-4
516792179692808,a,0.028431145,0.004938041,0.11552023
516792179987912,g,0.0016311861,-9.653959E-4,-9.321064E-4
516792180490308,a,0.018854339,0.0070329676,0.07466917
516792180743433,g,5.659217E-4,9.986854E-5,-9.321064E-4
516792225142444,a,0.023343466,-0.02439093,0.07227496
516792225438694,g,-4.993427E-4,0.001165133,-0.0019973707
516792226026662,a,-0.02184709,-0.026485857,0.09861118
516792226277964,g,-4.993427E-4,9.986854E-5,1.3315806E-4
516792259464319,a,-0.007182605,-0.011971008,0.036511578
516792267065621,g,-6.9907977E-4,0.0020639498,-6.657903E-4
516792267793381,a,0.0023942017,-0.033518825,0.09636662
516792268046871,g,3.6618466E-4,9.986854E-4,3.9947417E-4
516792300038433,a,-0.002244564,0.0025438394,0.12270284
516792300334214,g,0.0014314491,-6.657903E-5,3.9947417E-4
516792300838277,a,0.009576807,-0.01690905,0.1225532
516792301096141,g,0.0014314491,9.986854E-4,3.9947417E-4
516792343852444,a,0.024091655,0.0019452889,0.09382278
516792344145933,g,-6.9907977E-4,-0.0011318434,0.0014647386
516792344723954,a,0.023493104,-0.036661215,0.019602526
516792344973641,g,-6.9907977E-4,9.986854E-4,3.9947417E-4
516792379653902,a,0.025887307,-0.0074818805,0.13452421
516792379949110,g,-0.0017643442,0.0031292143,0.002530003
516792380451610,a,-0.019452889,-0.0025438394,0.065242
516792380703694,g,3.6618466E-4,9.986854E-4,0.0014647386
516792420098694,a,0.007182605,-0.0074818805,0.08903438
516792420395464,g,-6.9907977E-4,-6.657903E-5,-0.0017310547
516792420897860,a,0.019003976,-0.019452889,0.07466917
516792425872860,g,3.6618466E-4,-0.002197108,-0.002796319
516792463751089,a,0.026186582,0.004489128,0.04833295
516792464046194,g,-0.0017643442,0.0020639498,-6.657903E-4
516792464626662,a,0.016759412,-0.009726444,0.1297358
516792464878850,g,-0.0049601374,0.005259743,0.0035952674
516792521966923,a,-0.05925649,-0.018854339,0.065242
516792522264162,g,3.6618466E-4,-0.002197108,-6.657903E-4
516792522766298,a,-0.010324995,-0.0013467384,0.074818805
516792523016975,g,3.6618466E-4,0.0020639498,-6.657903E-4
516792523520048,a,-0.010175358,-0.018255789,0.089184016
516792523768121,g,-6.9907977E-4,-6.657903E-5,0.0014647386
516792565802548,a,0.011522096,0.01316811,0.11791443
516792566095725,g,3.6618466E-4,-0.0011318434,3.9947417E-4
516792566670360,a,-0.0025438394,-0.0058358666,0.038905777
516792566924318,g,3.6618466E-4,-6.657903E-5,-0.0017310547
516792600233693,a,-0.009726444,0.010923545,0.0700304
516792600529631,g,-6.9907977E-4,-6.657903E-5,3.9947417E-4
516792601028850,a,0.0047884034,0.005985504,0.091578215
516792601278329,g,3.6618466E-4,-6.657903E-5,0.0014647386
516792639640621,a,-0.011971008,0.0032920274,0.08439561
516792639937027,g,-0.0017643442,9.986854E-4,3.9947417E-4
516792640439996,a,0.031423897,-0.051475335,0.091578215
516792640693016,g,3.6618466E-4,-0.002197108,0.0014647386
516792685844996,a,0.05551555,0.020350715,0.0796072
516792686138798,g,0.0110188285,-0.011784487,-0.0049268478
516792686714423,a,0.027234044,-0.04833295,0.09382278
516792686965204,g,0.0024967135,-0.002197108,-6.657903E-4
516792739872860,a,0.021697452,0.07092822,0.15128362
516792740170308,g,3.6618466E-4,-0.0011318434,3.9947417E-4
516792740672808,a,0.04504092,-0.030376434,0.052971713
516792740922808,g,-0.003894873,0.0063250074,3.9947417E-4
516792741422131,a,0.040102877,0.015263036,0.052971713
516793057175464,g,-0.0017976337,0.0037950044,-0.0010652645
516792780051298,a,0.025288755,0.027084406,0.055365913
516792786007183,g,-6.9907977E-4,0.0020639498,0.0014647386
516792786749683,a,0.0016460137,-0.008529344,0.06015432
516792787004527,g,-0.0049601374,0.008455536,0.004660532
516792838065829,a,-0.0047884034,-0.022445641,0.08903438
516792838361506,g,-6.9907977E-4,0.0041944785,0.0035952674
516792838867391,a,-0.01316811,-0.017058687,0.08185177
516792839187652,g,0.0014314491,-6.657903E-5,3.9947417E-4
516792839688537,a,0.006434417,-0.024091655,0.05551555
516792839940048,g,0.0014314491,9.986854E-4,-6.657903E-4
516792886782131,a,0.025737667,0.021098902,0.15607202
516792887076610,g,-6.9907977E-4,-6.657903E-5,-6.657903E-4
516792887653850,a,0.032770637,0.001496376,0.12958616
516792893559839,g,3.3289514E-4,-4.660532E-4,0.0
516792918704370,a,-0.013018472,-0.04683657,0.08888474
516792918998016,g,0.0024634239,-0.0036618465,-0.0010652645
516792920770308,a,1.1355999,1.422904,4.139874
516792921302027,g,0.036551885,0.05279717,-0.013848438
516792960078172,a,-0.13961188,-0.0947206,-0.04249708
516792960373902,g,0.08342352,-0.07929562,0.0
516792960883329,a,-0.122852474,0.018854339,-0.1937807
516792961135672,g,0.07383614,-0.10592723,-0.020240024
516793023921714,a,0.027682956,0.1806126,0.11207857
516793023948589,g,0.031225564,-0.06970824,0.080960095
516793023967131,a,-0.09591771,-0.09053075,-0.10534488
516793023984214,g,-0.03695136,0.04853611,0.0031957934
516793024000933,a,-0.017956512,-0.06000468,0.04623802
516793024018172,g,-0.0017976337,0.0037950044,0.0010652645
516793055432964,a,-0.030526072,-0.055216275,0.09891046
516793055456922,g,0.0013981595,-0.0015313176,0.0010652645
516793055475464,a,-0.025438393,-0.040402155,0.09427169
516793057175464,g,-0.0017976337,0.0037950044,-0.0010652645
516793095444475,a,-0.010773907,-0.011671733,0.015263036
516793095738329,g,3.3289514E-4,0.00272974,-0.002130529
516793097567027,a,0.02498948,-0.016460137,0.20201077
516793097824995,g,3.3289514E-4,5.9921126E-4,-0.0010652645
516793137244891,a,0.03441665,-0.047734395,0.053570263
516793137523850,g,3.3289514E-4,-0.0015313176,0.0
516793138053120,a,-0.018555064,-0.018854339,0.1062427
516793138307339,g,-7.323693E-4,-4.660532E-4,0.0
516793180690152,a,0.033967737,-0.030974984,0.13018471
516793180989058,g,0.0013981595,-0.0015313176,-0.0010652645
516793181499162,a,-0.007182605,-0.01436521,0.13257892
516793181750829,g,3.3289514E-4,-0.0036618465,0.0010652645
516793246305777,a,0.023642741,-0.042945992,0.15891513
516793246599787,g,3.3289514E-4,-4.660532E-4,0.0010652645
516793247177912,a,0.004189853,-0.057311203,0.099060096
516793247432808,g,-7.323693E-4,-4.660532E-4,0.0
516793247932547,a,-7.48188E-4,-0.013916298,0.07511808
516793250291454,g,-7.323693E-4,-4.660532E-4,0.0
516793302605516,a,-0.022595279,4.4891282E-4,0.082300685
516793302896662,g,0.0013981595,-4.660532E-4,0.0010652645
516793303403016,a,0.032770637,-0.018854339,0.13497312
516793303659943,g,3.3289514E-4,-0.0015313176,0.0
516793304155308,a,0.0062847794,-0.0068833297,0.07032967
516793304406922,g,0.0013981595,0.0016644757,0.002130529
516793368210516,a,0.008379706,-0.055066638,0.043993454
516793368506089,g,-7.323693E-4,-4.660532E-4,0.0
516793369222131,a,0.025288755,-0.025887307,0.046387658
516793369480985,g,-7.323693E-4,5.9921126E-4,0.0
516793369984266,a,-0.029777884,-0.042347442,0.08963293
516793370234006,g,3.3289514E-4,-0.0015313176,0.0
516793422697651,a,-7.48188E-4,-0.059106853,0.080056116
516793427553016,g,3.3289514E-4,-4.660532E-4,0.0
516793428266766,a,-0.010324995,-0.053869538,0.14230536
516793428533433,g,3.3289514E-4,0.0016644757,0.0
516793429046610,a,-0.007631518,-0.043993454,0.080056116
516793429437808,g,-7.323693E-4,-0.0036618465,0.0010652645
516793488308641,a,0.006584055,-0.05805939,0.029927522
516793488605829,g,-7.323693E-4,5.9921126E-4,-0.0010652645
516793489309422,a,-0.010324995,0.007182605,0.07062895
516793489562651,g,-0.0017976337,-0.0015313176,0.0
516793490061037,a,0.009127894,1.496376E-4,0.10414778
516793490314370,g,3.3289514E-4,-4.660532E-4,0.0010652645
516793539974787,a,-0.026934769,0.002244564,0.08499416
516793540271245,g,-7.323693E-4,0.0016644757,0.0010652645
516793540774943,a,0.023942016,-0.043245267,0.09935937
516793541041922,g,-0.0017976337,-0.002596582,-0.002130529
516793541544266,a,-0.019452889,-0.033369187,0.11866262
516793541791401,g,3.3289514E-4,-4.660532E-4,0.0010652645
516793608387912,a,-0.02184709,-0.03561375,0.015711948
516793608679683,g,3.3289514E-4,5.9921126E-4,0.0010652645
516793609379839,a,4.4891282E-4,-0.02813187,0.0827496
516793609628068,g,3.3289514E-4,0.0016644757,0.0010652645
516793610127547,a,-0.04249708,-0.035164837,0.11626842
516793610375620,g,-7.323693E-4,0.00272974,-0.0010652645
516793662888797,a,-0.039653964,-0.027832596,0.13302784
516793663186506,g,-7.323693E-4,0.0037950044,0.0
516793663689891,a,0.018405426,-0.03007716,0.106691614
516793663942703,g,3.3289514E-4,5.9921126E-4,0.002130529
516793664438328,a,-0.0034416649,0.0031423897,0.12823942
516793664687235,g,3.3289514E-4,0.0016644757,-0.0010652645
516793728484370,a,-0.0104746325,-0.032770637,0.16654666
516793728776401,g,0.0013981595,0.0016644757,0.002130529
516793729487495,a,0.008529344,-0.05686229,0.05641338
516793734532860,g,-7.323693E-4,5.9921126E-4,-0.0010652645
516793735101558,a,-0.03696049,-0.030226797,0.0899322
516793735362756,g,-7.323693E-4,5.9921126E-4,-0.0010652645
516793782981662,a,-0.024690205,-0.017956512,0.01810615
516793790628745,g,2.6232135E-4,-4.780374E-4,-0.0010713896
516793791349995,a,0.0043394906,-0.0058358666,0.11387422
516793791604318,g,-0.0018682075,0.002717756,-0.0010713896
516793792181766,a,-4.4891282E-4,-0.0034416649,0.13781624
516793792434006,g,0.0023928501,5.87227E-4,0.0010591391
516793846741870,a,-0.014814123,-0.037409402,0.16415246
516793847034266,g,0.0013275858,-4.780374E-4,-0.0032019184
516793847622443,a,-0.005087679,-0.061501056,0.11133038
516793847869630,g,-0.0018682075,-0.0015433019,-6.1252704E-6
516793848369891,a,-0.0077811554,-0.034865562,0.09711481
516793848618068,g,0.0013275858,5.87227E-4,-0.0010713896
516793904744526,a,-0.0077811554,-0.044292733,0.07796119
516793905040099,g,-0.002933472,0.0016524914,-0.0010713896
516793905542235,a,0.01616086,0.006135142,0.15457565
516793905794005,g,2.6232135E-4,-0.0026085663,0.0010591391
516793906289735,a,-0.015113398,-0.04189853,0.04444237
516793906536974,g,2.6232135E-4,-4.780374E-4,-6.1252704E-6
516793968701089,a,-0.0055365916,-0.03696049,0.10190321
516793968997599,g,0.0013275858,-0.0015433019,-0.0010713896
516793969715620,a,0.0038905777,-0.015562311,0.0899322
516793969965724,g,2.6232135E-4,0.0016524914,0.0010591391
516793970464735,a,-5.985504E-4,-0.01062427,0.121056825
516793970712339,g,-0.0018682075,-0.0015433019,-6.1252704E-6
516794021333224,a,0.008678981,0.004040215,0.14036007
516794021626818,g,-8.029431E-4,0.0048482846,-6.1252704E-6
516794022132287,a,0.022744916,0.0013467384,0.06599019
516794022383901,g,2.6232135E-4,-4.780374E-4,-0.0010713896
516794022885568,a,-0.042347442,-0.046686932,0.022894554
516794027746089,g,2.6232135E-4,-0.0015433019,0.0010591391
516794062475724,a,0.05117606,-0.04623802,0.087687634
516794062772651,g,-8.029431E-4,-0.0015433019,-6.1252704E-6
516794067979422,a,-0.0043394906,-0.036511578,0.0134673845
516794068269422,g,0.0023928501,-4.780374E-4,0.0010591391
516794101429370,a,-0.009427169,-0.0104746325,0.12120646
516794101721922,g,-0.0018682075,5.87227E-4,-6.1252704E-6
516794102224474,a,-0.026036944,-0.022296004,0.07811083
516794102476610,g,0.0013275858,-4.780374E-4,-0.0010713896
516794139265203,a,0.01690905,-0.036810853,0.085293435
516794139559057,g,0.0013275858,5.87227E-4,0.0010591391
516794140072391,a,-0.0016460137,-0.024540568,-8.9782564E-4
516794140324578,g,0.0013275858,-4.780374E-4,0.0010591391
516794187077964,a,-0.011372458,-0.06284779,0.099658646
516794187385880,g,0.0013275858,-4.780374E-4,0.0021244036
516794193704057,a,0.008230069,-0.040851068,0.085293435
516794193998172,g,-8.9881686E-4,-8.6552737E-4,-0.0011318434
516794241190776,a,0.015113398,0.0,0.114173494
516794241487703,g,1.6644757E-4,1.9973709E-4,-0.002197108
516794241989943,a,-0.03995324,-0.0073322426,0.14993688
516794242241089,g,1.6644757E-4,-8.6552737E-4,-0.0011318434
516794242738589,a,0.0053869537,-0.06748656,0.04938041
516794245087182,g,-8.9881686E-4,0.0012650015,-6.657903E-5
516794308965255,a,8.9782564E-4,-0.04309563,0.09501988
516794309386505,g,-8.9881686E-4,-8.6552737E-4,-0.0011318434
516794309964266,a,-0.020500353,-0.047584757,0.1285387
516794310213745,g,-8.9881686E-4,-0.0019307918,-0.0011318434
516794310712859,a,0.00808043,-0.037708677,0.14769232
516794310959109,g,-8.9881686E-4,1.9973709E-4,9.986854E-4
516794363545932,a,-0.016011223,-0.025438393,0.1189619
516794363839318,g,-8.9881686E-4,-0.0019307918,9.986854E-4
516794364345255,a,-0.02813187,-0.008230069,0.107140526
516794369312495,g,-8.9881686E-4,-0.0019307918,-6.657903E-5
516794370037703,a,-0.0068833297,0.008678981,0.05686229
516794370300984,g,-0.0019640813,-8.6552737E-4,-6.657903E-5
516794429197130,a,0.012270284,-0.022296004,0.11432313
516794429491089,g,0.0012317119,1.9973709E-4,-6.657903E-5
516794430069943,a,4.4891282E-4,-0.014963761,0.11911154
516794430318641,g,1.6644757E-4,1.9973709E-4,-6.657903E-5
516794430817703,a,0.033967737,-0.03187281,0.08559271
516794431065568,g,-8.9881686E-4,1.9973709E-4,-6.657903E-5
516794483645724,a,-0.005087679,-0.04623802,0.0688333
516794483939109,g,1.6644757E-4,-8.6552737E-4,-0.002197108
516794484449057,a,0.004638766,0.0163105,0.05940613
516794484699786,g,-0.00409461,0.002330266,0.0020639498
516794485196089,a,0.023942016,-0.057909753,0.1455974
516794485446349,g,0.0012317119,0.0012650015,-0.002197108
516794546138172,a,0.016609775,-0.028880058,0.104895964
516794546433172,g,0.0012317119,-8.6552737E-4,9.986854E-4
516794547009839,a,-0.019752163,-0.033668462,0.071377136
516794547261089,g,1.6644757E-4,1.9973709E-4,9.986854E-4
516794547760672,a,-0.0028431145,-0.021398177,0.09771336
516794548008953,g,-8.9881686E-4,-8.6552737E-4,-0.0011318434
516794579941401,a,-0.029179333,-0.030526072,0.07152677
516794580234786,g,-8.9881686E-4,-0.0019307918,9.986854E-4
516794580739057,a,0.0016460137,-0.011073183,0.09307459
516794580989161,g,-8.9881686E-4,-0.002996056,-6.657903E-5
516794621922807,a,0.023044191,-0.051475335,0.112377845
516794622214214,g,1.6644757E-4,-8.6552737E-4,9.986854E-4
516794622717078,a,-0.008230069,-0.036810853,0.050128598
516794622964578,g,0.0012317119,-0.0019307918,-0.0011318434
516794667550828,a,-0.008529344,-8.9782564E-4,0.112377845
516794667844682,g,1.6644757E-4,0.0012650015,-6.657903E-5
516794668421974,a,0.015263036,-0.0034416649,0.114772044
516794673549734,g,0.0012317119,1.9973709E-4,-6.657903E-5
516794723754682,a,-0.022894554,-0.008230069,0.030974984
516794724047755,g,-8.9881686E-4,-8.6552737E-4,9.986854E-4
516794724548953,a,-0.025139118,-0.039205052,0.12913725
516794724799995,g,1.6644757E-4,-8.6552737E-4,-6.657903E-5
516794725297286,a,-0.015861586,-0.0034416649,0.09801263
516794725543328,g,0.0012317119,-8.6552737E-4,9.986854E-4
516794767539891,a,-0.010923545,-0.053869538,0.13392566
516794769893693,g,-8.9881686E-4,0.002330266,-6.657903E-5
516794770587755,a,0.020350715,-0.017657237,0.045340195
516794770839682,g,0.0022969765,-8.6552737E-4,-6.657903E-5
516794821804057,a,0.0199018,-0.022744916,0.08604162
516794822096922,g,1.6644757E-4,1.9973709E-4,-0.0011318434
516794822599838,a,0.0032920274,0.0013467384,0.06688801
516794827078068,g,0.0013981595,-4.3276369E-4,9.986854E-5
516794829339005,a,-0.0011971008,-0.01810615,0.10040683
516794829596193,g,-7.323693E-4,0.0016977652,9.986854E-5
516794867620984,a,-0.025438393,-0.013617022,0.117016606
516794867916922,g,3.3289514E-4,-0.0025632926,9.986854E-5
516794868495516,a,-0.025737667,-0.03755904,0.13138182
516794868744057,g,3.3289514E-4,6.3250074E-4,-9.653959E-4
516794923645203,a,0.005686229,-0.008978256,0.06194997
516794923940568,g,0.0013981595,-4.3276369E-4,-9.653959E-4
516794924448276,a,-0.011522096,-0.018854339,0.12898761
516794924699213,g,3.3289514E-4,6.3250074E-4,0.001165133
516794925193849,a,0.017208325,-0.0020949265,0.066738375
516794925443901,g,0.0013981595,-0.001498028,9.986854E-5
516794967714057,a,-0.0163105,-0.03815759,0.066738375
516794968011505,g,0.0013981595,-0.0025632926,9.986854E-5
516794968588745,a,-0.018854339,-0.06928221,0.054767363
516794968838901,g,0.0013981595,-0.001498028,9.986854E-5
516795023985203,a,-0.002244564,-0.03546411,0.07392098
516795028499005,g,0.0013981595,-0.0036285568,-9.653959E-4
516795029059838,a,0.002244564,-0.023493104,0.07392098
516795029458693,g,-7.323693E-4,0.0016977652,-9.653959E-4
516795029974161,a,0.0067336923,-0.0067336923,0.09546879
516795030231505,g,-0.0028628982,0.0016977652,-9.653959E-4
516795089718224,a,-0.014814123,-0.028281508,0.083497785
516795090014318,g,-7.323693E-4,-4.3276369E-4,9.986854E-5
516795090595099,a,-0.041150343,-0.040252518,0.109834
516795090845984,g,3.3289514E-4,-4.3276369E-4,0.001165133
516795091345932,a,-0.0052373162,-0.04249708,0.097862996
516795091596609,g,0.0013981595,-4.3276369E-4,-9.653959E-4
516795122268276,a,0.018555064,-0.023343466,0.07870938
516795122561870,g,0.0013981595,-0.0025632926,0.001165133
516795123065620,a,-0.010025719,-0.04938041,0.08364742
516795123316609,g,3.3289514E-4,0.0027630297,0.001165133
516795162311974,a,-0.005087679,-0.006135142,0.09083003
516795162604682,g,3.3289514E-4,-4.3276369E-4,9.986854E-5
516795163106557,a,-0.031423897,-0.020500353,0.10758944
516795163361401,g,3.3289514E-4,6.3250074E-4,0.001165133
516795229796505,a,-0.026186582,-0.05626374,0.12674305
516795230094995,g,-7.323693E-4,6.3250074E-4,0.0022303974
516795230669578,a,0.0199018,-0.0031423897,0.07646482
516795230923640,g,0.0013981595,0.0016977652,0.001165133
516795231419265,a,0.02932897,-0.063296705,-0.0025438394
516795231669265,g,3.3289514E-4,6.3250074E-4,0.001165133
516795284195515,a,0.007930793,0.006584055,0.09083003
516795286579161,g,-0.0017976337,0.0027630297,-0.0020306604
516795287269317,a,-0.0058358666,-0.0025438394,0.12449849
516795287520672,g,0.0013981595,-0.001498028,9.986854E-5
516795288024630,a,0.008529344,0.011522096,0.12434885
516795288279578,g,3.3289514E-4,-0.001498028,-9.653959E-4
516795348603901,a,0.0037409402,0.0163105,0.08364742
516795353786036,g,-7.323693E-4,0.0016977652,0.0022303974
516795354411349,a,0.028580783,0.021098902,0.023792379
516795354678901,g,-0.0017976337,0.0016977652,9.986854E-5
516795355192651,a,0.018704701,0.004489128,0.016759412
516795355447599,g,0.0013981595,6.3250074E-4,9.986854E-5
516795399788744,a,-0.017058687,-1.496376E-4,0.11492168
516795400085047,g,-7.323693E-4,6.3250074E-4,9.986854E-5
516795400599005,a,-0.023942016,-0.026635494,0.059705406
516795400851661,g,-0.0017976337,0.0048935586,-9.653959E-4
516795401353328,a,-0.014215573,-0.016759412,0.04070143
516795401610411,g,3.3289514E-4,0.0027630297,-9.653959E-4
516795470007755,a,-0.018405426,-0.045340195,0.076614454
516795470303328,g,0.0013981595,-0.001498028,0.001165133
516795470880099,a,0.0010474633,-0.030974984,0.088585466
516795476773484,g,0.001165133,-6.3250074E-4,-3.3289514E-5
516795477501349,a,-0.04444237,-0.016460137,0.1340753
516795477753328,g,9.986854E-5,4.3276369E-4,-3.3289514E-5
516795524402547,a,0.016011223,-0.045489833,0.08364742
516795524696974,g,-0.0020306604,0.0025632926,-0.001098554
516795525203276,a,-5.985504E-4,-0.03561375,0.15083471
516795525458432,g,-9.653959E-4,-0.0016977652,0.0020972393
516795525958224,a,0.032920275,0.012719196,0.07182605
516795526208432,g,9.986854E-5,-0.0016977652,-0.001098554
516795562644890,a,-0.027234044,0.014963761,0.055066638
516795562938744,g,0.0022303974,-0.003828294,-3.3289514E-5
516795563444786,a,0.0035913025,0.009726444,0.08379706
516795563695099,g,-9.653959E-4,0.001498028,-0.004294347
516795624138328,a,0.05626374,-0.018704701,0.1316811
516795624413536,g,-0.1266666,0.21881197,0.015945677
516795624933380,a,-0.30496144,-0.3230676,-0.50248307
516795625187651,g,0.13645372,-0.16681375,-0.010685934
516795625672911,a,0.019452889,0.80475104,0.21802199
516795629829578,g,-0.026531743,4.3276369E-4,-0.011751198
516795656635567,a,0.08125322,-0.1937807,0.09980828
516795656915932,g,0.012883042,-0.009154616,-3.3289514E-5
516795657441557,a,0.007631518,0.012719196,0.11252748
516795657697026,g,0.0064914552,-0.01021988,-0.001098554
516795719083067,a,-0.030825347,-0.028580783,0.09322423
516795719175776,g,-0.0073569827,0.0046938215,-3.3289514E-5
516795719203640,a,0.019153614,0.0023942017,0.08604162
516795719229682,g,9.986854E-5,-0.0027630297,-0.001098554
516795719254942,a,0.04997896,0.0,0.030974984
516795719280567,g,0.0032956619,-0.0027630297,-0.0021638183
516795759635307,a,0.02813187,0.004638766,0.064493805
516795760640255,g,-0.0020306604,0.005759086,-0.001098554
516795760672078,a,0.008678981,0.002244564,0.08364742
516795760699317,g,-0.0020306604,-0.0016977652,-3.3289514E-5
516795801848536,a,0.032022446,-0.050427873,0.08843583
516795802146609,g,-9.653959E-4,4.3276369E-4,-3.3289514E-5
516795802649421,a,-0.025438393,-0.03561375,0.05746084
516795802900671,g,-0.0030959249,0.001498028,-3.3289514E-5
516795840997651,a,8.9782564E-4,-0.049530048,0.05267244
516795841294526,g,-9.653959E-4,0.001498028,-0.001098554
516795841795984,a,-0.032621,-0.06599019,0.0887351
516795842048744,g,-9.653959E-4,4.3276369E-4,-3.3289514E-5
516795887755828,a,0.024839843,-0.029777884,0.11267712
516795888053223,g,9.986854E-5,-6.3250074E-4,-0.001098554
516795888626244,a,-0.018405426,0.006135142,0.14140753
516795888878588,g,-9.653959E-4,-0.0016977652,-0.001098554
516795945700203,a,0.012419921,-0.044292733,0.07676409
516795945996557,g,0.001165133,-0.0016977652,-0.0021638183
516795946499473,a,0.043394905,0.0037409402,0.028880058
516795946752130,g,9.986854E-5,-0.0016977652,-3.3289514E-5
516795947250567,a,0.0068833297,-0.03232172,0.10070611
516796287218952,g,-0.0031704933,0.0025534388,-0.0011041466
516795999474109,a,0.02124854,-0.008230069,0.06958149
516795999779942,g,-9.653959E-4,-6.3250074E-4,0.0010319749
516796000309838,a,0.028281508,-0.01062427,0.07676409
516796000569005,g,9.986854E-5,-6.3250074E-4,0.0010319749
516796001067807,a,0.0398036,-0.041599255,0.0026934769
516796001319369,g,-9.653959E-4,-6.3250074E-4,-0.001098554
516796041634057,a,-0.0037409402,-0.026934769,0.07451953
516796041932546,g,9.986854E-5,0.001498028,0.0010319749
516796042433380,a,-0.03546411,-0.048632223,0.10803835
516796042683171,g,-9.653959E-4,-6.3250074E-4,-0.001098554
516796083070723,a,0.026635494,-0.024540568,0.07930793
516796083364838,g,-0.0020306604,4.3276369E-4,-0.001098554
516796083868536,a,-0.0020949265,-0.014664485,0.07691373
516796084135463,g,-0.0020306604,-6.3250074E-4,-0.001098554
516796148022078,a,0.016759412,0.05267244,0.0052373162
516796148481348,g,-9.653959E-4,-0.0027630297,0.0020972393
516796149059473,a,-0.0025438394,0.0067336923,0.07451953
516796149431140,g,0.001165133,4.3276369E-4,-3.3289514E-5
516796149932807,a,0.047884032,-0.031573534,0.012270284
516796150181661,g,-0.0020306604,0.0036285568,-3.3289514E-5
516796204932078,a,1.496376E-4,-0.050278235,0.07227496
516796205225307,g,-9.653959E-4,-0.0027630297,-0.001098554
516796205726244,a,0.0070329676,-0.06194997,0.10100538
516796205979213,g,-9.653959E-4,0.0036285568,-3.3289514E-5
516796206476400,a,-0.0025438394,-0.025737667,0.1297358
516796206723744,g,-0.0020306604,0.001498028,0.0020972393
516796267445202,a,-0.052373163,-0.0398036,0.12270284
516796267736140,g,-9.653959E-4,0.001498028,-0.001098554
516796268312286,a,-0.013617022,-0.025438393,0.08903438
516796276029734,g,-0.0010399644,0.0025534388,-0.0011041466
516796276755359,a,-0.0037409402,-0.022894554,0.17058687
516796287218952,g,-0.0031704933,0.0025534388,-0.0011041466
516796297285671,a,-0.017657237,-0.0199018,0.05566519
516796297588432,g,2.530003E-5,-0.0027728833,0.0010263823
516796298124369,a,-0.022445641,0.023493104,0.08200141
516796298378327,g,2.530003E-5,-0.0027728833,-3.888215E-5
516796340411088,a,0.0350152,0.004189853,0.04129998
516796340704005,g,0.0010905644,-0.0017076188,-3.888215E-5
516796341211765,a,0.037110128,0.015861586,0.15622166
516796341459994,g,-0.0021052288,0.005749232,-3.888215E-5
516796388842859,a,0.020949265,0.011222821,0.11312603
516796389270984,g,-0.0042357575,0.0046839677,0.0010263823
516796389861088,a,-0.024091655,0.018704701,0.050876785
516796390110619,g,-0.0010399644,4.2290997E-4,0.0010263823
516796445119942,a,2.992752E-4,-0.014814123,0.03172317
516796445413067,g,-0.0021052288,0.0025534388,-3.888215E-5
516796445915411,a,0.0032920274,-0.04563947,0.14185645
516796446165098,g,2.530003E-5,-0.004903412,0.0010263823
516796446659890,a,-0.049679685,-0.047884032,0.08693945
516796446909369,g,-0.0021052288,-6.423544E-4,-0.0011041466
516796488931557,a,-0.018255789,0.0028431145,0.051026423
516796489347025,g,-0.0031704933,0.0036187032,-0.0011041466
516796489924057,a,0.02813187,0.0055365916,0.07736264
516796490173900,g,-0.0010399644,-6.423544E-4,0.0010263823
516796545362754,a,0.035164837,0.0028431145,0.048632223
516796545656557,g,-0.0010399644,-6.423544E-4,-3.888215E-5
516796546156452,a,0.016011223,-0.011671733,0.070180036
516796546406609,g,-0.0031704933,0.0046839677,0.0010263823
516796546907182,a,0.040252518,-0.04249708,0.041449618
516796547155619,g,-0.0021052288,4.2290997E-4,-3.888215E-5
516796589061765,a,-0.02932897,-0.011073183,0.103698865
516796589479213,g,2.530003E-5,-6.423544E-4,-0.0011041466
516796590061452,a,-0.026186582,-0.01316811,0.11806407
516796595090984,g,-0.0010399644,4.2290997E-4,0.0010263823
516796642092807,a,-0.0043394906,-0.046537295,0.09891046
516796642385098,g,-0.0010399644,0.0025534388,-3.888215E-5
516796642886400,a,-0.016011223,-0.026934769,0.099060096
516796643137025,g,0.0010905644,-0.0027728833,-0.0011041466
516796643634577,a,-0.023193829,0.016011223,0.055964466
516796643885723,g,-0.0021052288,-6.423544E-4,-0.0011041466
516796689309890,a,0.00808043,-4.4891282E-4,0.11581951
516796689602859,g,-0.0031704933,0.0014881744,0.0010263823
516796690181817,a,0.020350715,-0.02184709,0.06314707
516796690431400,g,0.002155829,-6.423544E-4,-0.0011041466
516796745514838,a,0.056114104,-2.992752E-4,0.07272387
516796745811400,g,-0.0010399644,4.2290997E-4,-0.002169411
516796746311296,a,0.013018472,-0.009876082,0.00808043
516796746575098,g,-0.0010399644,4.2290997E-4,0.0010263823
516796751824004,a,0.044143096,0.04070143,0.101454295
516796752632181,g,0.0012317119,-0.0012317119,-0.001098554
516796789354317,a,0.012569559,-0.04623802,0.14215572
516796789643952,g,0.0012317119,-1.6644757E-4,-3.3289514E-5
516796790231609,a,-0.02064999,0.0043394906,0.06314707
516796790481504,g,0.004427505,-0.0012317119,0.0010319749
516796845622963,a,-0.061052144,-0.03935469,0.11806407
516796845917234,g,0.0012317119,0.0019640813,0.0010319749
516796846418119,a,-0.017208325,-0.027234044,0.122852474
516796846665411,g,-8.9881686E-4,8.9881686E-4,-3.3289514E-5
516796847160879,a,0.0043394906,-0.039504327,0.03187281
516796847412077,g,1.6644757E-4,-0.0012317119,-0.001098554
516796889379577,a,0.018255789,0.01316811,0.09172785
516796889715202,g,0.0012317119,-0.0012317119,-0.001098554
516796890302858,a,0.022744916,0.024839843,0.04623802
516796890553067,g,0.0012317119,8.9881686E-4,-0.001098554
516796945546765,a,0.04878186,0.0028431145,0.16579847
516796950700931,g,-0.0019640813,0.0019640813,-0.001098554
516796951263536,a,0.03187281,0.031423897,0.077213004
516796951522598,g,0.0022969765,-0.004427505,-3.3289514E-5
516796952030827,a,0.0175076,-0.011821371,0.11312603
516796952280567,g,0.0022969765,-0.0012317119,-3.3289514E-5
516797012824369,a,-0.009427169,-0.014664485,0.12030864
516797013117442,g,0.0012317119,-1.6644757E-4,-0.001098554
516797013696140,a,-0.040551793,-0.033668462,0.0700304
516797013945723,g,0.0033622407,-0.0033622407,-3.3289514E-5
516797014518536,a,-0.02124854,-0.06015432,0.12030864
516797014769681,g,1.6644757E-4,-0.0012317119,-0.0021638183
516797062908848,a,-0.0047884034,-0.014963761,0.04833295
516797063203692,g,0.0012317119,-0.0012317119,-3.3289514E-5
516797063705046,a,0.011222821,-0.041449618,0.089184016
516797063956661,g,0.0012317119,-1.6644757E-4,-3.3289514E-5
516797064455150,a,0.02558803,-0.05327099,0.12749124
516797064705306,g,1.6644757E-4,-0.0022969765,-3.3289514E-5
516797129002494,a,-0.008529344,-0.012719196,0.108337626
516797129466035,g,0.0012317119,-0.0012317119,-3.3289514E-5
516797130046244,a,0.016011223,0.0016460137,0.05312135
516797130294890,g,0.0012317119,0.0019640813,-0.001098554
516797130796400,a,0.07347207,0.030376434,0.091578215
516797131044629,g,0.0012317119,-1.6644757E-4,-3.3289514E-5
516797185702494,a,0.034715924,0.015562311,0.07227496
516797186002233,g,0.0012317119,-1.6644757E-4,0.0010319749
516797186503119,a,0.032770637,-0.0058358666,0.11776479
516797186754577,g,-0.0019640813,0.0051598744,0.0010319749
516797187251504,a,-0.0338181,-0.044143096,0.1225532
516797187499421,g,1.6644757E-4,-1.6644757E-4,-3.3289514E-5
516797223989369,a,-0.033518825,-0.0537199,0.031573534
516797224281088,g,-8.9881686E-4,0.0019640813,-0.001098554
516797224784525,a,-0.0017956513,-0.036511578,0.13691841
516797231679890,g,0.0012317119,-0.004427505,-3.3289514E-5
516797285834004,a,0.010175358,-0.0175076,0.10100538
516797288180827,g,1.6644757E-4,-1.6644757E-4,0.0010319749
516797288869108,a,4.4891282E-4,0.0037409402,0.057909753
516797289236869,g,0.0033622407,-0.0054927696,0.0010319749
516797289737650,a,-0.02633622,0.01062427,0.05551555
516797289987963,g,1.6644757E-4,0.0019640813,0.0010319749
516797351503431,a,0.01690905,-0.008978256,0.084096335
516797351796765,g,-0.0019640813,0.0019640813,-0.001098554
516797352374733,a,0.050876785,0.0010474633,0.07227496
516797352622181,g,0.0012317119,-0.0022969765,-0.001098554
516797353131504,a,0.019452889,-0.001496376,0.1273416
516797353379681,g,-8.9881686E-4,-0.0012317119,-3.3289514E-5
516797384131921,a,-0.04309563,-0.03755904,0.045789108
516797390008015,g,0.0014314491,-0.0037950044,1.6644757E-4
516797390732546,a,-0.033069912,0.0058358666,0.07706337
516797390986608,g,-6.9907977E-4,-0.0016644757,-8.9881686E-4
516797449409837,a,-0.06658874,-0.016011223,0.10564415
516797449706244,g,0.0014314491,-0.0016644757,0.0012317119
516797450283640,a,0.007930793,-0.019003976,0.09606735
516797450534525,g,0.0024967135,-0.00272974,0.0012317119
516797451032442,a,0.0052373162,-0.016609775,0.041000705
516797451283327,g,-6.9907977E-4,-0.0016644757,0.0012317119
516797506016608,a,0.03606266,1.496376E-4,0.06494272
516797506309265,g,-0.0017643442,0.002596582,0.0012317119
516797506814160,a,0.083497785,-0.004938041,0.041000705
516797507065827,g,0.0014314491,-0.004860269,1.6644757E-4
516797507562910,a,0.06599019,-0.005087679,0.15352818
516797507810827,g,0.0024967135,-5.9921126E-4,-0.0019640813
516797569387442,a,0.036661215,-0.036661215,0.105494514
516797569682650,g,0.0014314491,-5.9921126E-4,1.6644757E-4
516797570261139,a,-0.0068833297,-0.002992752,0.069731124
516797575126035,g,3.6618466E-4,-5.9921126E-4,0.0012317119
516797575684681,a,-0.0043394906,-0.017208325,0.081702136
516797575944942,g,-0.0028296087,0.0015313176,-8.9881686E-4
516797626122442,a,-0.0163105,-0.024091655,0.045789108
516797626416764,g,3.6618466E-4,0.0015313176,0.0012317119
516797626917546,a,-0.033069912,-0.043245267,0.084096335
516797627172233,g,-0.0017643442,-0.00272974,-8.9881686E-4
516797627671452,a,4.4891282E-4,-0.07631518,0.08888474
516797627922962,g,3.6618466E-4,-0.0016644757,0.0022969765
516797691699369,a,-0.013617022,0.0032920274,0.08664017
516797691995931,g,-6.9907977E-4,4.660532E-4,-0.0019640813
516797692579317,a,0.031423897,5.985504E-4,0.06988076
516797692830150,g,3.6618466E-4,-5.9921126E-4,-8.9881686E-4
516797693327077,a,0.040551793,0.010025719,0.10579379
516797693578483,g,0.0014314491,0.0015313176,1.6644757E-4
516797746198744,a,0.016460137,-0.004638766,0.09367314
516797746492233,g,-0.0028296087,-5.9921126E-4,1.6644757E-4
516797746998171,a,-5.985504E-4,-0.016460137,0.029179333
516797747248171,g,-0.0070906663,0.007922905,0.0012317119
516797747743796,a,1.496376E-4,0.0398036,0.024540568
516797750102077,g,-0.0017643442,4.660532E-4,-8.9881686E-4
516797784438744,a,0.019303251,-0.08499416,0.07706337
516797784735879,g,3.6618466E-4,4.660532E-4,-8.9881686E-4
516797785239316,a,-0.023792379,-0.0010474633,0.029179333
516797785488119,g,-6.9907977E-4,-0.00272974,0.0012317119
516797851820410,a,-0.05267244,-0.020500353,0.057909753
516797852117337,g,3.6618466E-4,-0.00272974,0.0012317119
516797852695358,a,-0.026036944,-0.01316811,0.05551555
516797852949681,g,3.6618466E-4,-0.0016644757,1.6644757E-4
516797853449525,a,-0.035763387,0.0034416649,0.112976395
516797853700462,g,3.6618466E-4,0.0036618465,1.6644757E-4
516797884521504,a,0.036810853,-0.025288755,0.09861118
516797889624316,g,0.0014314491,4.660532E-4,-8.9881686E-4
516797890187858,a,0.03187281,-0.006135142,0.17283143
516797890448952,g,-6.9907977E-4,-5.9921126E-4,1.6644757E-4
516797951906504,a,0.029179333,0.024690205,0.045938745
516797952200879,g,0.0014314491,4.660532E-4,1.6644757E-4
516797952779316,a,-0.028431145,-0.020949265,0.043544542
516797953029473,g,3.6618466E-4,4.660532E-4,0.0022969765
516797953530775,a,-0.001496376,-0.018405426,0.007631518
516797953778691,g,3.6618466E-4,-5.9921126E-4,-8.9881686E-4
516797984623900,a,-0.013916298,-0.006584055,0.08903438
516797984919993,g,3.6618466E-4,-0.00272974,1.6644757E-4
516797985436243,a,-0.03007716,-0.027682956,0.07706337
516797985687025,g,-0.0028296087,4.660532E-4,0.0012317119
516798050022077,a,-0.022894554,-0.0011971008,0.096216984
516798055902285,g,-0.001498028,0.002796319,9.653959E-4
516798056626243,a,0.008978256,-0.007930793,0.096216984
516798056883900,g,-0.0025632926,0.0038615835,-9.986854E-5
516798057386243,a,0.02813187,0.03755904,0.079457566
516798057639316,g,-4.3276369E-4,-0.0014647386,9.653959E-4
516798084699421,a,0.0017956513,0.022894554,0.08185177
516798084997806,g,6.3250074E-4,-3.9947417E-4,-9.986854E-5
516798085502598,a,-0.0053869537,-0.029927522,0.031573534
516798085755046,g,0.0016977652,-3.9947417E-4,-9.986854E-5
516798124718431,a,-0.007631518,0.0058358666,0.08903438
516798125011035,g,0.003828294,-0.004660532,0.0030959249
516798125515618,a,0.04070143,-0.020500353,0.079457566
516798125765723,g,0.0016977652,0.0017310547,-9.986854E-5
516798168072441,a,-0.01436521,0.005686229,0.1273416
516798168365775,g,0.003828294,-0.0035952674,9.653959E-4
516798168938014,a,-0.024241293,-0.0019452889,0.07930793
516798169320514,g,6.3250074E-4,-3.9947417E-4,9.653959E-4
516798226599681,a,-0.03815759,-0.052373163,0.081702136
516798235048848,g,6.3250074E-4,-0.0014647386,-9.986854E-5
516798235784004,a,-0.03755904,0.0053869537,0.086490534
516798236057181,g,0.0016977652,-3.9947417E-4,-0.001165133
516798236586712,a,-0.027383681,-0.023493104,0.10803835
516798236841764,g,-4.3276369E-4,-3.9947417E-4,-9.986854E-5
516798292199525,a,0.02558803,-0.018704701,0.026635494
516798294577441,g,6.3250074E-4,-0.0014647386,-0.001165133
516798295264785,a,0.015562311,0.012569559,0.11522096
516798295590670,g,6.3250074E-4,-0.0014647386,-9.986854E-5
516798296094264,a,0.042048167,-0.03067571,0.038606502
516798296345931,g,6.3250074E-4,0.0017310547,-0.0032956619
516798324891243,a,0.017956512,0.014814123,0.05057751
516798325186139,g,-0.001498028,0.0038615835,-0.001165133
516798325692806,a,-0.0058358666,-0.042646717,0.13676877
516798325943327,g,0.0016977652,-3.9947417E-4,9.653959E-4
516798362867337,a,-0.044143096,-0.02124854,0.0362123
516798363161920,g,0.0016977652,0.002796319,-9.986854E-5
516798363664629,a,-4.4891282E-4,-0.02124854,0.10310031
516798363914681,g,-0.0025632926,0.0038615835,9.653959E-4
516798410505775,a,-0.035913024,0.0028431145,0.07212532
516798410801243,g,0.0016977652,6.657903E-4,-0.001165133
516798411376660,a,-0.016609775,-0.038007952,0.06718729
516798411625358,g,0.003828294,-0.002530003,9.653959E-4
516798444981191,a,-0.016609775,-0.004638766,0.10310031
516798445274681,g,0.0016977652,-3.9947417E-4,-9.986854E-5
516798445780618,a,0.0362123,-0.021547815,0.09591771
516798446029733,g,-0.0025632926,0.0017310547,-9.986854E-5
516798485025566,a,0.036361936,-0.016759412,0.11267712
516798485318743,g,6.3250074E-4,-3.9947417E-4,0.0020306604
516798485826191,a,0.0023942017,-0.009726444,0.105494514
516798486073900,g,-0.001498028,-3.9947417E-4,-9.986854E-5
516798529676347,a,0.016609775,-0.017058687,0.12943652
516798534694004,g,0.003828294,-0.0014647386,-0.001165133
516798535320827,a,0.02873042,-0.057909753,0.10310031
516798535582650,g,-0.001498028,6.657903E-4,9.653959E-4
516798586904941,a,-0.005087679,-0.055216275,0.0815525
516798587201295,g,6.3250074E-4,-3.9947417E-4,-0.001165133
516798587705097,a,0.007182605,-0.028580783,0.06479308
516798587958222,g,-4.3276369E-4,6.657903E-4,-0.001165133
516798588456712,a,0.0073322426,-0.03321955,0.055216275
516798588705566,g,0.0016977652,-0.002530003,-0.001165133
516798652483431,a,-0.0070329676,-0.009427169,0.0887351
516798652784316,g,-0.001498028,0.0017310547,-9.986854E-5
516798653368587,a,0.010025719,-0.01436521,0.019303251
516798653620879,g,-4.3276369E-4,6.657903E-4,9.653959E-4
516798654115306,a,0.029179333,-0.004938041,0.10310031
516798658715410,g,3.3289514E-5,-0.0013981595,9.653959E-4
516798685221243,a,0.040851068,-0.05312135,0.05761048
516798685517129,g,-0.0020972393,0.0039281626,-9.986854E-5
516798686020931,a,0.024091655,-0.01690905,0.052822076
516798686272129,g,0.001098554,0.0017976337,-0.001165133
516798721563274,a,0.0074818805,-0.011971008,0.122253925
516798721851608,g,-0.0010319749,0.0028628982,9.653959E-4
516798722368431,a,-0.023642741,0.019003976,0.07915829
516798722622597,g,-0.0020972393,-3.3289514E-4,0.0020306604
516798767829108,a,0.033967737,-0.024091655,0.0935235
516798768463170,g,-0.0010319749,-0.0013981595,0.0020306604
516798769043483,a,-0.0070329676,-0.03606266,0.0863409
516798769420358,g,-0.0010319749,7.323693E-4,9.653959E-4
516798805271295,a,0.014514848,-0.023942016,0.11746552
516798805566243,g,0.001098554,-0.0035286883,-0.001165133
516798806066816,a,0.018854339,-0.009277532,0.105494514
516798806319160,g,-0.0020972393,7.323693E-4,9.653959E-4
516798845328326,a,0.0043394906,0.017058687,0.11028291
