246768836494368,a,0.2264017,-0.027084406,0.089782566
246768836521399,g,-0.0097365165,-0.007152718,-0.036633644
246777390562177,a,-0.06194997,0.17612346,0.0398036
246777390601656,g,-0.004460795,1.9973709E-4,5.9921126E-4
246777390629938,a,-0.054468088,0.21143794,0.06135142
246777390656396,g,-0.0055260593,1.9973709E-4,5.9921126E-4
246777390682385,a,-0.07811083,0.175076,0.058957215
246777390708740,g,0.004061321,1.9973709E-4,0.008056062
246777429611813,a,-0.04878186,0.17447744,0.11162966
246777429645927,g,0.0019307918,1.9973709E-4,5.9921126E-4
246777429672802,a,-0.0676362,0.14619595,0.14260463
246777429699208,g,-0.0065913238,0.0012650015,5.9921126E-4
246777478491813,a,-0.0935235,0.13631986,0.015711948
246777479184208,g,-0.002330266,-0.0019307918,-4.660532E-4
246777479361083,a,-0.05267244,0.1412579,0.07317279
246777479608375,g,8.6552737E-4,-0.0019307918,-0.0015313176
246777514521188,a,-0.023642741,0.17402853,0.070778586
246777514812646,g,-0.0012650015,-8.6552737E-4,-4.660532E-4
246777515316344,a,-0.07631518,0.17776948,0.03007716
246777515563740,g,-0.0012650015,0.002330266,-4.660532E-4
246777554963792,a,-0.034865562,0.1340753,0.058807578
246777555255615,g,-0.002330266,-8.6552737E-4,-0.0015313176
246777555756240,a,-0.07556699,0.16714521,0.09950901
246777556129365,g,-0.002330266,-8.6552737E-4,-0.0015313176
246777622057385,a,-0.00808043,0.1858499,0.04444237
246777622350667,g,-0.002330266,0.002330266,-4.660532E-4
246777622929885,a,-0.04878186,0.18779519,0.054019175
246777630627021,g,-0.0023196132,-0.0019289276,0.001663943
246777631351760,a,-0.0676362,0.19677345,0.0923264
246777631605719,g,-0.0023196132,2.0160129E-4,-0.0015318502
246777654886187,a,-0.045789108,0.17911622,0.14021043
246777655178740,g,8.7618E-4,-0.002994192,-4.6658583E-4
246777660609365,a,-0.07706337,0.16849194,0.0013467384
246777660882750,g,0.0030067088,2.0160129E-4,-4.6658583E-4
246777691788844,a,-0.06284779,0.12389994,0.054019175
246777692081656,g,0.0019414445,0.0012668658,-4.6658583E-4
246777692586396,a,-0.0362123,0.16355391,0.1328782
246777692838583,g,0.016855147,-0.002994192,0.0027292075
246777740267177,a,-0.03606266,0.16160862,0.037110128
246777740560302,g,0.0019414445,2.0160129E-4,-4.6658583E-4
246777741143740,a,-0.036361936,0.16534956,0.10175357
246777741395198,g,0.0040719733,-0.0019289276,0.001663943
246777774952542,a,-0.02439093,0.130484,0.05626374
246777775243167,g,-0.0012543489,0.0012668658,-4.6658583E-4
246777775754260,a,-0.05551555,0.18210897,0.12569559
246777776127750,g,-0.0012543489,-8.6366315E-4,-4.6658583E-4
246777842249521,a,-0.043394905,0.15966332,0.092176765
246777842540302,g,-0.0012543489,2.0160129E-4,-0.0015318502
246777843121031,a,-0.028880058,0.13991116,0.034715924
246777843369417,g,0.0019414445,-8.6366315E-4,-0.007923436
246777843866448,a,-0.042796355,0.1376666,0.115969144
246777844122177,g,0.0030067088,0.0023321302,-4.6658583E-4
246777874985823,a,-0.06898294,2.145055,0.029777884
246777875280250,g,0.042421494,0.004462659,-0.027098196
246777875766760,a,0.12090719,0.8233061,-0.042197805
246777876087281,g,0.034964643,0.0023321302,-0.053729806
246777942335406,a,-0.054168813,0.08065467,0.015113398
246777942627854,g,-0.022559637,2.0160129E-4,-0.017510816
246777943212750,a,0.18839374,0.0047884034,0.34072483
246777943464104,g,-0.038538605,-0.002994192,0.08155877
246777943949156,a,0.038606502,0.1726818,-0.02064999
246777944197229,g,-0.0076459353,0.004462659,0.020838702
246777974896135,a,-0.06404489,0.12315175,-0.19782092
246777975189156,g,-0.0087112,0.004462659,0.012316587
246777980564208,a,-0.13736732,-0.5978022,-0.102052845
246777980837281,g,8.7618E-4,-0.002994192,0.027230289
246778014939521,a,-0.26874915,-0.70733696,0.26426002
246778015231604,g,0.009398296,-8.6366315E-4,0.10712512
246778015722281,a,-0.06135142,-0.10130466,0.23074119
246778016034312,g,0.006202502,0.004462659,0.0027292075
246778082350510,a,-0.06299743,-0.521936,0.11581951
246778082662229,g,0.015789881,0.006593188,-0.0025971148
246778083236864,a,-0.0887351,0.11432313,0.0104746325
246778083489521,g,-0.0076459353,2.0160129E-4,-0.0015318502
246778083987333,a,-0.22475569,0.13856442,0.005686229
246778084235198,g,-0.015102786,0.0012668658,-0.005792908
246778116828323,a,0.0017956513,-0.008379706,0.19722237
246778124408427,g,0.010478207,2.0426445E-4,-0.0057934406
246778125114833,a,0.11192893,0.12913725,0.16849194
246778125367698,g,0.02326138,0.0034000578,-0.0036629117
246778155049416,a,-0.048632223,0.39564183,-0.0038905777
246778155342594,g,0.013674,0.010856909,0.0037939392
246778155842125,a,-0.028431145,0.7639,0.034267012
246778156151604,g,0.0030213562,-0.0019262644,0.0027286748
246778197396187,a,0.039205052,0.75118077,-0.18121114
246778197690771,g,-0.026806047,-0.0051220576,-4.6711846E-4
246778198268687,a,-0.06479308,-0.4640262,0.06778584
246778198519416,g,-0.011892346,0.0023347933,-4.6711846E-4
246778234950666,a,-0.15083471,-0.75596917,0.029628245
246778235245198,g,-0.014022875,-8.61E-4,0.0016634105
246778235749625,a,-0.07287352,-0.1297358,0.19482817
246778236123896,g,0.007282414,0.0023347933,5.98146E-4
246778275130041,a,0.018854339,0.15367782,0.03441665
246778275422385,g,-0.007631288,2.0426445E-4,-0.0025976473
246778275995093,a,-0.052822076,0.5337573,0.13497312
246778276245979,g,-0.01295761,-0.0019262644,-0.0025976473
246778342587593,a,-0.03127426,0.23986909,-0.02064999
246778342881968,g,-1.7443705E-4,0.0012695289,-0.0015323829
246778343464729,a,0.012419921,1.2954128,0.022445641
246778343714468,g,0.005151885,-8.61E-4,0.0037939392
246778344212906,a,-0.31334114,1.5319898,-0.20754737
246778344465250,g,0.017935058,0.022574818,5.98146E-4
246778375242229,a,-0.05761048,1.0362405,0.14440028
246778375535458,g,-0.0033702303,0.0055305865,-0.03242505
246778376098114,a,-0.09487024,0.4571429,-0.16699557
246778376347281,g,-0.0012397015,-0.006187322,-0.021772407
246778415289573,a,0.046387658,0.8490438,0.31423897
246778415584416,g,0.011543471,-0.0019262644,-0.0025976473
246778416139260,a,0.24720132,0.50353056,-0.20051439
246778416387698,g,0.014739265,0.004465322,-0.0057934406
246778460520510,a,0.3172317,-0.40476972,0.23044191
246778460814208,g,0.013674,-8.61E-4,-0.0057934406
246778461370198,a,0.22056583,-0.0020949265,-0.0664391
246778461620041,g,-0.005500759,0.0012695289,-0.004728176
246778493113687,a,-0.08664017,0.3681085,0.026934769
246778493405562,g,0.0030213562,-0.0019262644,-0.0057934406
246778493909729,a,-0.06434417,0.19841947,0.05805939
246778494158375,g,-0.009761817,0.0023347933,0.017642377
246778534981864,a,0.142455,0.30137014,0.18255788
246778535275198,g,0.0040866206,-0.0051220576,0.013381319
246778535773635,a,-0.13078327,0.7528268,0.110731825
246778536137698,g,-0.009761817,0.0055305865,0.009120261
246778580942385,a,0.030376434,0.2940379,0.050727148
246778581236395,g,0.008347678,0.0012695289,0.0069897324
246778581817802,a,-0.081702136,-1.4802152,0.18240824
246778582067645,g,-0.005500759,0.010856909,0.0016634105
246778615422958,a,-0.017357962,-0.54917,0.2160767
246778623068791,g,-1.7816547E-4,-0.004057326,0.0027289412
246778628643635,a,0.053869538,0.46417585,-0.11192893
246778628920458,g,0.006213421,0.0044647898,0.0016636767
246778679513635,a,-0.17836803,0.5304653,-0.04249708
246778679890250,g,0.009409214,0.008725847,0.00485947
246778680507489,a,-0.14649522,0.039205052,-0.3060089
246778680758843,g,0.010474479,-0.004057326,0.008055263
246778681238791,a,-0.018405426,-0.3923498,0.012419921
246778681507385,g,-0.0033739589,0.003399525,0.0133815855
246778715538375,a,0.02439093,-0.16475101,0.30690673
246778715832593,g,0.016866066,0.008725847,0.0027289412
246778716440145,a,-0.08738836,-0.11192893,0.18480244
246778716688479,g,-0.012961338,0.010856376,-0.0121847605
246778755579833,a,-0.044741645,-0.27638066,0.19916765
246778755874000,g,-1.7816547E-4,0.010856376,-0.008988967
246778756421395,a,-0.07407062,-1.4387655,0.2709937
246778756671239,g,0.0019523634,-8.615326E-4,0.037882667
246778798504781,a,-0.06599019,-1.5686511,0.18959084
246778798799937,g,-0.0033739589,-8.615326E-4,0.0133815855
246778799353843,a,-0.051325697,0.1678934,0.036361936
246778799602072,g,-0.004439223,-0.001926797,0.0027289412
246778834963218,a,-0.023193829,0.094570965,0.14664486
246778835255041,g,0.0051481565,-0.0051225903,0.0016636767
246778835758947,a,-0.03995324,0.14140753,0.029179333
246778836077593,g,0.010474479,2.0373182E-4,5.984123E-4
246778875649937,a,-0.03007716,0.12898761,0.07466917
246778876006239,g,0.0072786855,-8.615326E-4,-0.0015321166
246778876506864,a,-0.027682956,0.12180501,0.06988076
246778876759364,g,8.8709895E-4,-0.004057326,5.984123E-4
246778921258062,a,-0.05701193,0.14963761,0.09382278
246778921550614,g,-0.00124343,-8.615326E-4,-0.0057931743
246778922126552,a,-0.042646717,0.08424597,0.11058219
246778922378114,g,-0.00124343,-8.615326E-4,-0.043077428
246778977535718,a,-0.030526072,0.11267712,0.096216984
246778977826760,g,-0.0023086944,-0.010448912,-0.0057931743
246778978331083,a,-0.028880058,0.1364695,0.11058219
246778978579677,g,0.0030176279,-0.0029920614,-0.002597381
246778979074937,a,-0.11088146,0.22191256,0.043544542
246778979324729,g,0.0019523634,-0.0029920614,-0.10166697
246779021357281,a,0.14993688,0.75851303,0.11776479
246779021649312,g,-0.00870028,-0.008318383,-0.18049654
246779022224677,a,0.21936873,1.5617677,-0.07616554
246779022478843,g,-0.0023086944,2.0373182E-4,0.026164759
246779054949937,a,-0.6325182,-0.3453636,0.11776479
246779055244364,g,0.022192387,0.0055300537,0.059187956
246779055753583,a,-0.008529344,-0.12584522,0.026785132
246779056128791,g,-0.0023086944,0.012986905,-0.0068584387
246779093775041,a,0.038007952,-0.56518126,0.005087679
246779094068427,g,-0.00124343,0.012986905,-0.002597381
246779094576656,a,0.05117606,-0.7190087,0.0362123
246779102145666,g,0.0072027855,0.0012546151,0.01764504
246779138495614,a,0.005686229,-0.6832453,0.07227496
246779138807906,g,-0.0023845944,-0.0019411781,0.009122925
246779139351708,a,-0.073023155,0.06838439,0.02439093
246779139609520,g,-2.5406556E-4,-0.0019411781,0.0016660736
246779175842229,a,0.008529344,0.118213706,0.033967737
246779176220562,g,-0.00131933,-8.7591365E-4,0.0016660736
246779176725926,a,-0.020350715,0.12509704,0.09142858
246779176980041,g,-0.0034498589,-0.0019411781,-0.0015297197
246779216072072,a,-0.07062895,2.2007203,0.0028431145
246779216367437,g,0.0072027855,-0.004071707,-0.02816133
246779216855041,a,0.03007716,1.4715363,0.14873978
246779217105562,g,0.013594372,-8.7591365E-4,-0.017508686
246779260470666,a,-0.034715924,1.45343,-0.03321955
246779260764312,g,0.006137521,0.008711467,0.043211386
246779265817854,a,0.17567454,0.1503858,-0.45938745
246779265852124,g,0.04235651,-0.02431173,0.026167156
246779317802854,a,0.07347207,0.7639,-0.13377602
246779318099312,g,0.046617568,-0.012593823,0.035754535
246779318607229,a,0.040102877,0.011222821,0.3139397
246779318857020,g,0.02531228,-0.0051369714,0.00805766
246779319339729,a,-0.13213001,-0.7273884,-0.23193829
246779319611239,g,0.033834398,0.0076462016,0.0037966024
246779383346239,a,-0.028281508,-1.4432547,0.27802667
246779383639989,g,-0.00131933,0.014037788,0.002731338
246779384197176,a,-0.008379706,-1.7137995,0.09606735
246779384446864,g,-0.0034498589,0.0055156727,-4.6445528E-4
246779384936343,a,-0.049530048,-0.7978677,-0.009277532
246779385183947,g,-0.01090671,0.003385144,-0.0036602486
246779437933947,a,-0.07392098,1.4226047,0.07451953
246779438224103,g,-0.011971974,0.0023198796,-0.02070448
246779438724312,a,0.029927522,1.0907085,0.10803835
246779438975614,g,-0.011971974,0.0055156727,-0.06651085
246779439475978,a,-0.40476972,1.8374002,-0.35658643
246779439725718,g,-0.016233033,0.02149464,0.013383983
246779474949885,a,-0.008978256,1.20159,0.038456865
246779475246239,g,-0.0620394,0.0055156727,0.060255617
246779475751291,a,0.104297414,0.46537295,0.47899
246779476115145,g,-0.10145418,0.039604135,0.00805766
246779521806499,a,-0.11387422,-0.1316811,1.0081085
246779522101812,g,0.0050722566,1.8935076E-4,0.004861867
246779522660093,a,0.11327567,1.0524013,0.49814358
246779522908531,g,-2.5406556E-4,-0.064791776,-0.0015297197
246779578013062,a,0.042347442,3.0487165,-2.441936
246779578307176,g,0.13183872,-0.14362134,0.014449247
246779578793843,a,0.098461546,-0.38382047,-0.5431845
246779579042541,g,0.089228146,0.042799927,0.004861867
246779583827489,a,-0.1316811,-1.5732898,1.0945991
246779583861551,g,0.060466006,0.0108419955,-0.0025949841
246779643626291,a,0.06075287,-1.1990461,0.21832126
246779651354885,g,0.058353588,0.01617178,-0.0025955169
246779652058947,a,-0.05312135,-0.89228904,0.2757821
246779652311916,g,0.0040251017,0.045999184,-0.0015302524
246779652797333,a,-0.023193829,1.0880151,-0.60303956
246779653046239,g,0.009351424,-0.0030029805,6.002765E-4
246779697156551,a,-0.06748656,1.723526,-0.11462241
246779697448895,g,-0.03965074,-0.0061987736,-4.649879E-4
246779697959155,a,-0.3402759,1.8897734,0.2662053
246779698210562,g,-0.06947815,-0.0040682447,-0.061185062
246779698701030,a,0.012120646,1.1604396,-0.75372463
246779698949676,g,0.005090366,-0.022177741,-0.22310525
246779736438062,a,0.23089083,1.2397475,0.64688337
246779736731343,g,0.014677746,-0.034960914,-0.1559936
246779737223062,a,0.41524437,2.13473,1.3005004
246779737473999,g,-0.016214922,-0.054135673,0.07942984
246779797139989,a,0.16505028,0.5719149,0.25198972
246779797434520,g,-0.040716004,-0.010459831,0.3414849
246779797927072,a,-0.24181437,-1.9674352,0.19707273
246779798176291,g,-0.01301913,0.04280339,0.027231887
246779798660353,a,0.13617022,-2.461838,0.35000235
246779798908947,g,-0.017280187,1.9281286E-4,0.011252921
246779836577489,a,0.02498948,-0.5451298,0.079457566
246779836868739,g,-0.05136865,-0.04880935,0.010187657
246779837378947,a,-0.2753332,-0.49649757,-0.23418285
246779837631135,g,0.02533039,0.026824424,0.024036095
246779876535353,a,-0.17971477,-0.08619126,0.34521395
246779876829624,g,0.0061556306,0.0065843994,0.028297152
246779877314832,a,-0.16983868,-0.6962638,0.8765771
246779877562228,g,-0.009823336,-0.0061987736,0.01338345
246779943874832,a,-0.055964466,-1.0386347,-0.02124854
246779944168791,g,-0.022606509,-0.005133509,-0.060119797
246779944742645,a,0.013317747,0.26126727,0.448015
246779944993739,g,-2.3595607E-4,-0.0093945665,-0.14960201
246779945478322,a,-0.18375498,-0.033069912,0.084096335
246779945728062,g,-0.017280187,0.0044538705,-4.649879E-4
246779997223530,a,0.18689737,0.17477672,0.1654992
246779997641395,g,0.043439884,0.012975986,0.0538635
246779998143426,a,0.09187749,-0.4897639,-0.04997896
246779998395145,g,-0.03752021,-8.724516E-4,0.041080326
246779998894572,a,0.2688988,-0.664391,-0.19123685
246779999143322,g,-0.0055622784,0.0023233418,0.008057128
246780036765874,a,-0.004638766,-0.34955344,0.09127894
246780037062801,g,-0.0023664848,0.0044538705,0.0027308054
246780037567176,a,-0.023493104,0.038905777,-0.100257196
246780037816707,g,-0.0034317493,-0.007264038,0.0069918633
246780076730093,a,-0.15218145,0.22954409,0.07212532
246780077021239,g,0.0061556306,1.9281286E-4,0.0037960699
246780077523114,a,-0.0966659,-0.18166006,0.057760116
246780077773374,g,0.010416688,0.0065843994,6.002765E-4
246780116812176,a,0.041449618,-0.14634559,0.40731356
246780124458114,g,0.0019017634,0.016173111,-4.6525424E-4
246780125160093,a,0.014514848,0.20605098,0.098461546
246780125413739,g,0.006162821,0.0076509956,-0.002595783
246780182557697,a,-0.025438393,1.1794436,-0.057311203
246780182851291,g,0.028533375,0.009781525,6.000102E-4
246780183429572,a,-0.004489128,0.61860186,-0.0020949265
246780183678843,g,8.364989E-4,-0.005132178,6.000102E-4
246780184179884,a,-0.18599954,1.1921628,0.14634559
246780184429103,g,-0.0055550877,0.0055204667,0.0016652746
246780216822280,a,-0.14604631,0.023942016,-0.33010057
246780217117228,g,-0.016207732,0.017238375,-0.0590548
246780222383999,a,0.042347442,1.1335049,-0.636708
246780222658686,g,-0.02046879,0.009781525,0.01018739
246780256844884,a,-0.011821371,0.41943422,0.6513725
246780257138634,g,-0.024729848,-0.005132178,0.002730539
246780257624051,a,0.010923545,-0.4861726,-0.17687166
246780257872905,g,-0.017272996,0.0012594089,0.011252655
246780324356968,a,-0.14335282,-0.25782558,-0.08843583
246780324649780,g,0.024272317,-0.0072627068,0.002730539
246780325230145,a,0.10190321,-0.34521395,-0.045340195
246780325477593,g,-0.021534054,0.0055204667,0.0016652746
246780326049728,a,0.12749124,1.1731589,-0.4523545
246780326300978,g,0.0050975564,0.0023246733,-4.6525424E-4
246780378802697,a,-0.05312135,-0.15143326,-0.394744
246780379098478,g,-0.03751302,-0.015784822,0.008056861
246780379586707,a,-0.011372458,0.2911948,0.15577275
246780379838270,g,0.02533758,0.009781525,0.014448448
246780380342176,a,-0.071377136,-0.27398646,-0.08828619
246780380592228,g,-0.04496987,0.0033899378,-4.6525424E-4
246780417007853,a,0.03875614,0.67546415,-0.026186582
246780417302697,g,0.02746811,0.010846789,-0.02816213
246780417808061,a,-0.047285482,0.49769467,0.28266543
246780418058218,g,-0.017272996,-0.0019363844,-0.004726312
246780484306655,a,0.08319851,0.6844424,0.34491467
246780484599780,g,0.018945994,-0.0072627068,0.0016652746
246780485155041,a,-0.2228104,0.36780924,-0.5479729
246780485403895,g,0.024272317,0.00871626,0.013383184
246780485887436,a,0.015263036,0.16145898,0.23732524
246780486265561,g,-0.0055550877,0.00871626,-4.6525424E-4
246780538854624,a,0.07287352,0.8219594,-0.1050456
246780539149155,g,0.0050975564,0.015107847,0.0016652746
246780539660301,a,0.061052144,-0.37873277,1.4031519
246780539911134,g,-0.060948838,-0.0061974423,0.017644241
246780544732332,a,-0.12719196,0.4973954,-0.15068507
246780544766916,g,0.0040322924,0.0055204667,-0.0057915766
246780600895093,a,0.15382746,-0.9430162,0.9434651
246780601190041,g,-0.023664583,-0.009393236,-0.00898737
246780601916134,a,-0.26665422,0.09980828,-1.0676643
246780602169259,g,-0.0023592943,0.0023246733,-0.036684245
246780602652176,a,0.05865794,-0.31004912,-0.12195465
246780610345145,g,0.016829846,0.003392601,-0.0025963157
246780636359884,a,-0.0032920274,0.25318682,0.5460276
246780636656759,g,-2.1438446E-4,-0.0040642503,5.9947756E-4
246780637147436,a,-0.115370594,-0.6619968,0.18929157
246780637398530,g,0.026417226,0.00552313,5.9947756E-4
246780677148582,a,0.13377602,-0.25857377,-0.51939213
246780677440822,g,0.043461457,0.0076536587,-0.0036615802
246780677928374,a,-0.071377136,0.33683425,-0.17223288
246780678177020,g,0.009372995,0.00552313,-0.0025963157
246780722753009,a,0.15143326,-0.6013935,3.1078234
246780723046499,g,0.01789511,-0.039217975,5.9947756E-4
246780723602020,a,0.073023155,0.48093528,1.6689082
246780723850405,g,0.015764581,-0.015782159,-0.0015310514
246780779016290,a,-0.077811554,1.0944494,-0.6700772
246780779308738,g,-0.006605971,0.025763154,-0.0036615802
246780779796030,a,-0.052223526,0.16355391,-0.13856442
246780780046290,g,-0.079043955,0.04387265,-0.021771075
246780780549468,a,0.2983774,-0.07706337,0.81193364
246780780796290,g,-0.12591559,0.025763154,-0.021771075
246780822808843,a,-0.4683657,0.10684125,-2.1067479
246780823109572,g,-0.05773866,-8.6845685E-4,-0.01324896
246780823664520,a,0.09920973,0.75941086,-0.7731775
246780823914832,g,-0.0108670285,0.0151105095,-0.084621675
246780879102072,a,0.15307927,0.5137059,1.1493665
246780879394728,g,0.20857744,-0.043479033,-0.01324896
246780884573322,a,0.1743278,-0.29897594,-0.15771803
246780884846290,g,0.09139836,-0.007260043,-0.0025963157
246780885380301,a,-0.07332243,-0.103249945,0.6087258
246780885634988,g,0.06689727,0.017241038,-0.0036615802
246780943793426,a,0.14410101,-0.57356095,0.49874213
246780944085457,g,-0.023650201,0.0065883943,-0.010053167
246780944645249,a,0.067336924,-0.32516253,-0.15023616
246780944893478,g,0.018960375,0.0076536587,-0.010053167
246780945394728,a,-0.31857845,0.36541504,-0.073621705
246780945647020,g,0.016829846,1.968076E-4,0.011252122
246780976464624,a,-0.035164837,0.079008654,0.66379243
246780976756499,g,0.032808814,0.011914716,-0.0036615802
246780977255301,a,0.07377134,-0.4110545,-0.011222821
246780977504936,g,-0.014062822,0.003392601,-0.0036615802
246781017458165,a,0.6371569,-0.9340379,-0.28670564
246781017750874,g,-0.0034101778,0.0044578654,-0.099535376
246781018242072,a,-1.1309611,-9.287857,0.11552023
246781018489624,g,0.015764581,0.011914716,0.14227964
246781062026342,a,0.010773907,0.13437457,0.0815525
246781062321342,g,-0.01619335,-0.008325308,-4.6578687E-4
246781062897280,a,-0.030526072,0.1479916,0.11746552
246781063147384,g,-0.0108670285,-0.0051295147,-0.005792109
246781118640509,a,0.14155717,-0.055365913,-0.002244564
246781118934415,g,-0.011932293,-0.01365163,-0.16877757
246781119439051,a,-0.20081367,0.7221511,0.014514848
246781125693947,g,-0.029001825,-0.0061993063,-0.27210742
246781126549728,a,-0.4758476,1.3817537,0.0935235
246781126805092,g,0.015739283,0.0033880735,-0.40846127
246781163084051,a,-0.93972415,2.2432175,0.06718729
246781163378894,g,0.0391751,0.00977966,-1.2169969
246781163942124,a,2.0805612,-2.7295396,0.2275988
246781164195092,g,-0.0034354778,0.0044533378,-1.6697344
246781221088947,a,-0.21682489,-0.57969606,0.052822076
246781221388686,g,-0.014088122,-0.003003513,-0.108056694
246781221900040,a,0.38815996,0.013317747,0.29942486
246781222149467,g,0.014674017,0.0033880735,0.017644508
246781222634363,a,-0.40955812,0.22325931,0.038456865
246781222883269,g,-0.017283915,-0.008329835,0.52044934
246781263129259,a,0.34132338,0.45459905,-0.028580783
246781263419676,g,0.0018908443,1.9228023E-4,0.2456111
246781263998478,a,0.23283611,-1.3841479,0.06000468
246781264249207,g,-0.014088122,-0.007264571,0.39900917
246781297628738,a,-0.17417817,-1.158195,0.0073322426
246781297922332,g,-0.013022858,-0.005134042,0.53855884
246781298434051,a,0.034865562,-0.2463035,0.21323359
246781298684780,g,0.010412959,0.002322809,0.535363
246781337713113,a,0.1400608,0.51205987,0.0023942017
246781338006655,g,0.010412959,0.0033880735,0.6088663
246781338518165,a,-0.009127894,0.39758712,0.07915829
246781338769207,g,-0.01834918,-0.0040687774,0.78889596
246781383230040,a,0.009427169,-0.7221511,0.040851068
246781383524988,g,0.014674017,0.007649131,0.15080257
246781384105196,a,-0.28401217,-0.7387609,0.021697452
246781384358269,g,0.0018908443,0.0012575446,-0.095273525
246781439632384,a,-0.0038905777,-0.22490533,0.1316811
246781439929571,g,0.004021373,-8.729842E-4,-0.010052368
246781440429936,a,-0.008529344,0.15667057,0.06943185
246781440680665,g,-0.0023702134,1.9228023E-4,-0.0015302524
246781441176499,a,-0.024839843,0.12449849,-0.02873042
246781441426811,g,-0.0034354778,-8.729842E-4,-0.0015302524
246781505158269,a,0.032770637,0.27024552,0.090979666
246781505451551,g,-0.0013049489,0.0012575446,-0.00579131
246781506151498,a,-0.061052144,0.25932196,0.011971008
246781506399207,g,-2.396845E-4,1.9228023E-4,-0.0047260458
246781511943894,a,-0.01316811,1.3397055,0.1316811
246781512223998,g,0.0018908443,0.0033880735,-0.0025955169
246781559690561,a,-0.058508303,0.6368576,0.04563947
246781559987540,g,-0.0087618,1.9228023E-4,-0.0025955169
246781560491238,a,0.001496376,0.8925883,0.05761048
246781560742280,g,-0.014088122,-0.003003513,-0.0025955169
246781561241446,a,-0.06344634,1.060781,-0.36376902
246781561489259,g,-0.0023702134,0.0044533378,0.0037960699
246781622509623,a,-0.012719196,0.5702689,0.58433485
246781622801603,g,-0.004500742,0.0012575446,6.002765E-4
246781623359676,a,0.06194997,-0.054019175,0.3616741
246781631057071,g,-0.0034642399,0.0055130096,0.009123191
246781631772176,a,-0.009726444,-0.39818567,-0.08125322
246781632027123,g,-0.009855826,0.003382481,0.0059273974
246781679815873,a,-0.099658646,-0.73397243,0.0839467
246781680110092,g,0.010384197,0.019361448,0.004862133
246781680614207,a,-0.15801731,-1.0775404,-0.14589667
246781680863946,g,-0.02050847,-0.010465956,0.004862133
246781681363061,a,-0.016609775,-0.45609543,0.23223756
246781681610665,g,-2.6844663E-4,0.0023172165,6.010755E-4
246781745388478,a,-0.044741645,-0.34356794,-0.055066638
246781745686238,g,-0.010921091,-0.006204899,0.0016663399
246781746402488,a,-0.022744916,0.7650971,0.06943185
246781746656082,g,0.0050578755,0.008708803,6.010755E-4
246781747153061,a,-0.08693945,-0.03875614,0.17477672
246781747400405,g,-0.014116884,-0.00407437,0.004862133
246781799913998,a,-0.07347207,0.82151043,0.059855044
246781800202175,g,-0.006660033,-0.0019438412,0.0027316043
246781800704363,a,0.10100538,1.0981904,0.5410896
246781800956238,g,0.0018620822,-8.7857683E-4,0.0016663399
246781801439467,a,-0.045938745,0.9460089,-0.22969373
246781801687905,g,-2.6844663E-4,0.001251952,0.0016663399
246781863958113,a,-0.019452889,0.5077204,-0.22729953
246781864253738,g,-0.01305162,-0.009400692,0.004862133
246781864810561,a,-0.004938041,1.719785,-0.5672762
246781865060665,g,0.010384197,-0.0072701634,0.004862133
246781865540873,a,-0.0398036,0.9814731,-0.11956045
246781865790873,g,-0.0077252975,-0.010465956,-0.0047252467
246781918738373,a,0.19647418,0.075417355,-0.2534861
246781919034571,g,-0.010921091,0.009774067,0.004862133
246781919518373,a,0.039504327,-0.34850597,0.028880058
246781919772228,g,0.021036843,0.019361448,0.015514777
246781920267905,a,-0.07466917,0.99494046,-0.68459207
246781920516030,g,0.017841049,0.003382481,-0.0025947178
246781958232644,a,-0.13617022,0.78454995,-0.5743091
246781964186655,g,-0.040748496,-0.0072701634,-0.04414003
246781964905665,a,-0.07032967,0.10040683,-0.09307459
246781965158790,g,-0.0077252975,-0.0072701634,-0.01750842
246782019105873,a,-0.0032920274,0.17806876,0.1726818
246782019399050,g,-0.0077252975,-8.7857683E-4,-0.0015294534
246782019904259,a,-0.050727148,-0.22969373,-0.16250645
246782020155561,g,7.9681777E-4,0.003382481,0.0059273974
246782020653738,a,-0.06374562,0.24854806,-0.011821371
246782020923894,g,0.021036843,0.0076435385,-0.0068557756
246782085691863,a,0.051774614,0.86969376,-0.655712
246782086111342,g,7.9681777E-4,-0.0019438412,-0.014312627
246782086667175,a,-0.008828619,0.07885902,-0.3899556
246782086917540,g,0.008253668,0.017230919,-0.0036599822
246782087399050,a,0.056712653,0.35359368,0.28999767
246782087650457,g,7.9681777E-4,0.0023172165,-0.0025947178
246782140200977,a,-0.053420626,0.985214,-0.44981065
246782147840613,g,0.017848238,-8.772453E-4,-0.035618182
246782148547019,a,-0.043245267,0.18989012,0.13198037
246782148798530,g,0.012521917,0.0055143414,-0.03987924
246782154134623,a,0.10848726,0.49081135,1.4631565
246782154409727,g,-0.015174958,-0.014725683,-0.0036602486
246782195641811,a,0.0175076,1.161936,1.0969933
246782195676029,g,-0.0055875783,-0.01152989,-0.0025949841
246782195695769,a,-0.030974984,0.7344214,0.5487211
246782195713894,g,-0.02050128,0.008710135,0.005927131
246782195731290,a,-0.07392098,0.22939445,0.5678747
246782195747800,g,-2.612561E-4,0.008710135,0.03468927
246782232535248,a,-0.031573534,0.81387895,-1.1798925
246782232834675,g,0.02530509,0.02681963,0.03468927
246782233354884,a,0.11881226,-0.17417817,0.18016368
246782233611134,g,-0.007718107,0.01723225,-0.048401356
246782277903582,a,-0.16924013,0.5469254,0.6205472
246782278198634,g,-0.02050128,-0.0083340965,-0.06544559
246782278685665,a,-0.05207389,0.22685061,0.5870283
246782278933790,g,0.010391388,-8.772453E-4,-0.024965538
246782320782696,a,-0.07152677,0.358831,-0.013916298
246782321076863,g,-0.025827602,-0.0072688316,0.021906098
246782321656342,a,-0.38965634,-0.45819035,0.21113867
246782321907123,g,-0.023697073,-0.026443591,-0.026030801
246782357943217,a,-0.09591771,-0.5292682,0.2829647
246782358239519,g,0.01571771,0.0012532836,0.018710304
246782358729571,a,0.034267012,-0.13123219,-0.28939912
246782358979050,g,-0.023697073,-0.003007774,0.022971362
246782396035144,a,0.022296004,0.50622404,1.2357074
246782396328790,g,-0.013044429,-0.009399361,0.0037966024
246782396821811,a,0.03187281,-0.04249708,0.15831658
246782397074623,g,-0.007718107,0.0012532836,0.033624005
246782438605300,a,0.100257196,0.9720459,-0.3564368
246782438904727,g,-0.029023396,-0.0019425097,-0.05479294
246782439405873,a,-0.18195933,0.28505963,-0.25333646
246782439659259,g,0.003999802,0.0151017215,-0.010051835
246782500551342,a,-0.021697452,1.1806407,-0.75611883
246782500845248,g,-0.023697073,0.016166985,0.004861867
246782501335248,a,-0.14859015,0.3978864,0.6349124
246782501583738,g,0.07856831,-0.025378328,-0.022835009
246782502066967,a,-0.12449849,-0.4433762,-0.7273884
246782502315404,g,0.038088262,-0.023247799,-0.010051835
246782543586550,a,0.11552023,0.09142858,-0.54767364
246782543878529,g,0.05939355,0.03214595,-0.0057907775
246782544434311,a,-0.01436521,0.36182374,0.6926725
246782544688217,g,0.028500883,0.048124917,0.054929294
246782600542227,a,0.039653964,-0.23867199,4.406229
246782600838477,g,-0.4093228,0.042798597,0.010188189
246782601333373,a,0.07212532,0.9947908,-0.58628017
246782601584467,g,-0.009848636,-0.037096236,0.011253454
246782602063790,a,0.0031423897,0.035763387,0.6250363
246782609758842,g,0.04978806,-0.055208925,0.0016668725
246782644373998,a,-0.084694885,0.72873515,-1.3715783
246782644666602,g,0.052983854,0.06410069,0.011254252
246782645226446,a,-0.21832126,1.2782044,-1.0360907
246782645476342,g,-0.10893634,-0.10208056,0.058125887
246782700634779,a,0.091578215,0.6584055,-0.4400842
246782700946706,g,0.030613303,0.015098525,-0.02070368
246782701435248,a,-0.14185645,-0.39803603,-1.0646715
246782701688269,g,-0.029041504,-0.0200552,-0.045204762
246782702167331,a,0.16774376,0.59256494,0.16579847
246782702415196,g,0.009308014,0.00657641,-0.03242159
246782744463842,a,-0.033518825,-1.1493665,0.1563713
246782744756446,g,0.0103732785,0.014033261,-0.018573152
246782745313998,a,0.035913024,-0.37499183,-1.0169371
246782745563686,g,-0.022649918,-0.005141499,0.0101889875
246782778904883,a,-0.14694414,-1.021127,0.8002619
246782779196758,g,-0.016258333,-0.0030109698,-0.01324683
246782783948529,a,0.08723872,0.009876082,-1.802385
246782783981342,g,-2.793656E-4,-0.0040762345,0.011254252
246782846444363,a,-0.13587095,0.71197575,-1.1774983
246782846733633,g,0.00824275,0.027881699,0.06132168
246782847296602,a,-0.06464344,-0.39294836,-0.2916437
246782847548113,g,-0.0077362168,-0.01259835,-0.004724714
246782848038425,a,0.1949778,-0.24720132,0.9437644
246782848287644,g,-0.072717346,-0.036034167,0.009123724
246782900785352,a,0.14769232,1.479467,0.950947
246782901082696,g,0.07002809,0.0427954,0.027233219
246782901567904,a,-0.074220255,1.1728595,0.22325931
246782901816758,g,-0.00134463,0.0023153522,0.01551531
246782902308790,a,0.07317279,0.7823054,-1.0767922
246782902554988,g,-0.005605688,0.024685904,0.0080584595
246782939063008,a,0.01616086,2.274342,-0.23388357
246782939355560,g,0.023156451,0.02362064,0.031494275
246782939863321,a,0.4388871,1.571943,0.63760585
246782940112279,g,0.0039816923,0.019359583,0.04427745
246783006555248,a,-0.18166006,0.15592238,2.1125836
246783006850300,g,-0.009866745,-0.0072720274,-0.12403433
246783007407227,a,-0.49769467,0.90874916,-0.7413047
246783007658425,g,0.0050469567,0.019359583,-0.1069901
246783008143165,a,0.14305355,0.26231474,0.043993454
246783008391342,g,0.03487436,0.0012500877,0.04001639
246783060965404,a,8.9782564E-4,0.6832453,0.12539631
246783061257852,g,0.045527004,0.027881699,0.0048626657
246783061763112,a,-0.10235212,-0.4103063,-1.2295722
246783062013737,g,0.013569072,0.037469078,-0.0057899784
246783062496237,a,-0.051325697,0.16579847,0.063296705
246783062745873,g,-0.08976158,-0.0200552,0.0037974014
246783123321133,a,-0.14320318,0.43948564,-0.81313074
246783123612696,g,0.013569072,0.049186986,-0.051596347
246783128543269,a,0.17492636,-0.28221652,-0.3438672
246783132058008,g,-0.046114765,0.00976661,-0.0015281218
246783132084727,a,0.10459669,0.033668462,1.5952865
246783132104154,g,-0.11322642,-0.061606105,0.017646639
246783178760873,a,-0.09935937,1.5770308,-0.4421791
246783179055092,g,0.0050179283,0.03639822,0.0048634647
246783179542956,a,-0.33010057,0.20186113,0.50831896
246783179789987,g,-3.0839405E-4,0.0044402885,0.0027329358
246783180276029,a,0.08035539,0.84455466,1.2624925
246783180526081,g,0.020996895,-8.860337E-4,0.020842431
246783216104258,a,0.18719664,0.32680854,2.2251112
246783216397279,g,0.022062158,0.017223462,-0.016441824
246783216893060,a,0.42990884,-0.6863877,3.0798411
246783217140977,g,-0.029070534,-0.04136608,-0.018572353
246783288441081,a,-0.06254852,-0.47450083,-1.1076176
246783288734206,g,0.014605308,0.034267694,0.017646639
246783289293321,a,-0.00808043,-0.48961425,-1.1508628
246783289544154,g,-0.01841789,-0.09356404,0.0048634647
246783290099154,a,-0.17298107,-0.4127005,0.00808043
246783290350717,g,-0.050375823,0.080074064,0.020842431
246783341198946,a,-0.015113398,0.50023854,-3.9543233
246783341513529,g,-0.15796752,-0.004081827,-0.014311295
246783342009779,a,1.1749545,0.6130653,6.153697
246783342262852,g,0.5046269,-0.24909264,-0.0441387
246783342850717,a,-0.030226797,0.35479078,0.3314473
246783343099675,g,0.15415494,0.0310719,-0.0036586507
246783379484050,a,-0.12120646,-0.37140054,0.55949503
246783379780612,g,-0.007765245,0.03639822,0.016581373
246783380344310,a,0.15951368,-0.85068977,0.5930138
246783380594154,g,-0.007765245,-0.020060793,0.0027329358
246783446913112,a,-0.14305355,-0.4849755,0.48033673
246783447208373,g,-0.026940005,0.008701346,-0.019637616
246783452536029,a,-0.03321955,-0.38067806,0.28625673
246783452819154,g,-0.034396857,0.012962404,-0.012180766
246783453495612,a,0.085891984,0.39339727,0.025288755
246783453757071,g,-0.03759265,-0.016865,0.009124522
246783501346966,a,-0.08140286,-1.3132197,-0.09202713
246783501639362,g,0.01034425,0.014027668,0.0048634647
246783502143581,a,-0.2148796,-0.197372,0.69057757
246783502390769,g,-0.01628736,0.005505553,6.0240703E-4
246783502871289,a,-0.07526772,-0.44532153,0.5900211
246783503121966,g,0.01034425,0.03639822,0.010189787
246783539557227,a,-0.090979666,0.15861586,1.2554595
246783539847591,g,-0.013091567,0.03639822,-0.006854444
246783540344727,a,0.06135142,-0.4765958,0.37424365
246783540596081,g,-0.01841789,-0.0051470916,-4.628574E-4
246783585093841,a,-0.4563947,-0.39025488,0.22819735
246783585388998,g,0.07639065,0.034267694,0.0016676715
246783586083946,a,-0.15682021,-0.4575918,0.13482349
246783586334571,g,-0.036527384,0.017223462,0.008059258
246783641454623,a,0.5366005,0.350152,-0.0664391
246783649105664,g,0.013529391,0.024678448,0.012320582
246783649831185,a,0.03696049,-0.039055414,-0.41838676
246783650084883,g,-0.0077758976,0.0055036885,0.01658164
246783650654675,a,0.06569091,-0.58792615,0.03172317
246783650905612,g,-0.03014645,-0.026454244,-0.016441558
246783707021498,a,-0.27757776,0.79292965,-0.3012205
246783707314987,g,0.032704152,0.023613185,0.0655838
246783707871706,a,-0.057311203,-0.1985691,-0.39205053
246783708120456,g,0.015659919,0.012960539,-0.061182663
246783708601029,a,-0.078410104,-0.43125558,0.3764882
246783708851289,g,-0.0226896,-0.016866865,-0.013245764
246783739716446,a,0.09876082,0.16235681,-0.2916437
246783740010039,g,0.060401026,0.02254792,0.03788693
246783745241914,a,0.17223288,0.5056255,-0.52612585
246783745517904,g,-0.023754865,-0.008344749,-0.022833144
246783801130821,a,-0.3959411,0.23148938,0.84096336
246783801429206,g,0.031638887,0.023613185,0.021907961
246783801918425,a,-0.042646717,1.0902596,0.3405752
246783802166654,g,-0.0024495756,0.0055036885,0.032560606
246783802647279,a,0.35957918,0.2861071,0.53450555
246783802898685,g,-0.045060154,-0.021127922,0.04108272
246783839811029,a,0.11686697,0.62458736,1.5304934
246783840103581,g,-0.05890859,-0.013671071,0.05493116
246783840592904,a,0.15966332,-0.30107087,0.25917232
246783840840352,g,0.0018114821,-0.0051489556,0.03788693
246783907111706,a,0.688333,-0.037110128,0.08664017
246783907484623,g,0.06253155,-0.065869026,-0.039877374
246783908110977,a,-0.17088614,-0.33997664,-0.3990835
246783908359935,g,-0.17076136,0.06409323,0.0016679377
246783908841445,a,-0.2427122,-0.123451024,-3.2555158
246783909091758,g,0.1573401,-0.0072794845,0.059192218
246783939891393,a,-0.91668,-0.35823244,-0.8491934
246783940186550,g,0.008203069,-0.026454244,0.09434594
246783940674779,a,0.42916065,-0.23133974,0.08933365
246783940945925,g,0.09129369,-8.878979E-4,-0.0015278555
246784007193893,a,0.533907,-0.24824879,0.46821606
246784007567591,g,-0.059973855,0.0076342174,-0.17942701
246784008167539,a,0.10070611,-0.56667763,-0.21173722
246784008416445,g,0.060401026,0.0023078953,-0.16557857
246784008904050,a,0.098461546,0.3131915,0.41075522
246784009153945,g,0.0050072754,-0.0019531623,0.011255317
246784039973425,a,0.116418056,-0.22729953,0.015711948
246784040269362,g,-0.012036955,-0.0072794845,-0.0068541775
246784040777956,a,-0.25617957,-0.57011926,0.053869538
246784041029935,g,-0.083409674,-0.0051489556,0.07517118
246784107392539,a,0.069731124,-0.05746084,0.9802759
246784107685977,g,0.026312564,0.008699482,-0.022833144
246784108250508,a,-0.09696517,-0.30900165,0.72649056
246784108499727,g,-0.038668565,0.008699482,-0.038812112
246784108984623,a,-0.21817163,-0.45295304,-0.0827496
246784116695768,g,0.00821745,-0.0030157636,0.017646372
246784140084570,a,0.23223756,-0.5930138,-0.28401217
246784140377122,g,7.605988E-4,-0.0072768214,0.012320049
246784140866029,a,0.0700304,0.19946693,0.024540568
246784141115143,g,0.03484906,-0.004081028,-0.0025936526
246784198789466,a,0.09980828,-0.09008184,0.074818805
246784199084831,g,0.045501705,-0.0030157636,0.0069937273
246784199596133,a,-0.011971008,-0.13676877,-0.29613283
246784199845716,g,-0.07061212,1.8002969E-4,0.011254785
246784200329102,a,0.005686229,-0.72170216,0.5081693
246784200576393,g,0.08598176,-0.0019504991,0.0048631984
246784245705300,a,0.15846622,-0.47928926,0.44352585
246784246120300,g,0.056154348,0.005506352,0.008058991
246784246675664,a,0.023493104,-0.55440736,-0.44696754
246784246927539,g,-0.01095731,1.8002969E-4,-0.013246297
246784303648841,a,-0.062249243,-0.20305823,0.23777416
246784303943893,g,0.043371174,0.0012452941,-0.010050504
246784304431862,a,-0.038007952,0.28281507,-0.38232407
246784304679831,g,-0.016283631,-8.8523474E-4,-0.0015283881
246784305162070,a,0.011372458,-0.8888474,0.04369418
246784305411862,g,0.006086921,0.008702145,6.0214073E-4
246784345814154,a,-0.033668462,-0.9328408,0.38606504
246784346228633,g,0.028457474,0.0023105585,-0.007919975
246784346788164,a,-0.035913024,-0.21308395,0.3309984
246784347036549,g,0.0050216564,0.010832674,6.0214073E-4
246784402187383,a,-0.08364742,0.5472247,0.48647186
246784402477435,g,0.030588003,-0.0019504991,-0.0057894457
246784407225143,a,0.28565818,0.1726818,-0.14305355
246784407499049,g,0.045501705,0.005506352,0.0155158425
246784408020508,a,-0.069731124,-0.49290627,0.670975
246784408274779,g,0.049762763,0.014028467,-0.020703148
246784445893372,a,-0.1806126,-1.2235867,-0.29867667
246784446315977,g,-0.019479426,-0.006211557,-0.03774738
246784446870716,a,-0.100257196,-0.19707273,0.03875614
246784447119727,g,-0.01095731,-0.008342085,-0.021768412
246784480397799,a,-0.15008652,0.6545149,0.35000235
246784480693164,g,-0.067416325,0.003375823,0.020842165
246784481182018,a,-0.10684125,1.6522985,0.3450643
246784481430612,g,0.033783797,-0.0072768214,0.022972694
246784520500872,a,-0.10175357,-1.5177742,0.46731824
246784520794779,g,-0.01095731,0.009767409,0.018711636
246784521283424,a,0.2674024,-0.61620766,0.13437457
246784521701393,g,-0.05889421,-0.0051462925,0.04108219
246784566158529,a,0.050727148,1.0241197,-0.109834
246784566450404,g,-0.016283631,1.8002969E-4,0.034690604
246784567027435,a,-0.05925649,0.31124622,0.04818331
246784567281289,g,-0.019479426,-8.8523474E-4,0.011254785
246784621313893,a,-0.054468088,0.45968673,0.27563247
246784621794779,g,0.0934386,0.010832674,0.0016674051
246784622289310,a,-2.992752E-4,-2.4381952,1.3364135
246784629936029,g,-0.09512412,-0.016866332,-0.018572086
246784630642070,a,0.16744448,-0.3091513,0.28520927
246784630896654,g,-0.004576642,-8.8736526E-4,-0.017506821
246784658670508,a,-0.36017773,0.51460373,0.28042087
246784658961862,g,0.029511819,0.0033736925,-0.008984706
246784659449049,a,0.010773907,-0.20620061,0.009876082
246784659697695,g,0.047621313,0.014026336,0.025103755
246784704248581,a,0.050427873,-1.0372878,0.041000705
246784704542904,g,-0.010968229,-0.005148423,0.014451111
246784709945143,a,-0.07167641,-0.24555531,-0.042796355
246784710379570,g,-0.015229287,-0.0019526297,-0.0015278555
246784762397070,a,-0.13213001,0.10115502,0.20141222
246784762690976,g,0.003945473,-0.0030178942,0.02403849
246784763175820,a,-0.12300211,-0.029029695,0.12958616
246784763430560,g,0.0028802087,0.005504221,0.036821663
246784763926081,a,0.6088754,-1.2005426,-0.03561375
246784764172643,g,-0.0088377,-8.8736526E-4,0.09434594
246784826818320,a,-0.12524667,-0.8321347,0.06239888
246784827112799,g,-0.022686137,-0.0019526297,-0.109119564
246784827693841,a,-0.031423897,-0.033518825,0.0911293
246784827942331,g,-0.050383013,-0.007278952,-0.01963735
246784828454049,a,-0.03441665,0.057909753,0.0935235
246784828701862,g,-0.01629455,-0.0030178942,-0.0036583843
246784858770924,a,-0.46582186,0.62683195,0.22984336
246784859063112,g,0.16053934,0.024678981,0.0016679377
246784859553268,a,0.074818805,-0.98551327,-0.040551793
246784859801706,g,-0.059970394,-0.005148423,-0.16557857
246784898487591,a,0.5431845,0.32097265,-0.011971008
246784898779935,g,-0.02801246,-0.005148423,0.043213252
246784899284674,a,-0.0023942017,0.06060323,0.028880058
246784899533685,g,-0.001380849,0.002308428,-4.6259107E-4
246784946430976,a,0.012419921,0.057909753,0.105494514
246784946725299,g,7.4967986E-4,-8.8736526E-4,-4.6259107E-4
246784947301341,a,-0.014215573,0.043245267,0.10788871
246784947551497,g,0.0018149443,0.0012431636,0.0016679377
246785002562695,a,0.0028431145,0.02873042,0.07676409
246785002857487,g,-0.0024461134,0.0033736925,0.0027332022
246785003356080,a,0.014963761,0.050427873,0.09831191
246785003606289,g,-0.004576642,0.002308428,-4.6259107E-4
246785004101393,a,0.020500353,0.048482586,0.0025438394
246785004348424,g,-0.001380849,-8.8736526E-4,6.0267333E-4
246785068205924,a,-0.008230069,0.053420626,0.050427873
246785068498893,g,7.4967986E-4,-0.0019526297,-4.6259107E-4
246785069077018,a,-0.029777884,0.065242,0.0863409
246785069329310,g,-0.001380849,0.0012431636,6.0267333E-4
246785069829258,a,-0.005686229,0.038606502,1.496376E-4
246785070077226,g,-0.0024461134,1.7789916E-4,0.0016679377
246785122665508,a,-0.020051438,0.07227496,0.09591771
246785122957643,g,-0.0024461134,-8.8736526E-4,-0.0036583843
246785123462695,a,0.006434417,0.038456865,0.11267712
246785129665872,g,0.003970773,-0.004078365,6.018744E-4
246785130387070,a,0.0013467384,0.06688801,0.071975686
246785130640403,g,-0.0034860778,0.0012479572,-4.6339002E-4
246785160319205,a,0.022894554,0.042796355,0.052822076
246785160615143,g,-0.001355549,-8.8257156E-4,-0.0015286545
246785161115664,a,0.0035913025,0.047734395,0.0839467
246785161365768,g,-0.0024208133,-0.001947836,6.018744E-4
246785206624570,a,-0.005985504,0.025887307,0.048033673
246785206920247,g,-0.0024208133,0.0012479572,-0.002593919
246785207502070,a,0.005686229,0.076015905,0.03606266
246785207753112,g,-0.001355549,1.8269285E-4,6.018744E-4
246785262822122,a,0.024839843,0.049530048,0.009726444
246785263131289,g,7.749799E-4,-0.001947836,-4.6339002E-4
246785263634414,a,-0.0068833297,0.044592008,0.11267712
246785263885195,g,-0.0024208133,0.0012479572,6.018744E-4
246785264383424,a,-0.018704701,0.044592008,0.07676409
246785264630247,g,-2.9028454E-4,-0.001947836,-4.6339002E-4
246785328906341,a,-0.021547815,0.048931498,0.06958149
246785329198112,g,-2.9028454E-4,1.8269285E-4,6.018744E-4
246785329777382,a,-0.0023942017,0.074818805,0.033668462
246785330029935,g,-0.004551342,0.0012479572,-4.6339002E-4
246785330529414,a,-0.026186582,0.041150343,0.033668462
246785330777278,g,-0.001355549,-8.8257156E-4,-0.0015286545
246785663042382,a,0.025737667,0.052971713,0.0911293
246785663080507,g,-0.0013843111,-8.878979E-4,-0.0015278555
246785377119414,a,-0.079457566,0.07227496,0.15816694
246785377373997,g,0.015688682,0.0065742796,-4.6339002E-4
246785377887539,a,0.0047884034,-0.027234044,-0.035763387
246785378140664,g,-0.032248218,-0.0072741583,-0.002593919
246785414948632,a,0.023642741,0.056114104,0.0887351
246785415234674,g,-0.0077471356,-0.0030131005,-4.6339002E-4
246785415761028,a,0.027982233,0.034715924,0.10070611
246785416066497,g,-0.001355549,1.8269285E-4,6.018744E-4
246785501678528,a,0.004040215,0.024690205,0.07436989
246785501710716,g,0.003970773,-0.001947836,-0.002593919
246785501728997,a,0.020500353,0.020201078,0.038456865
246785501747018,g,-0.001355549,0.0012479572,-4.6339002E-4
246785516507382,a,-0.022595279,0.029179333,0.026485857
246785516788059,g,-2.9028454E-4,0.0012479572,-4.6339002E-4
246785517697851,a,-0.012868834,0.045789108,0.06718729
246785517956653,g,7.749799E-4,1.8269285E-4,-4.6339002E-4
246785518466705,a,-0.0031423897,0.065092355,0.0839467
246785518718424,g,-0.001355549,0.0012479572,-4.6339002E-4
246785557891341,a,0.004040215,0.04563947,0.06479308
246785558163580,g,-0.0024208133,0.0012479572,-0.0015286545
246785558686184,a,0.021098902,0.06015432,0.119859725
246785558938789,g,7.749799E-4,-8.8257156E-4,6.018744E-4
246785623063007,a,-0.0055365916,0.021547815,0.038456865
246785623356341,g,-0.001355549,1.8269285E-4,6.018744E-4
246785623858789,a,0.01616086,0.041000705,0.048033673
246785627458164,g,-0.0013843111,1.7736653E-4,-0.0015278555
246785628182278,a,0.013617022,0.06254852,0.03606266
246785628436237,g,0.0018114821,0.001242631,6.0267333E-4
246785656973424,a,-0.026934769,0.045789108,0.03127426
246785657014414,g,-0.0013843111,-0.0030184267,-4.6259107E-4
246785982977695,a,-0.011971008,0.07227496,0.11507132
246785983009101,g,0.0050072754,0.0023078953,-0.0015278555
246785696278059,a,0.009127894,0.05551555,0.06479308
246785697419257,g,-3.190467E-4,-0.0030184267,-4.6259107E-4
246785699572591,a,-0.010175358,0.03606266,0.0815525
246785699841601,g,-0.0024495756,1.7736653E-4,-0.0015278555
246785735330455,a,-0.022296004,0.033668462,0.07676409
246785735619726,g,-0.00351484,1.7736653E-4,-0.0015278555
246785736238632,a,-0.019602526,0.050727148,0.0863409
246785736496809,g,7.4621773E-4,1.7736653E-4,-0.0025931199
246785785486236,a,-0.009726444,0.08185177,0.050427873
246785785779205,g,-0.0013843111,0.001242631,-0.0015278555
246785787029622,a,-0.007182605,0.07182605,0.004938041
246785787285247,g,-3.190467E-4,0.0023078953,-4.6259107E-4
246785821459518,a,0.017058687,0.081103586,0.028880058
246785821753268,g,-3.190467E-4,-0.0019531623,6.0267333E-4
246785822256966,a,-0.0047884034,0.054468088,0.0935235
246785822505143,g,-0.00351484,0.0033731598,-4.6259107E-4
246785861527539,a,0.012270284,0.06628946,0.024091655
246785861820924,g,-0.00351484,0.0033731598,6.0267333E-4
246785862319466,a,0.0055365916,0.047135845,0.03606266
246785862586132,g,-3.190467E-4,0.001242631,6.0267333E-4
246785934219726,a,-0.0134673845,0.06868366,0.04563947
246785934490299,g,0.0071378043,0.001242631,6.0267333E-4
246785935021549,a,0.051026423,0.01062427,0.0863409
246785935274570,g,-0.017363278,-0.0019531623,-0.0015278555
246785935778268,a,0.024540568,0.07392098,0.06958149
246785936110455,g,-0.0024495756,-0.0019531623,-4.6259107E-4
246785981488111,a,-0.033369187,0.0,0.10310031
246785981524309,g,-0.00351484,-0.0019531623,-0.0015278555
246785981552070,a,0.014814123,-0.013916298,0.048033673
246785981578476,g,0.013529391,1.7736653E-4,-0.0015278555
246785982977695,a,-0.011971008,0.07227496,0.11507132
246785983009101,g,0.0050072754,0.0023078953,-0.0015278555
246786048559882,a,0.022445641,0.056712653,0.16056114
246786048854518,g,-0.0013843111,1.7736653E-4,6.0267333E-4
246786049432122,a,-0.011073183,0.07826047,0.03606266
246786049682799,g,7.4621773E-4,0.001242631,-0.0025931199
246786050183632,a,0.0035913025,0.037259765,0.06479308
246786050434882,g,-3.190467E-4,-0.0019531623,6.0267333E-4
246786081730768,a,8.9782564E-4,0.032621,0.06958149
246786081779153,g,-3.190467E-4,0.001242631,-0.0015278555
246786081984934,a,0.01062427,0.04938041,0.119859725
246786082018841,g,-0.0024495756,-0.0019531623,-0.0015278555
246786116410611,a,-0.016011223,0.07317279,0.048033673
246786119672174,g,-0.0013662017,0.0012458267,-4.6312372E-4
246786119705507,a,0.032022446,0.044292733,0.03606266
246786119733163,g,-0.0013662017,0.0012458267,-4.6312372E-4
246786159094882,a,0.008230069,0.039504327,0.0935235
246786159128893,g,-3.009372E-4,0.0012458267,-4.6312372E-4
246786159156236,a,-0.022894554,0.046537295,0.11267712
246786159381132,g,-0.002431466,-8.847021E-4,-0.0015283881
246786200387226,a,-0.017806875,0.027533319,0.06718729
246786200679570,g,-0.0034967305,-8.847021E-4,-4.6312372E-4
246786201180715,a,-0.0104746325,0.0350152,0.06958149
246786201427278,g,-0.002431466,0.0012458267,-4.6312372E-4
246786269214518,a,0.001496376,0.0398036,0.0815525
246786269510455,g,-3.009372E-4,-8.847021E-4,-4.6312372E-4
246786270086340,a,-0.015711948,0.058807578,0.122253925
246786270336705,g,-0.002431466,-8.847021E-4,-4.6312372E-4
246786270834882,a,-0.020350715,0.037110128,0.09591771
246786271083163,g,-0.0013662017,1.8056232E-4,-4.6312372E-4
246786323698684,a,0.0010474633,0.06808511,0.09831191
246786323993684,g,-0.0013662017,1.8056232E-4,-4.6312372E-4
246786329650507,a,-0.0134673845,0.03187281,0.06239888
246786329684517,g,0.0018295917,-0.0019499665,6.0214073E-4
246786329711184,a,-0.02064999,0.043993454,0.071975686
246786329738424,g,-0.0013662017,-8.847021E-4,-4.6312372E-4
246786359992851,a,-0.008828619,0.0537199,0.06239888
246786360287538,g,-0.0013662017,0.0023110912,-0.0015283881
246786360792695,a,0.00808043,0.044143096,0.0073322426
246786361042017,g,7.6432724E-4,0.0012458267,-0.0015283881
246786407521549,a,0.010773907,0.03935469,0.12943652
246786407816861,g,7.6432724E-4,0.0012458267,-4.6312372E-4
246786408396028,a,-0.0013467384,0.043843817,0.06479308
246786408650090,g,-0.0013662017,0.0033763556,-0.0025936526
246786437077330,a,0.0011971008,0.026934769,0.050427873
246786437370767,g,-3.009372E-4,1.8056232E-4,6.0214073E-4
246786437879726,a,-0.0010474633,0.045789108,0.03606266
246786438131392,g,7.6432724E-4,-0.0040804953,-0.0015283881
246786482089361,a,-0.034715924,0.05057751,0.06958149
246786482381288,g,7.6432724E-4,-8.847021E-4,-0.0015283881
246786482883788,a,-0.013018472,0.05267244,0.06479308
246786483132017,g,-0.0013662017,0.0012458267,-0.0015283881
246786548843528,a,-0.0058358666,0.05955577,0.0839467
246786549154882,g,-0.0013662017,1.8056232E-4,6.0214073E-4
246786555464309,a,0.025288755,0.057161566,0.052822076
246786555764153,g,0.0024634239,-0.0030293458,0.0013981595
246786556478632,a,0.0011971008,0.030526072,0.07676409
246786556729413,g,3.3289514E-4,0.0012317119,-7.323693E-4
246786603978944,a,-0.01062427,0.035314474,0.06718729
246786604274413,g,0.0035286883,1.6644757E-4,3.3289514E-4
246786604776913,a,0.11162966,-0.53465515,-0.26560676
246786605032069,g,-0.16797888,-0.011551461,-0.014580807
246786605512642,a,0.004040215,0.10354923,0.107739076
246786607859153,g,0.014181333,1.6644757E-4,3.3289514E-4
246786659912017,a,0.019303251,0.029777884,0.048033673
246786660195090,g,0.0056592175,0.0012317119,3.3289514E-4
246786660724361,a,0.009876082,0.046088383,0.05761048
246786660974465,g,0.016311862,0.0033622407,0.0013981595
246786661476184,a,0.015113398,0.063296705,0.021697452
246786661725194,g,0.004593953,0.0022969765,3.3289514E-4
246786718098684,a,0.008379706,0.038307227,0.0935235
246786718578944,g,0.0035286883,0.0012317119,3.3289514E-4
246786719126601,a,-0.013018472,0.05207389,0.0863409
246786719380663,g,0.0024634239,0.0022969765,3.3289514E-4
246786719884049,a,0.0019452889,0.0398036,0.09591771
246786720136653,g,-7.323693E-4,-8.9881686E-4,0.0013981595
246786773154309,a,-0.02184709,0.054168813,0.071975686
246786773377121,g,3.3289514E-4,0.0033622407,3.3289514E-4
246786773407694,a,-0.018704701,0.049081136,0.052822076
246786773434726,g,0.0013981595,1.6644757E-4,3.3289514E-4
246786799275142,a,-0.032920275,0.027084406,0.09591771
246786799312330,g,-7.323693E-4,-8.9881686E-4,-0.0017976337
246786799339049,a,-0.037409402,-0.03755904,0.14619595
246786799364934,g,-0.0017976337,1.6644757E-4,0.0013981595
246786837334413,a,-0.0013467384,0.043993454,0.052822076
246786837367799,g,-7.323693E-4,1.6644757E-4,0.0013981595
246786837395767,a,-0.008230069,0.053420626,0.0911293
246786837622746,g,-0.0017976337,1.6644757E-4,3.3289514E-4
246786888497069,a,0.008678981,0.022146367,0.11267712
246786888796288,g,0.0013981595,0.0012317119,3.3289514E-4
246786889378059,a,-7.48188E-4,0.06284779,0.105494514
246786889630507,g,0.0013981595,1.6644757E-4,0.0024634239
246786942465871,a,-0.022296004,0.021547815,0.0863409
246786942756913,g,-0.0017976337,-8.9881686E-4,0.0013981595
246786943260819,a,-0.03172317,0.064493805,0.0887351
246786943510246,g,-0.0039281626,0.004427505,0.0013981595
246786948628788,a,0.005087679,0.05955577,0.10310031
246786948663840,g,-7.323693E-4,0.0012317119,3.3289514E-4
246787009818319,a,0.009726444,0.03755904,0.028880058
246787010108319,g,3.3289514E-4,0.0022969765,3.3289514E-4
246787010694309,a,0.014814123,0.07332243,0.026485857
246787010944413,g,-0.0028628982,1.6644757E-4,3.3289514E-4
246787011441809,a,0.014814123,0.03232172,0.03127426
246787011692798,g,-0.0028628982,0.006558034,3.3289514E-4
246787039242069,a,-0.011522096,0.06344634,0.0839467
246787039535923,g,-7.323693E-4,1.6644757E-4,-7.323693E-4
246787040040715,a,-0.0017956513,0.09412205,0.0839467
246787040289673,g,0.0013981595,-8.9881686E-4,-7.323693E-4
246787080502173,a,0.0028431145,0.04070143,0.048033673
246787080794882,g,3.3289514E-4,0.0022969765,0.0013981595
246787081297590,a,0.0055365916,0.06688801,0.14859015
246787081547382,g,0.0013981595,1.6644757E-4,3.3289514E-4
246787126180663,a,0.04369418,0.042347442,0.0863409
246787128507851,g,-7.323693E-4,1.6644757E-4,-7.323693E-4
246787129201861,a,-0.04504092,0.058957215,0.11267712
246787129454569,g,-7.323693E-4,1.6644757E-4,-7.323693E-4
246787182188944,a,0.0077811554,0.020350715,0.05761048
246787182505142,g,-0.0017976337,1.6644757E-4,-7.323693E-4
246787183013111,a,-0.018854339,0.05626374,0.11028291
246787183263684,g,-0.0017976337,0.004427505,0.0013981595
246787183758996,a,0.010175358,0.06075287,0.055216275
246787184007746,g,-7.323693E-4,1.6644757E-4,3.3289514E-4
246787226186809,a,-0.040102877,0.034267012,0.055216275
246787226514361,g,3.3289514E-4,0.0012317119,-7.323693E-4
246787227095038,a,-0.001496376,0.043544542,0.105494514
246787227344309,g,3.3289514E-4,-8.9881686E-4,3.3289514E-4
246787278686861,a,-0.013617022,0.048033673,0.0911293
246787278979986,g,3.3289514E-4,-0.00409461,0.0013981595
246787284242590,a,5.985504E-4,0.0047884034,0.06958149
246787284516080,g,0.0035286883,0.0022969765,3.3289514E-4
246787285037955,a,0.022296004,0.045340195,0.048033673
246787285291757,g,-7.323693E-4,0.0012317119,0.0013981595
246787327431809,a,-0.008978256,0.052373163,0.07915829
246787327725194,g,3.3289514E-4,-8.9881686E-4,-7.323693E-4
246787328301132,a,-0.013916298,-0.024690205,0.033668462
246787328553215,g,-0.0028628982,0.0012317119,3.3289514E-4
246787363734778,a,0.0032920274,0.052373163,0.10788871
246787364030298,g,0.0024634239,-0.00409461,0.0024634239
246787364529569,a,0.04129998,0.037708677,0.050427873
246787364780455,g,3.3289514E-4,-8.9881686E-4,-7.323693E-4
246787417687642,a,-0.04743512,0.0062847794,0.0863409
246787417985819,g,3.3289514E-4,1.6644757E-4,3.3289514E-4
246787418496809,a,0.0055365916,0.013317747,0.052822076
246787418749257,g,-7.323693E-4,0.0012317119,3.3289514E-4
246787419248580,a,0.024690205,0.44651863,0.14380173
246787419499830,g,3.3289514E-4,-0.0051598744,3.3289514E-4
246787473419986,a,0.086490534,-0.32202014,-0.12913725
246787474201340,g,-0.10406302,-0.020073576,0.0035286883
246787474766080,a,-0.0035913025,0.049530048,0.06479308
246787475021392,g,0.009920275,1.6644757E-4,3.3289514E-4
246787518004673,a,0.005686229,0.052971713,0.0887351
246787518260246,g,0.0056592175,-8.9881686E-4,3.3289514E-4
246787518920767,a,0.0055365916,0.03561375,0.122253925
246787519251184,g,-0.0017976337,0.0012317119,-0.0028628982
246787524796444,a,0.020201078,0.037259765,0.071975686
246787524830038,g,0.007789746,1.6644757E-4,0.0013981595
246787586701236,a,-0.0055365916,0.03815759,0.0815525
246787586995194,g,0.0013981595,0.0022969765,-7.323693E-4
246787587581705,a,0.030526072,0.045340195,0.052822076
246787587835715,g,-0.0028628982,0.0012317119,3.3289514E-4
246787592212330,a,-0.014963761,0.05955577,0.06239888
246787592247225,g,3.3289514E-4,-8.9881686E-4,-7.323693E-4
246787623266288,a,-0.024690205,0.004489128,0.05761048
246787623309100,g,-8.4289047E-4,1.4514227E-4,0.001401089
246787623337850,a,-0.012419921,0.026036944,0.07676409
246787623366288,g,-8.4289047E-4,0.0012104067,3.3582462E-4
246787657257538,a,-0.0028431145,0.04743512,0.0911293
246787657537538,g,-8.4289047E-4,-9.2012214E-4,-7.2943984E-4
246787658054986,a,0.004638766,0.03067571,0.11028291
246787658308267,g,-8.4289047E-4,0.002275671,3.3582462E-4
246787702793996,a,-0.040851068,0.028281508,0.055216275
246787703087382,g,-8.4289047E-4,-9.2012214E-4,-7.2943984E-4
246787703677850,a,0.004938041,0.02558803,0.004938041
246787703930923,g,-0.0019081549,0.0012104067,3.3582462E-4
246787739029048,a,0.03127426,0.037409402,0.019303251
246787739325454,g,2.2237394E-4,1.4514227E-4,-7.2943984E-4
246787739833892,a,0.021547815,-0.02498948,0.06000468
246787740084465,g,2.2237394E-4,1.4514227E-4,3.3582462E-4
246787783133840,a,-0.0047884034,0.011222821,0.05761048
246787783425975,g,2.2237394E-4,1.4514227E-4,3.3582462E-4
246787783926548,a,0.010025719,0.018405426,0.021697452
246787784196600,g,2.2237394E-4,1.4514227E-4,-7.2943984E-4
246787826589257,a,-0.0019452889,-0.010324995,0.105494514
246787826883684,g,2.2237394E-4,-0.0019853865,0.001401089
246787827466496,a,0.019452889,0.0134673845,0.105494514
246787827714361,g,-0.0019081549,1.4514227E-4,-7.2943984E-4
246787885011861,a,0.03127426,0.008828619,0.0911293
246787885305350,g,0.0012876383,1.4514227E-4,-7.2943984E-4
246787885807746,a,-0.004638766,0.030376434,0.09831191
246787886173111,g,0.0012876383,1.4514227E-4,-7.2943984E-4
246787886670715,a,-0.0163105,0.037259765,0.11507132
246787886920350,g,-8.4289047E-4,-9.2012214E-4,-7.2943984E-4
