1426221456183852467,a,0.013916298,-0.029628245,0.08424597
1426221456183852467,g,-0.0059170113,-0.0023691482,-0.0014016216
1426221432866240975,g,-1.9973709E-4,-0.0017811222,-5.006743E-5
1426221432871243974,a,-0.033668462,-0.04683657,0.100257196
1426221432871243974,g,0.004061321,-7.158577E-4,0.0020804615
1426221432876246973,a,0.035763387,-0.020500353,0.11462241
1426221432876246973,g,0.0019307918,-0.0017811222,0.001015197
1426221432881249972,a,-0.03606266,-0.010923545,0.09307459
1426221432881249972,g,-1.9973709E-4,-0.0028463865,-0.0011153319
1426221432886252971,a,-0.004938041,-0.03007716,0.13617022
1426221455963852467,a,-0.030226797,0.0020949265,0.1273416
1426221455963852467,g,0.0026964506,8.322378E-4,-3.3289514E-4
1426221455983852467,a,-0.017956512,0.01616086,0.112976395
1426221455983852467,g,5.659217E-4,8.322378E-4,7.323693E-4
1426221456003852467,a,-0.025139118,-8.9782564E-4,0.112976395
1426221456003852467,g,-4.993427E-4,8.322378E-4,-3.3289514E-4
1426221456023852467,a,-0.01062427,0.008828619,0.096216984
1426221456023852467,g,-4.993427E-4,8.322378E-4,-0.0013981595
1426221456043852467,a,0.0062847794,-0.0199018,0.09382278
1426221456043852467,g,-0.0015646071,-2.330266E-4,7.323693E-4
1426221456063852467,a,0.01810615,-0.0052373162,0.15607202
1426221456063852467,g,-4.993427E-4,-2.330266E-4,-0.0013981595
1426221456083852467,a,0.022744916,-0.02184709,0.050727148
1426221456083852467,g,-4.993427E-4,-0.0034288198,0.0017976337
1426221456103852467,a,0.012419921,0.009726444,-0.0043394906
1426221456103852467,g,-0.0047604004,0.0018975022,-0.0013981595
1426221456123852467,a,-0.040551793,-0.011372458,0.13931261
1426221456123852467,g,-0.0015646071,-0.0034288198,-0.0024634239
1426221456143852467,a,0.0023942017,0.029927522,0.08903438
1426221456143852467,g,-0.002721218,-2.3861924E-4,-0.0014016216
1426221456163852467,a,-0.012270284,0.008529344,0.1225532
1426221456163852467,g,-0.0016559536,-0.0034344124,-3.3635725E-4
1426221456183852467,a,0.013916298,-0.029628245,0.08424597
1426221456183852467,g,-0.0059170113,-0.0023691482,-0.0014016216
1426221456203852467,a,-0.0104746325,1.496376E-4,0.05551555
1426221456203852467,g,-5.9068913E-4,-0.004499677,-0.0014016216
1426221456223852467,a,0.013018472,0.060303956,0.1297358
1426221456223852467,g,-0.0037864824,-0.0013038836,-0.0014016216
1426221456243852467,a,8.9782564E-4,-0.011222821,0.096216984
1426221456243852467,g,-0.002721218,-0.0023691482,-0.0014016216
1426221456263852467,a,-0.01436521,-0.006135142,0.13213001
1426221456263852467,g,-0.0016559536,0.0018919096,-0.0014016216
1426221456283852467,a,-0.026485857,0.010923545,0.10579379
1426221456283852467,g,0.0015398398,-0.0013038836,-3.3635725E-4
1426221456303852467,a,-0.0026934769,0.01316811,0.08903438
1426221456303852467,g,-0.0016559536,-0.0034344124,-0.0014016216
1426221456323852467,a,-0.012569559,0.018255789,0.11776479
1426221456323852467,g,-0.002721218,-0.0013038836,-3.3635725E-4
1426221456343852467,a,-0.010324995,0.009127894,0.08185177
1426221456343852467,g,-0.002721218,-0.0013038836,7.289072E-4
1426221456363852467,a,-0.0175076,0.02633622,0.14888942
1426221456363852467,g,-5.9068913E-4,-0.0023691482,-0.0014016216
1426221456383852467,a,-0.0034416649,-0.002244564,0.021996727
1426221456383852467,g,4.745753E-4,-0.0023691482,-0.002466886
1426221456403852467,a,-0.008828619,-0.019153614,0.09861118
1426221456403852467,g,-0.0016559536,-2.3861924E-4,-3.3635725E-4
1426221456423852467,a,-0.008828619,0.012270284,0.08664017
1426221456423852467,g,4.745753E-4,-0.0013038836,0.004989965
1426221456443852467,a,-0.025887307,-0.025887307,0.14888942
1426221456443852467,g,-0.002721218,-0.0013038836,-3.3635725E-4
1426221456463852467,a,-0.0017956513,0.013018472,0.1273416
1426221456463852467,g,-5.9068913E-4,8.266452E-4,0.0017941716
1426221456483852467,a,-0.025737667,-0.013018472,0.07466917
1426221456483852467,g,4.745753E-4,-2.3861924E-4,-3.3635725E-4
1426221456503852467,a,-0.006584055,0.013317747,0.17043723
1426221456503852467,g,0.0015398398,8.266452E-4,-0.0014016216
1426221456523852467,a,-0.056563016,0.034566287,0.060303956
1426221456523852467,g,0.0015398398,-0.0023691482,-0.0014016216
1426221456543852467,a,0.029927522,0.026934769,0.07466917
1426221456543852467,g,-0.002721218,-0.004499677,7.289072E-4
1426221456563852467,a,-0.004638766,0.0053869537,0.11058219
1426221456563852467,g,-0.002721218,-0.0013038836,-0.0035321505
1426221456583852467,a,0.011821371,0.010923545,0.10339958
1426221456583852467,g,-0.002721218,-0.0023691482,-0.002466886
1426221456603852467,a,-0.010025719,-0.02439093,0.15846622
1426221456603852467,g,-0.0037864824,0.002957174,-0.0014016216
1426221456623852467,a,-0.02873042,0.004938041,0.15367782
1426221456623852467,g,0.0015398398,-0.00769547,-0.002466886
1426221456643852467,a,-0.015113398,0.06703765,0.041150343
1426221456643852467,g,-6.6179555E-4,-0.0034384073,-3.387541E-4
1426221456663852467,a,-0.044143096,-0.024241293,0.10339958
1426221456663852467,g,4.034689E-4,-2.4261397E-4,-0.0014040185
1426221456683852467,a,-8.9782564E-4,-0.014664485,0.17761984
1426221456683852467,g,8.322378E-4,0.0013315806,4.3276369E-4
1426221456703852467,a,0.0011971008,0.037708677,0.050727148
1426221456703852467,g,-0.001298291,-7.9894834E-4,-0.0016977652
1426221456723858475,a,-0.01616086,0.014065935,0.10339958
1426221456723858475,g,-0.0023635554,-7.9894834E-4,4.3276369E-4
1426221456743864483,a,-0.002244564,-0.009127894,0.14410101
1426221456743864483,g,-0.001298291,0.0034621095,-6.3250074E-4
1426221456763870491,a,-0.035913024,0.027084406,0.09382278
1426221456763870491,g,-0.001298291,-7.9894834E-4,-0.0016977652
1426221456783876499,a,-0.011971008,0.03187281,0.057909753
1426221456783876499,g,-0.001298291,0.0034621095,-6.3250074E-4
1426221456803882507,a,-0.0163105,-0.0013467384,0.08424597
1426221456803882507,g,-0.0034288198,2.663161E-4,-0.0016977652
1426221456823888515,a,-0.004638766,0.04938041,0.09861118
1426221456823888515,g,0.0018975022,-7.9894834E-4,-0.0016977652
1426221456843894523,a,-0.01436521,0.017956512,0.17043723
1426221456843894523,g,8.322378E-4,2.663161E-4,-0.0016977652
1426221456863900531,a,-1.496376E-4,-0.0038905777,0.08185177
1426221456863900531,g,8.322378E-4,2.663161E-4,-0.0027630297
1426221456883906539,a,-0.0025438394,-0.010923545,0.029179333
1426221456883906539,g,-0.001298291,-0.0029294773,-0.0016977652
1426221456903912547,a,0.006584055,0.0035913025,0.14649522
1426221456903912547,g,-0.001298291,-7.9894834E-4,4.3276369E-4
1426221456923918555,a,-0.012719196,-0.027383681,0.13452421
1426221456923918555,g,-0.0023635554,2.663161E-4,0.001498028
1426221456943924563,a,-0.029029695,-0.029478608,0.17522563
1426221456943924563,g,-0.001298291,-0.0039947415,-6.3250074E-4
1426221456963930571,a,-0.039205052,0.61037177,-1.6204256
1426221456963930571,g,0.29058418,0.13448964,0.070740215
1426221456983936579,a,0.011222821,0.09247604,0.002992752
1426221456983936579,g,-0.016211992,-0.011451593,4.3276369E-4
1426221457003942587,a,-5.985504E-4,0.017357962,0.010175358
1426221457003942587,g,-0.0023635554,2.663161E-4,4.3276369E-4
1426221457023948595,a,-0.046387658,0.026934769,0.12749124
1426221457023948595,g,0.004028031,0.0045273737,-0.0016977652
1426221457043954603,a,-0.012120646,-0.026186582,0.2136825
1426221457043954603,g,0.014680675,0.0098536955,4.3276369E-4
1426221457063960611,a,-0.05192425,0.039504327,0.024540568
1426221457063960611,g,0.06794389,0.062051654,-0.0016977652
1426221457083966619,a,-0.06314707,0.013317747,0.038905777
1426221457083966619,g,0.02320279,0.015180018,-6.3250074E-4
1426221457103972627,a,0.019602526,-0.013018472,0.06284779
1426221457103972627,g,0.0029627667,-0.0029294773,-6.3250074E-4
1426221457123978635,a,-0.028431145,-0.007182605,0.10115502
1426221457123978635,g,0.0029627667,-0.0018642128,-0.0016977652
1426221457143984643,a,-0.06180033,-0.014664485,0.03172317
1426221457143984643,g,0.00615856,2.663161E-4,-0.0016977652
1426221457163990651,a,-0.06599019,-0.005686229,0.10354923
1426221457163990651,g,0.0072238245,0.0013315806,-0.0016977652
1426221457183996659,a,-0.036361936,0.062249243,0.074818805
1426221457183996659,g,0.014680675,0.0013315806,-0.0016977652
1426221457204002667,a,-0.033369187,0.014065935,0.089184016
1426221457204002667,g,-0.0044940845,-7.9894834E-4,-6.3250074E-4
1426221457224008675,a,-0.04504092,0.008230069,0.091578215
1426221457224008675,g,-0.009820406,2.663161E-4,4.3276369E-4
1426221457244014683,a,-0.046986207,0.017208325,0.13706805
1426221457244014683,g,-0.0023635554,0.002396845,-0.0016977652
1426221457264020691,a,-0.038905777,0.034715924,0.13946225
1426221457264020691,g,-2.330266E-4,2.663161E-4,-0.0016977652
1426221457284026699,a,-0.009726444,0.0034416649,0.120159
1426221457284026699,g,0.0029627667,2.663161E-4,-6.3250074E-4
1426221457304032707,a,-0.033668462,-0.023343466,0.04369418
1426221457304032707,g,-0.006624613,-7.9894834E-4,-6.3250074E-4
1426221457324038715,a,-0.045340195,0.015711948,0.19437926
1426221457324038715,g,0.0018975022,0.002396845,-6.3250074E-4
1426221457344044723,a,-0.009127894,-0.0034416649,0.13691841
1426221457344044723,g,0.004028031,2.663161E-4,-0.0016977652
1426221457364050731,a,-0.006584055,-0.011073183,0.115370594
1426221457364050731,g,0.004028031,2.663161E-4,-0.0027630297
1426221457384056739,a,-0.032770637,0.021547815,0.10115502
1426221457384056739,g,-0.0023635554,0.0013315806,-0.0016977652
1426221457404062747,a,-0.013317747,-0.023942016,0.09382278
1426221457404062747,g,-0.0034288198,2.663161E-4,-6.3250074E-4
1426221457424068755,a,0.00808043,0.022146367,0.13931261
1426221457424068755,g,-0.0023635554,0.002396845,-0.0016977652
1426221457444074763,a,-0.0134673845,0.017657237,0.18959084
1426221457444074763,g,0.00615856,-7.9894834E-4,-6.3250074E-4
1426221457464080771,a,-0.015562311,0.008978256,0.091578215
1426221457464080771,g,0.0082890885,2.663161E-4,-6.3250074E-4
1426221457484086779,a,-0.027682956,0.004938041,0.036511578
1426221457484086779,g,0.016811205,-0.0039947415,-0.0027630297
1426221457504092787,a,-0.015562311,0.026635494,0.09876082
1426221457504092787,g,0.014680675,2.663161E-4,-0.0016977652
1426221457524098795,a,-0.013317747,-0.010324995,0.1921347
1426221457524098795,g,0.026398584,-0.0029294773,-0.0016977652
1426221457544104803,a,0.008529344,0.031423897,0.12988544
1426221457544104803,g,0.05409546,0.002396845,-6.3250074E-4
1426221457564110811,a,-0.022146367,0.03187281,0.10130466
1426221457564110811,g,0.06900916,-0.0018642128,-0.0016977652
1426221457584116819,a,-0.050727148,0.050427873,0.1086369
1426221457584116819,g,0.04876914,2.663161E-4,-0.0016977652
1426221457604122827,a,-0.0026934769,0.05566519,0.0537199
1426221457604122827,g,0.06261758,0.002396845,-6.3250074E-4
1426221457624128835,a,-0.05057751,0.0034416649,0.12090719
1426221457624128835,g,0.06261758,0.0013315806,-0.0016977652
1426221457644134843,a,-0.021398177,0.03935469,0.015861586
1426221457644134843,g,0.020981714,0.0013265206,-0.008092548
1426221457664140851,a,-0.004189853,0.04444237,-0.010324995
1426221457664140851,g,-0.0834142,-8.0400833E-4,-0.012353606
1426221457684146859,a,-0.040102877,-0.063296705,0.068534024
1426221457684146859,g,-0.24107334,0.0013265206,-0.015549399
1426221457704152867,a,0.16894086,-0.13691841,0.6688801
1426221457704152867,g,-0.15052585,-0.09774307,-0.021940986
1426221457724158875,a,0.019752163,-0.0074818805,0.15128362
1426221457724158875,g,-0.065304704,-0.054067228,-0.00383149
1426221457744167703,a,0.020201078,-0.19033903,0.10579379
1426221457744167703,g,-0.009910954,-0.003999802,-0.035789423
1426221457764176531,a,-0.029927522,0.01316811,0.09382278
1426221457764176531,g,-0.006715161,-0.0018692728,-0.0048967544
1426221457784185359,a,-5.985504E-4,-0.02439093,0.18001404
1426221457784185359,g,-0.0035193674,0.0013265206,-0.012353606
1426221457804194187,a,-0.04369418,2.992752E-4,0.1297358
1426221457804194187,g,-3.2357406E-4,2.612561E-4,4.2956788E-4
1426221457824203015,a,0.028431145,0.077213004,0.031573534
1426221457824203015,g,-3.2357406E-4,-8.0400833E-4,-6.356966E-4
1426221457844211843,a,-0.0074818805,0.031423897,0.10100538
1426221457844211843,g,-3.2357406E-4,-0.0029345371,-0.001700961
1426221457864220671,a,0.042347442,-0.02813187,-0.009127894
1426221457864220671,g,-0.002454103,0.0034570494,4.2956788E-4
1426221457884229499,a,-0.045789108,0.016011223,0.08185177
1426221457884229499,g,-0.0035193674,0.004522314,0.0014948323
1426221457904238327,a,-0.049829323,0.07407062,0.04833295
1426221457904238327,g,-3.2357406E-4,-0.0018692728,4.2956788E-4
1426221457924247155,a,5.985504E-4,-0.0104746325,0.16564883
1426221457924247155,g,-0.002454103,-8.0400833E-4,0.0014948323
1426221457944255983,a,-0.016011223,0.004040215,0.050727148
1426221457944255983,g,-0.0035193674,0.0013265206,-6.356966E-4
1426221457964264811,a,-0.03247136,0.018854339,0.08664017
1426221457964264811,g,-0.0077804253,-8.0400833E-4,-6.356966E-4
1426221457984273639,a,-0.027234044,-0.088136554,0.07706337
1426221457984273639,g,-0.10578475,-0.013587181,0.0025600968
1426221458004282467,a,-0.03321955,0.0664391,0.07930793
1426221458004282467,g,-0.0013888385,-0.003999802,-0.001700961
1426221458024291295,a,0.021547815,0.024091655,0.11522096
1426221458024291295,g,0.06785335,0.0109139,4.2956788E-4
1426221458044300123,a,-0.045190558,-7.48188E-4,0.1774702
1426221458044300123,g,0.079571255,0.004522314,0.007886419
1426221458064308951,a,0.037708677,0.0664391,0.2947861
1426221458064308951,g,-0.23468176,-0.04234932,0.025995914
1426221458084317779,a,0.0104746325,0.0062847794,0.15592238
1426221458084317779,g,-0.039738357,2.612561E-4,4.2956788E-4
1426221458104326607,a,-0.0035913025,-0.037858315,0.0026934769
1426221458104326607,g,-0.0077804253,-8.0400833E-4,-0.0048967544
1426221458124335435,a,0.038307227,-0.15442601,0.0815525
1426221458124335435,g,-0.0013888385,-8.0400833E-4,-0.0634863
1426221458144344263,a,-0.034117375,0.039504327,0.06958149
1426221458144344263,g,0.022034995,-0.010392187,0.008951151
1426221458164353091,a,-0.030226797,0.05431845,0.23014264
1426221458164353091,g,0.050797135,-0.005065865,0.048365936
1426221458184361919,a,0.0163105,-0.054468088,0.081702136
1426221458184361919,g,-0.0014008228,-8.048073E-4,0.053692255
1426221458204370747,a,-0.024540568,0.021547815,0.11282676
1426221458204370747,g,0.008186557,-8.048073E-4,0.019603794
1426221458224379575,a,-0.026485857,-0.01616086,0.081702136
1426221458224379575,g,0.008186557,-8.048073E-4,-0.002766758
1426221458244388403,a,-0.026036944,-0.010773907,0.081702136
1426221458244388403,g,0.041209754,0.007717308,-0.004897287
1426221458264397231,a,-0.011073183,0.05701193,0.11043255
1426221458264397231,g,0.05718872,0.009847837,-0.002766758
1426221458284406059,a,0.002992752,0.010324995,0.09606735
1426221458284406059,g,0.03481817,0.005586779,0.0014942996
1426221458304414887,a,-0.06569091,0.0362123,0.081702136
1426221458304414887,g,0.050797135,0.005586779,4.2903525E-4
1426221458324423715,a,-0.008978256,0.030526072,0.11282676
1426221458324423715,g,0.01351288,0.0045215148,-0.002766758
1426221458344432543,a,-0.0175076,0.04070143,0.045789108
1426221458344432543,g,0.0017949706,-0.0040006004,-0.0017014936
1426221458364441371,a,-0.020201078,0.015263036,0.045938745
1426221458364441371,g,-0.0024660872,-0.0040006004,4.2903525E-4
1426221458384450199,a,-0.011222821,0.029777884,0.10339958
1426221458384450199,g,-3.355583E-4,0.002390986,4.2903525E-4
1426221458404459027,a,0.0010474633,-0.020500353,0.1249474
1426221458404459027,g,0.0039254995,0.002390986,-0.0070278156
1426221458424467855,a,-0.03232172,0.026785132,0.10579379
1426221458424467855,g,0.0039254995,2.6045716E-4,-0.0038320224
1426221458444476683,a,-8.9782564E-4,-0.0077811554,0.1273416
1426221458444476683,g,-3.355583E-4,-8.048073E-4,-0.0070278156
1426221458464485511,a,0.0062847794,0.006434417,0.11058219
1426221458464485511,g,-0.010988203,0.002390986,-0.002766758
1426221458484494339,a,-0.008379706,0.08619126,0.07466917
1426221458484494339,g,-0.0056618806,-0.0029353362,4.2903525E-4
1426221458504503167,a,4.4891282E-4,0.002992752,0.08903438
1426221458504503167,g,-0.004596616,-8.048073E-4,-6.362292E-4
1426221458524511995,a,-0.05746084,0.016460137,0.15846622
1426221458524511995,g,-0.0035313517,0.0013257216,-0.0017014936
1426221458544520823,a,-0.028580783,-0.016759412,0.1225532
1426221458544520823,g,-0.0035313517,-0.0018700717,-0.0017014936
1426221458564529651,a,-0.012270284,-0.013916298,0.10818799
1426221458564529651,g,-0.0056618806,-0.0029353362,-0.009158345
1426221458584538479,a,0.035314474,0.037259765,0.08664017
1426221458584538479,g,-0.0014008228,-0.0018700717,0.0014942996
1426221458604547307,a,-0.010773907,0.040551793,0.08664017
1426221458604547307,g,-0.03442402,-0.0018700717,-0.0017014936
1426221458624556135,a,-0.010923545,-0.027682956,0.12240356
1426221458624556135,g,-0.033358756,-0.0018700717,-6.362292E-4
1426221458644564963,a,0.0,-0.05581483,0.08888474
1426221458644564963,g,0.010273943,0.004519118,-0.0017028252
1426221458664573791,a,-0.011671733,0.032920275,0.12000936
1426221458664573791,g,0.02199185,0.0034538535,4.2770366E-4
1426221458684582619,a,-0.044292733,0.049829323,0.0362123
1426221458684582619,g,-3.7870152E-4,0.0013233247,-6.3756073E-4
1426221458704591447,a,-0.022445641,-0.006584055,0.12000936
1426221458704591447,g,6.865629E-4,-0.002937733,-6.3756073E-4
1426221458724600275,a,-0.01810615,-0.013018472,0.069731124
1426221458724600275,g,0.008143414,2.5806032E-4,-0.0048986184
1426221458744609103,a,-0.016011223,0.07616554,0.12479776
1426221458744609103,g,-0.009966081,2.5806032E-4,0.0014929681
1426221458764617931,a,-0.097414084,-0.07107786,0.12958616
1426221458764617931,g,-0.09305671,-0.011459849,0.056886718
1426221458784626759,a,-0.052971713,0.011073183,0.14155717
1426221458784626759,g,-0.04298928,-0.002937733,0.10269309
1426221458804636723,a,0.014963761,0.047884032,0.12958616
1426221458804636723,g,0.010273943,-0.002937733,0.05262566
1426221458824646687,a,0.0025438394,0.025887307,0.1726818
1426221458824646687,g,0.009208678,0.0013233247,-0.0017028252
1426221458844656651,a,-0.008828619,0.023493104,0.10803835
1426221458844656651,g,-0.006770288,-0.0018724685,-0.0017028252
1426221458864666615,a,-0.030226797,-0.035913024,0.13198037
1426221458864666615,g,-0.001443966,-0.002937733,-0.0027680895
1426221458884676579,a,-0.38965634,0.038307227,0.098461546
1426221458884676579,g,0.012404472,0.0013233247,4.2770366E-4
1426221458904686543,a,-1.644218,-0.013617022,0.3019687
1426221458904686543,g,0.019861322,0.008780176,0.013210877
1426221458924696507,a,-0.021996727,-0.41464582,-0.5337573
1426221458924696507,g,0.0038823562,0.002388589,0.0014929681
1426221458944706471,a,-0.38067806,-0.4345476,0.014514848
1426221458944706471,g,-0.039793484,-0.0082640555,-0.13379562
1426221458964716435,a,-1.3626001,-0.4388871,-0.035763387
1426221458964716435,g,-0.055772454,0.0055843825,-0.21475571
1426221458984726399,a,-0.55321026,-0.4715081,-0.5602432
1426221458984726399,g,0.029448703,0.0034538535,-0.20729886
1426221459004736363,a,-0.38337156,0.45100775,0.4333505
1426221459004736363,g,0.01666553,-0.015720906,-0.024073377
1426221459024746327,a,-0.9196727,0.55919576,-0.10534488
1426221459024746327,g,0.011339207,-0.012525112,0.038777225
1426221459044756291,a,-0.88046765,0.21398178,0.0
1426221459044756291,g,-0.009966081,-8.072041E-4,-0.08798924
1426221459064766255,a,-0.55440736,0.3954922,-0.12704232
1426221459064766255,g,0.047558196,0.017302291,-0.13379562
1426221459084776219,a,-1.0039186,-0.039653964,-0.9482535
1426221459084776219,g,-0.024879783,-0.017851435,0.05262566
1426221459104786183,a,-0.6513725,-0.024690205,0.37095162
1426221459104786183,g,0.032644495,0.0290202,0.24863431
1426221459124796147,a,-0.7604583,0.24375966,-0.34970307
1426221459124796147,g,0.0624719,-0.021047229,0.29870173
1426221459144806111,a,0.60947394,-0.36257192,0.84021515
1426221459144806111,g,-0.060068928,-0.030636473,0.06647277
1426221459164816075,a,-0.90500826,-0.51086277,0.61276597
1426221459164816075,g,-0.07391737,-0.049811233,-0.10929587
1426221459184826039,a,-0.90291333,0.47345337,2.9495068
1426221459184826039,g,-0.10694057,0.05671521,-0.13379695
1426221459204836003,a,-0.9528923,0.042347442,-0.6251859
1426221459204836003,g,0.039000664,-0.007200655,-0.026205238
1426221459224845967,a,0.050876785,-0.5377976,-0.10564415
1426221459224845967,g,0.0070427293,-0.0040048617,0.020666396
1426221459244855931,a,0.638354,-0.011222821,2.7673979
1426221459244855931,g,-0.001479386,0.057780474,0.015340074
1426221459264865895,a,-0.0034416649,0.004489128,2.5878327
1426221459264865895,g,-0.029176261,0.026887806,-0.17747279
1426221459284875859,a,0.23283611,0.1654992,-0.18001404
1426221459284875859,g,-0.08883107,0.002386725,-0.30210873
1426221459304885823,a,-0.07811083,0.4373907,-3.3738792
1426221459304885823,g,0.017695373,0.027953072,-0.27654237
1426221459324895787,a,-0.65915364,0.4786907,3.3897407
1426221459324895787,g,-0.03130679,-0.0018743328,-0.11142639
1426221459344905751,a,0.5053262,-0.056563016,-2.17199
1426221459344905751,g,-0.04835102,0.06417206,-0.02194418
1426221459364915715,a,-0.5373486,0.14634559,-0.30690673
1426221459364915715,g,0.0017164074,0.073759444,0.03877589
1426221459384925679,a,-0.42467153,0.20260932,0.92371297
1426221459384925679,g,6.511429E-4,0.04712783,0.11760546
1426221459404935643,a,0.2885013,-0.0052373162,1.3235446
1426221459404935643,g,0.020891167,-0.039158586,0.15808551
1426221459424945607,a,-0.30286652,0.93328977,2.2213702
1426221459424945607,g,-0.018523617,-0.057268083,0.04090642
1426221459444955571,a,-0.7237971,0.087089084,1.7760488
1426221459444955571,g,-0.04089417,0.014104634,-0.06988108
1426221459464965535,a,-0.40252516,0.005087679,-1.7051206
1426221459464965535,g,0.019825902,0.008778311,0.055820122
1426221459484975499,a,0.25977087,0.006584055,0.35149872
1426221459484975499,g,-0.0036099148,-0.0061353906,0.12719284
1426221459504985463,a,1.3361142,0.5125088,1.9292777
1426221459504985463,g,0.027282754,-0.0061353906,0.06647277
1426221459524995427,a,-0.5354034,-0.1448492,-2.4042275
1426221459524995427,g,-0.019588882,2.561961E-4,-0.032596827
1426221459545005391,a,-0.038606502,-0.41584292,0.0019452889
1426221459545005391,g,0.025152225,-0.0018743328,-0.10716534
1426221459565015355,a,-0.3772364,-0.274585,-0.90545714
1426221459565015355,g,-0.034502584,-0.031701736,-0.06988108
1426221459585025319,a,-0.2765303,0.30166942,0.6124667
1426221459585025319,g,-0.025980467,-0.011461712,-0.056032643
1426221459605035283,a,0.24660277,0.39220017,0.042646717
1426221459605035283,g,-0.001479386,0.0013214605,-0.018748388
1426221459625045247,a,0.24854806,-0.10639234,0.33952773
1426221459625045247,g,0.019825902,-0.027440678,0.12612757
1426221459645055211,a,0.028580783,0.36915597,0.8686463
1426221459645055211,g,0.01018739,0.009840647,0.26780614
1426221459665065175,a,-0.39923313,0.24136546,0.36825815
1426221459665065175,g,0.03149268,-0.0072035845,0.13464808
1426221459685075139,a,-2.087295,0.038456865,-7.2165728
1426221459685075139,g,0.013383184,0.052451223,0.002555303
1426221459705085103,a,1.2422915,-0.405069,1.7785926
1426221459705085103,g,-0.03135792,-0.0018772623,-0.15510383
1426221459725095067,a,0.49963996,-0.2877531,-1.7146974
1426221459725095067,g,0.026166357,-0.012529907,-0.09438376
1426221459745105031,a,0.34685996,-0.24794951,-1.7290626
1426221459745105031,g,-0.0260316,-0.0157257,0.08777646
1426221459765114995,a,-0.5710171,0.25453356,-0.67082536
1426221459765114995,g,0.002730539,-0.008268849,0.2635451
1426221459785124959,a,0.2582745,0.42826283,-0.036361936
1426221459785124959,g,0.0059263324,-0.024247816,0.19323763
1426221459805134923,a,-0.14185645,0.7236475,1.3859435
1426221459805134923,g,0.024035828,0.0045143245,-0.04857739
1426221459825144887,a,0.081702136,-0.4563947,1.3069348
1426221459825144887,g,0.028296886,-0.011464642,-0.2371292
1426221459845155111,a,-0.5280711,-0.8646061,-2.8661587
1426221459845155111,g,-0.023901071,0.0066448534,-0.21049759
1426221459865165335,a,0.3681085,0.07631518,2.3603835
1426221459865165335,g,-0.030292658,-0.02318255,-0.07627427
1426221459885175559,a,0.32142156,-0.09606735,0.8303391
1426221459885175559,g,-0.022835808,-0.0966858,-0.033663686
1426221459905185783,a,-0.20126258,-0.021547815,0.65316814
1426221459905185783,g,-0.033488452,-0.014660436,-0.011293135
1426221459925196007,a,-0.87538,0.2861071,-4.058621
1426221459925196007,g,0.037884265,-0.0072035845,-0.04644686
1426221459945206231,a,-0.124049574,-0.3537433,-1.8272249
1426221459945206231,g,0.004861068,-0.03276993,-0.114623785
1426221459965216455,a,-1.0935516,-0.33189622,-4.5421
1426221459965216455,g,-0.11657908,0.0034490598,-0.002771019
1426221459985226679,a,-0.38965634,-0.001496376,-1.6596307
1426221459985226679,g,0.01018739,-0.019986758,0.044100616
1426221460005236903,a,-0.17208324,-0.07526772,2.0657473
1426221460005236903,g,-0.004726312,-0.047683634,0.06966696
1426221460025247127,a,-0.90530753,0.13602059,-0.56308633
1426221460025247127,g,-0.039880037,-0.0072035845,-0.10503641
1426221460045257351,a,0.11971009,-0.48692077,-0.46252984
1426221460045257351,g,-0.014313692,-0.026378345,-0.25630397
1426221460065267575,a,-0.1575684,-0.98416656,2.6547208
1426221460065267575,g,-0.011117899,-0.02318255,-0.08905744
1426221460085277799,a,-0.3506009,0.7826047,-0.47450083
1426221460085277799,g,0.004861068,-0.022117287,0.04942694
1426221460105288023,a,-0.014065935,0.10040683,-2.9836242
1426221460105288023,g,0.004861068,-0.004007791,0.067536436
1426221460125298247,a,0.2100912,-0.17672202,0.0019452889
1426221460125298247,g,0.013383184,-0.02531308,-0.027272101
1426221460145308471,a,0.085891984,-0.36391866,1.20159
1426221460145308471,g,-0.0036296223,-0.009332249,0.043036416
1426221460165318695,a,1.6919525,-0.34925416,1.7450738
1426221460165318695,g,0.015545137,0.037539385,0.22093558
1426221460185328919,a,0.51714754,1.0426749,-0.02184709
1426221460185328919,g,0.08159153,-0.09987973,0.2411756
1426221460205339143,a,-0.4433762,-0.1818097,-0.49829322
1426221460205339143,g,0.072004154,0.02156042,-0.03792368
1426221460225349367,a,-0.3350386,0.5455787,-1.6642694
1426221460225349367,g,-0.015347531,0.066301525,-0.14871117
1426221460245359591,a,-0.48766896,0.0031423897,-0.69940615
1426221460245359591,g,-0.005760151,0.11849948,-0.29252186
1426221460265369815,a,-0.2558803,-0.52268416,0.66992754
1426221460265369815,g,-0.033457026,0.0023856596,-0.08159952
1426221460285380039,a,-0.0032920274,-0.5089175,0.5574001
1426221460285380039,g,0.044307277,0.16217533,0.013209012
1426221460305390263,a,0.044741645,-0.036361936,0.54782325
1426221460305390263,g,-0.029195968,0.0460615,-0.0070310114
1426221460325400487,a,0.2311901,0.27353755,0.040252518
1426221460325400487,g,0.04324201,-0.021050157,-0.048576325
1426221460345410711,a,-0.51475334,-0.19692309,-1.3196541
1426221460345410711,g,6.314355E-4,-0.0167891,-0.121014304
1426221460365420935,a,0.30945057,-0.3218705,-0.3954922
1426221460365420935,g,-0.005760151,-0.019984894,-0.16042909
1426221460385431159,a,-0.14529811,0.44487262,-0.5319617
1426221460385431159,g,0.02832831,-0.005071191,-0.17853859
1426221460405441383,a,0.4373907,-0.5222353,-0.36436757
1426221460405441383,g,-0.021739118,0.0045161885,-0.16255961
1426221460425451607,a,0.19871874,0.1038485,1.0003273
1426221460425451607,g,-0.023869647,0.02156042,-0.13273221
1426221460445461831,a,0.552911,0.007631518,1.7329531
1426221460445461831,g,0.031524103,0.01942989,-0.030466828
1426221460465472055,a,0.44846392,0.53929394,0.2677017
1426221460465472055,g,0.02300199,-0.032768067,0.053689063
1426221460485482279,a,-0.36436757,-0.4774936,-0.8575731
1426221460485482279,g,-0.020673852,-0.04555124,-6.3942495E-4
1426221460505492503,a,-0.14963761,0.79053545,-0.33563715
1426221460505492503,g,0.012349344,-0.033833332,-0.13486274
1426221460525502727,a,0.66274494,-0.085293435,-0.033967737
1426221460525502727,g,0.0027619645,-0.046616506,-0.2765429
1426221460545512951,a,0.7246949,-0.73487025,0.22460605
1426221460545512951,g,-0.03878335,-0.047681767,-0.31063136
1426221460565523175,a,0.700304,-0.33129767,-0.66124856
1426221460565523175,g,-0.0014990934,-0.012528042,-0.15829857
1426221460585533399,a,1.1355999,-0.62204355,0.2605191
1426221460585533399,g,-0.023869647,-0.051942825,0.0824512
1426221460605543623,a,-0.038905777,-0.1770213,-0.86714995
1426221460605543623,g,-0.0611539,-0.017854365,0.26567668
1426221460625553847,a,0.5576994,0.3812766,0.011522096
1426221460625553847,g,0.007023022,-0.033833332,0.1964345
1426221460645564071,a,-0.14380173,0.24091655,0.49515083
1426221460645564071,g,0.006979879,0.005579056,0.11653806
1426221460665574295,a,0.04070143,-0.37873277,-0.89827454
1426221460665574295,g,-0.00473803,-0.006138853,0.05049167
1426221460685584519,a,-0.2964321,-0.30271688,-0.2662053
1426221460685584519,g,-0.045218077,-0.0125304395,0.1516918
1426221460705594743,a,-0.06838439,0.4774936,-0.38112697
1426221460705594743,g,0.040003076,0.0066443207,0.3040246
1426221460725604967,a,0.53824645,0.7044938,-0.05312135
1426221460725604967,g,-0.011129617,0.0034485273,0.29763302
1426221460745615191,a,0.029478608,0.13602059,0.5526117
1426221460745615191,g,-0.002607501,0.0045137918,0.10375489
1426221460765625415,a,-0.124049574,-0.077213004,0.7728782
1426221460765625415,g,-0.029239113,-0.004008324,0.028121118
1426221460785635639,a,-0.37753567,-0.48512512,0.40177697
1426221460785635639,g,-0.03136964,0.024753816,0.07073169
1426221460805645863,a,0.7092823,0.3218705,0.08095395
1426221460805645863,g,-0.030304376,-0.0125304395,0.039839026
1426221460825656087,a,0.413748,0.6319196,-0.036361936
1426221460825656087,g,-0.016455939,-0.008269382,-0.08160112
1426221460845666311,a,-1.0262147,-0.022894554,-0.6804022
1426221460845666311,g,-0.030304376,-0.0029430592,-0.22541182
1426221460865670219,a,0.14454992,-0.13198037,0.4233248
1426221460865670219,g,-0.020716997,0.0023832629,-0.14871278
1426221460885674127,a,0.7261913,-0.5172972,-0.77856445
1426221460885674127,g,0.02402411,0.019427493,-0.070948474
1426221460905678035,a,1.105373,-0.5327099,0.018704701
1426221460905678035,g,-0.06332757,0.0162317,-0.012358932
1426221460925681943,a,0.37274727,0.5006874,1.2852374
1426221460925681943,g,-0.04095702,-0.04448837,0.0824496
1426221460945685851,a,0.13691841,0.48243165,1.0314521
1426221460945685851,g,0.030415697,-0.0615326,0.090971716
1426221460965689759,a,-0.39369655,0.40955812,0.47614688
1426221460965689759,g,0.0027188212,-0.035966255,0.102689624
1426221460985693667,a,0.080505036,0.2558803,1.4865
1426221460985693667,g,0.036807284,0.053515956,-0.06029583
1426221461005697575,a,-0.19018939,-0.045340195,-0.081702136
1426221461005697575,g,0.0016535567,0.043928575,-0.1359296
1426221461025701483,a,0.78335285,-0.070180036,0.698658
1426221461025701483,g,-0.045218077,-0.04342311,-0.06881794
1426221461045705391,a,-1.3063363,0.4818331,0.7249942
1426221461045705391,g,-0.0015422365,0.0641686,-0.06349163
1426221461065709299,a,-0.8375217,-0.41718966,0.794426
1426221461065709299,g,-0.019651731,0.108909704,-0.19238862
1426221461085713207,a,0.13706805,-0.79173255,0.1743278
1426221461085713207,g,-0.0505444,0.019427493,-0.2051718
1426221461105717115,a,-1.1366472,-0.28266543,-0.99164844
1426221461105717115,g,0.0027188212,0.067364395,0.016403208
1426221461125721023,a,-0.44951138,0.4580407,0.28685528
1426221461125721023,g,-0.010064352,0.019427493,0.28165406
1426221461145724931,a,0.06419453,0.24615386,-0.41464582
1426221461145724931,g,0.06875723,-0.004008856,0.371136
1426221461165728839,a,0.55246204,-0.35479078,0.39459437
1426221461165728839,g,-0.026051307,0.01197011,0.28911063
1426221461185732747,a,-0.08080431,-0.045789108,-0.8575731
1426221461185732747,g,-0.02179025,0.024753284,0.1911063
1426221461205736655,a,-0.3564368,0.3012205,0.18390462
1426221461205736655,g,-0.019659722,0.053515423,0.20495474
1426221461225740563,a,-0.26231474,0.0935235,0.4352958
1426221461225740563,g,0.018689798,0.016231168,0.32746014
1426221461245744471,a,-0.3386299,0.37110126,0.8135797
1426221461245744471,g,0.042125616,0.0013174658,0.25502217
1426221461265748379,a,-1.3612533,-0.06928221,-0.8192659
1426221461265748379,g,-0.030312365,0.030079605,0.019598735
1426221461285752287,a,-1.4531308,-0.03127426,-0.43843818
1426221461285752287,g,-0.044160802,0.018361697,-0.052839246
1426221461305756195,a,0.54617727,0.1400608,-1.0561422
1426221461305756195,g,-0.04309554,0.0055785235,0.116537794
1426221461325760103,a,-0.0037409402,0.36257192,0.20320787
1426221461325760103,g,0.009102418,-0.0146615,0.31148118
1426221461345764011,a,-0.19886838,0.22595279,-0.66109896
1426221461345764011,g,0.020820327,-0.015726766,0.27632746
1426221461365767919,a,-0.734571,0.20934302,0.5360019
1426221461365767919,g,0.046386674,-0.01679203,0.09310198
1426221461385771827,a,0.39100307,-0.056114104,0.9094974
1426221461385771827,g,-0.0047460194,-0.0050741206,0.0057502976
1426221461405775735,a,0.48452657,-0.16056114,-0.36915597
1426221461405775735,g,-0.035638686,-0.0050741206,0.18897578
1426221461425779643,a,-1.1104606,0.047285482,0.28685528
1426221461425779643,g,-0.005811284,-0.011465708,0.2997633
1426221461445783551,a,0.9617209,0.22251113,0.51430446
1426221461445783551,g,-0.0047460194,-0.006139385,0.24969585
1426221461465787459,a,-1.2487258,-0.057760116,0.10010756
1426221461465787459,g,-0.018594457,0.06736386,0.09310198
1426221461485791367,a,-1.2389994,0.1798644,0.4305074
1426221461485791367,g,-0.024986044,-0.0018783275,0.05901352
1426221461505795275,a,-0.28356326,-0.14963761,-0.06494272
1426221461505795275,g,0.032538235,0.004513259,0.16767049
1426221461525799183,a,-0.3012205,0.26635495,0.6868366
1426221461525799183,g,0.017624533,0.0034479946,0.18471472
1426221461545803091,a,-0.40043023,0.30391398,0.32052374
1426221461545803091,g,-0.01220287,0.0055785235,0.050491404
1426221461565806999,a,-0.46627077,0.46821606,-0.5150526
1426221461565806999,g,0.017624533,0.030079605,0.09203672
1426221461585810907,a,-1.7568952,0.26994625,0.17208324
1426221461585810907,g,0.032538235,0.0812123,0.2635443
1426221461605814815,a,-0.5810428,-0.3672107,1.3549685
1426221461605814815,g,-0.19755888,-0.09029528,0.28484958
1426221461625818723,a,-0.48482585,0.3660136,-3.643975
1426221461625818723,g,0.0016455672,-0.057272077,0.15595259
1426221461645822631,a,0.31783026,-0.15906477,-1.6639702
1426221461645822631,g,0.12201645,-0.061533403,-0.072014004
1426221461665826539,a,-1.2862848,-0.7516297,0.22236149
1426221461665826539,g,-0.035642684,0.36563763,0.027055586
1426221461685830447,a,-0.91578215,0.6804022,-0.89079267
1426221461685830447,g,0.010163688,0.038601454,0.15701784
1426221461705834355,a,0.5657798,0.32067338,0.42631754
1426221461705834355,g,0.01762054,-0.032771263,0.20282422
1426221461725838263,a,0.6955156,0.08245032,-0.22984336
1426221461725838263,g,0.0016415725,-0.0029438583,0.20602001
1426221461745842171,a,-0.2971803,-0.049829323,-0.56982
1426221461745842171,g,0.03253424,-0.0029438583,0.12612517
1426221461765846079,a,-0.12958616,0.08664017,0.18914193
1426221461765846079,g,0.021881597,-0.018922824,0.105885155
1426221461785849987,a,-0.77168113,-0.51325697,-0.0023942017
1426221461785849987,g,-0.023924774,-0.030640732,0.20388947
1426221461805853895,a,0.15457565,0.06120178,0.37588966
1426221461805853895,g,-0.0036847496,-0.024249148,0.298698
1426221461825857803,a,-0.57879823,0.48931497,-0.39040452
1426221461825857803,g,0.0133594815,-0.0061396514,0.33172122
1426221461845861711,a,-0.42721537,0.08828619,0.12434885
1426221461845861711,g,0.011228953,-0.032771263,0.105885155
1426221461865868583,a,0.14844051,-0.45415014,-0.40716392
1426221461865868583,g,-0.010076337,-0.0029438583,-0.22967315
1426221461885875455,a,-0.6783073,-0.37992987,0.7396587
1426221461885875455,g,-0.007945808,-0.031705998,-0.34365642
1426221461905882327,a,0.34162265,0.3820248,0.4930559
1426221461905882327,g,-0.019663716,-0.018922824,-0.25097844
1426221461925889199,a,1.0826281,0.45534724,0.51445407
1426221461925889199,g,0.011228953,-0.03916285,-0.0038370825
1426221461945896071,a,0.24016836,0.11252748,1.072303
1426221461945896071,g,-0.034577418,0.0087740505,0.077123016
1426221461965902943,a,0.54138887,0.08678981,0.9861118
1426221461965902943,g,-0.018598452,-0.033836525,0.06433984
1426221461985909815,a,0.5873276,-0.59705406,1.0100539
1426221461985909815,g,-0.017533187,-0.035967056,0.05262193
1426221462005916687,a,0.009726444,-0.40132806,-1.326687
1426221462005916687,g,0.024012126,-0.009335445,0.06647037
1426221462025923559,a,1.2364556,-1.0405799,-0.13198037
1426221462025923559,g,-0.040969003,-0.033836525,4.2397523E-4
1426221462045930431,a,-0.77617025,0.47644615,-0.5942109
1426221462045930431,g,-0.08571011,0.01836143,-0.052839246
1426221462065937303,a,-0.81642276,-0.30226797,-0.5150526
1426221462065937303,g,0.02294686,-0.10520925,-0.08479718
1426221462085944175,a,-0.14170681,-1.036839,-1.8751088
1426221462085944175,g,0.216825,-0.018922824,0.24010848
1426221462105951047,a,0.9430162,-0.37424365,1.505504
1426221462105951047,g,-0.0015542208,0.36457238,0.3796581
1426221462125957919,a,0.39489365,0.55695117,0.52148706
1426221462125957919,g,0.01762054,0.017296165,0.242239
1426221462145964791,a,0.24450785,0.44202948,0.9837176
1426221462145964791,g,0.0059106196,-0.046619166,-0.025142105
1426221462165971663,a,0.046686932,0.13272856,0.13617022
1426221462165971663,g,-0.027112577,-0.0018780612,-0.07414427
1426221462185978535,a,0.076015905,0.3036147,0.31334114
1426221462185978535,g,-0.018590461,-0.007204383,0.0046852995
1426221462205985407,a,0.5126584,-0.24735096,0.34925416
1426221462205985407,g,0.010171677,0.0141009055,-0.059230566
1426221462225992279,a,0.33369187,0.3995324,-0.5942109
1426221462225992279,g,0.0016495619,-0.0050738547,-0.17960544
1426221462245999151,a,0.77976155,0.34401685,0.63401455
1426221462245999151,g,0.010171677,-8.1279676E-4,-0.31489402
1426221462266006023,a,0.77736735,-0.5364508,-0.56308633
1426221462266006023,g,-0.035634693,-0.025313878,-0.18812756
1426221462286012895,a,0.5216367,-0.19557635,-0.5319617
1426221462286012895,g,-0.045222074,-0.01359597,-0.036860015
1426221462306019767,a,-0.7077859,0.6793547,-0.9724948
1426221462306019767,g,0.045325402,0.02475355,-0.0070326095
1426221462326026639,a,0.3362357,-0.21592706,-0.9557354
1426221462326026639,g,-0.035634693,0.029014608,-0.030468427
1426221462346033511,a,0.49889177,0.21068975,-0.74025726
1426221462346033511,g,0.054912783,0.026884079,-0.017685253
1426221462366040383,a,0.9959879,0.03935469,1.115249
1426221462366040383,g,0.035738025,-0.028509673,-0.015554725
1426221462386047255,a,1.2514193,0.7342717,0.07616554
1426221462386047255,g,0.012302206,-0.027444407,0.08458013
1426221462406054127,a,0.71841013,0.08125322,0.8279449
1426221462406054127,g,0.015497999,0.0141009055,0.2560877
1426221462426060999,a,0.7918822,0.48482585,-0.014814123
1426221462426060999,g,0.0016495619,0.003448261,0.2560877
1426221462446067871,a,1.1330559,0.504578,-0.5822399
1426221462446067871,g,0.008041148,0.019427227,-0.03366422
1426221462466074743,a,0.73786306,0.071377136,0.8975264
1426221462466074743,g,-0.0036767602,0.016231434,-0.3425909
1426221462486081615,a,0.4055179,0.12958616,-0.24929625
1426221462486081615,g,-0.031373635,-0.0061391187,-0.3361993
1426221462506088487,a,-0.3764882,-0.5264251,-0.7472902
1426221462506088487,g,0.020824322,-0.011465441,-0.24352132
1426221462526095359,a,0.45699325,0.11222821,0.13362639
1426221462526095359,g,-0.037765224,-0.01359597,-0.16788754
1426221462546102231,a,1.6123452,-0.10444705,0.461632
1426221462546102231,g,0.017628528,0.065233596,-0.21156338
1426221462566109103,a,1.6335938,-0.678008,-1.7983447
1426221462566109103,g,-0.13044323,-0.041292846,-0.25310868
1426221462586115975,a,0.6940192,-1.236306,-2.478298
1426221462586115975,g,-0.016459933,0.003448261,-0.16575702
1426221462606122847,a,1.0332477,0.05057751,1.1800421
1426221462606122847,g,0.038933817,0.06097254,-0.048577923
1426221462626129719,a,0.974889,-0.2733879,1.474529
1426221462626129719,g,-0.017525198,0.057776745,-0.0432516
1426221462646136591,a,0.62339026,-0.4765958,0.691625
1426221462646136591,g,-0.009069928,0.032206673,-0.16043308
1426221462666143463,a,0.5511153,-0.20829555,-0.5439327
1426221462666143463,g,-0.04102786,0.008770854,-0.2168921
1426221462686150335,a,0.062099606,-0.6820482,0.5813421
1426221462686150335,g,0.0015827166,0.06309934,-0.009165535
1426221462706157207,a,0.9513959,0.3971382,0.37065235
1426221462706157207,g,0.09426072,0.0673604,0.19003892
1426221462726164079,a,2.1278467,0.21802199,-0.11776479
1426221462726164079,g,-0.01439625,0.021554029,-0.0070350063
1426221462746170951,a,-0.17896658,0.15472528,-0.46731824
1426221462746170951,g,-0.010135192,0.0140971765,-0.42142287
1426221462766177823,a,0.2587234,0.07646482,-0.18001404
1426221462766177823,g,-0.025048895,0.015162441,-0.3489849
1426221462786184695,a,-0.18599954,-0.24525604,-0.08424597
1426221462786184695,g,-0.013330986,0.0013140037,-0.1061046
1426221462806191567,a,1.1068693,0.44711718,-0.017208325
1426221462806191567,g,0.012235361,0.0066403258,0.06966403
1426221462826198439,a,0.69207394,0.2650082,0.1479916
1426221462826198439,g,5.174522E-4,2.4873923E-4,-0.03686241
1426221462846205311,a,-0.12075755,0.0688333,0.06898294
1426221462846205311,g,-0.0080046635,0.004509797,-0.118887775
1426221462866212183,a,0.02873042,0.009726444,0.119261175
1426221462866212183,g,0.002647981,-0.0018817896,-0.043253995
1426221462886220323,a,-0.043245267,0.038307227,0.09053075
1426221462886220323,g,-0.002678341,0.0013140037,-0.0027739485
1426221462906228463,a,0.004638766,0.019452889,0.11447277
1426221462906228463,g,-0.0016130767,2.4873923E-4,-6.4341974E-4
1426221462926236603,a,0.009277532,0.057909753,0.088136554
1426221462926236603,g,-0.002678341,2.4873923E-4,-0.0017086841
1426221462946244743,a,-1.496376E-4,0.036361936,0.06658874
1426221462946244743,g,0.0015827166,-8.165252E-4,-0.0017086841
1426221462966252883,a,-0.9506477,0.43589434,0.12644377
1426221462966252883,g,0.002647981,0.0023792682,-0.0155571215
1426221462986261023,a,0.39324763,-0.08963293,0.1743278
1426221462986261023,g,-5.478122E-4,0.004509797,-0.115691975
1426221463006269163,a,0.092176765,-0.13497312,0.023493104
1426221463006269163,g,-5.478122E-4,0.0013140037,-0.04644979
1426221463026277303,a,-0.010923545,-0.0035913025,0.13362639
1426221463026277303,g,0.0037132455,-0.0018817896,0.0014871091
1426221463046285443,a,-0.051774614,0.16340427,0.12883797
1426221463046285443,g,0.018626947,0.0013140037,0.11973146
1426221463066293583,a,0.52058923,-0.04070143,0.03546411
1426221463066293583,g,0.09319546,0.021554029,0.007878696
1426221463086301723,a,-0.35898063,0.35658643,0.21502924
1426221463086301723,g,0.010104832,-0.002947054,0.01853134
1426221463106309863,a,0.031573534,-0.010175358,0.1503858
1426221463106309863,g,-0.08896476,-0.015730226,4.218447E-4
1426221463126318003,a,-0.009277532,-0.01436521,0.06898294
1426221463126318003,g,-0.009069928,-0.0018817896,-0.0017086841
1426221463146326143,a,-0.024091655,0.0020949265,0.12644377
1426221463146326143,g,0.004754808,0.001312672,-6.4421864E-4
1426221463166334283,a,-0.014664485,0.017058687,0.11686697
1426221463166334283,g,0.0058200723,2.4740768E-4,4.2104576E-4
1426221463186342423,a,-0.0338181,0.037858315,0.054617725
1426221463186342423,g,0.0015590144,2.4740768E-4,4.2104576E-4
1426221463206350563,a,-0.009876082,0.053570263,0.13841479
1426221463206350563,g,-0.0037673076,-8.1785675E-4,-6.4421864E-4
1426221463226358703,a,-0.028880058,0.022595279,0.11686697
1426221463226358703,g,-0.0016367788,2.4740768E-4,-6.4421864E-4
1426221463246366843,a,0.030974984,0.027383681,-0.0052373162
1426221463246366843,g,-5.7151436E-4,0.0034432008,-6.4421864E-4
1426221463266374983,a,-0.017058687,0.010324995,0.1575684
1426221463266374983,g,0.0015590144,-8.1785675E-4,-6.4421864E-4
1426221463286383123,a,-0.035314474,0.0034416649,0.121655375
1426221463286383123,g,-5.7151436E-4,2.4740768E-4,-6.4421864E-4
1426221463306391263,a,-0.037708677,-0.008529344,0.025887307
1426221463306391263,g,0.0015590144,2.4740768E-4,-0.0017094831
1426221463326399403,a,0.0077811554,0.046387658,0.17672202
1426221463326399403,g,-0.0016367788,0.0023779366,-0.0017094831
1426221463346407543,a,-0.023044191,-0.006434417,0.09292495
1426221463346407543,g,-5.7151436E-4,0.0034432008,-6.4421864E-4
1426221463366415683,a,-0.022595279,0.027234044,0.11686697
1426221463366415683,g,0.002624279,-8.1785675E-4,-0.0027747476
1426221463386423823,a,-0.041748893,0.0074818805,0.1599626
1426221463386423823,g,-5.7151436E-4,-8.1785675E-4,4.2104576E-4
1426221463406431963,a,-0.024690205,0.010025719,0.10010756
1426221463406431963,g,4.9375003E-4,-0.0018831212,-6.4421864E-4
1426221463426440103,a,-0.017357962,0.05551555,0.09771336
1426221463426440103,g,-0.0016367788,0.001312672,4.2104576E-4
1426221463446448243,a,-0.026485857,5.985504E-4,0.11447277
1426221463446448243,g,-5.7151436E-4,0.001312672,-6.4421864E-4
1426221463466456383,a,-0.033518825,0.014814123,0.08095395
1426221463466456383,g,-5.7151436E-4,2.4740768E-4,-0.0017094831
1426221463486464523,a,-0.009127894,0.046088383,0.08095395
1426221463486464523,g,-5.7151436E-4,0.001312672,-6.4421864E-4
1426221463506472663,a,-0.0163105,0.024241293,0.11447277
1426221463506472663,g,4.9375003E-4,2.4740768E-4,-6.4421864E-4
1426221463526480803,a,0.017657237,-0.026036944,0.08334815
1426221463526480803,g,-5.7151436E-4,-8.1785675E-4,-6.4421864E-4
1426221463546488943,a,7.48188E-4,0.024540568,0.071377136
1426221463546488943,g,4.9375003E-4,-0.0029483857,-0.0017094831
1426221463566497083,a,-0.413748,0.026785132,-0.065092355
1426221463566497083,g,-5.7151436E-4,0.0034432008,-0.05603797
1426221463586505223,a,-0.006434417,0.0070329676,0.11207857
1426221463586505223,g,-0.0069631007,-8.1785675E-4,4.2104576E-4
1426221463606513363,a,0.0104746325,-0.007930793,0.14320318
1426221463606513363,g,-5.7151436E-4,0.0023779366,-6.4421864E-4
1426221463626521503,a,-0.044592008,0.009427169,0.10010756
1426221463626521503,g,0.0036895433,-8.1785675E-4,-6.4421864E-4
1426221463646529643,a,-0.027533319,-0.0034416649,0.11447277
1426221463646529643,g,0.0036895433,2.4740768E-4,-0.0017094831
1426221463666537783,a,0.50397944,-0.14290391,0.12883797
1426221463666537783,g,0.01008113,-8.1785675E-4,4.2104576E-4
1426221463686545923,a,-0.035164837,-0.049829323,0.08574235
1426221463686545923,g,-0.029333655,-0.0072094435,0.010008425
1426221463706554063,a,-0.02558803,0.055066638,0.1719336
1426221463706554063,g,0.0036895433,0.001312672,-6.4421864E-4
1426221463726562203,a,-0.025288755,0.02064999,0.11207857
1426221463726562203,g,4.9375003E-4,0.001312672,4.2104576E-4
1426221463746570343,a,-0.034715924,-0.0032920274,0.11447277
1426221463746570343,g,-0.0027020432,2.4740768E-4,-6.4421864E-4
1426221463766578483,a,-0.017657237,-0.012719196,0.13123219
1426221463766578483,g,4.9375003E-4,2.4740768E-4,0.0014863102
1426221463786586623,a,-0.0175076,0.01616086,0.124049574
1426221463786586623,g,4.9375003E-4,0.001312672,4.2104576E-4
1426221463806594763,a,-0.0026934769,0.026036944,0.09292495
1426221463806594763,g,-0.0016367788,2.4740768E-4,-6.4421864E-4
1426221463826602903,a,0.03321955,0.018854339,0.052223526
1426221463826602903,g,-5.7151436E-4,2.4740768E-4,-6.4421864E-4
1426221463846611043,a,-0.0031423897,0.0067336923,0.12644377
1426221463846611043,g,-0.0027020432,0.0034432008,-0.0017094831
1426221463866619183,a,-0.022296004,-0.0026934769,0.04743512
1426221463866619183,g,-5.7151436E-4,2.4740768E-4,4.2104576E-4
1426221463886627323,a,-0.017357962,-0.024241293,0.13841479
1426221463886627323,g,-0.0027020432,0.001312672,-0.0017094831
1426221463906635843,a,0.052223526,-0.002244564,0.06658874
1426221463906635843,g,-0.0016367788,0.0023779366,4.2104576E-4
1426221463926644363,a,-0.04369418,-0.006584055,0.088136554
1426221463926644363,g,-5.7151436E-4,-8.1785675E-4,4.2104576E-4
1426221463946652883,a,-0.010025719,0.015113398,0.119261175
1426221463946652883,g,-0.0016367788,0.001312672,-0.0017094831
1426221463966661403,a,-0.012270284,-0.011073183,0.119261175
1426221463966661403,g,-0.0016367788,0.001312672,4.2104576E-4
1426221463986669923,a,0.01436521,0.024839843,0.10968436
1426221463986669923,g,0.0015590144,-0.0018831212,4.2104576E-4
1426221464006678443,a,-0.007182605,0.02932897,0.14080898
1426221464006678443,g,4.9375003E-4,0.001312672,-0.0017094831
1426221464026686963,a,-0.011821371,0.019602526,0.12883797
1426221464026686963,g,-5.7151436E-4,-0.0018831212,-6.4421864E-4
1426221464046695483,a,-0.021098902,0.007631518,0.16714521
1426221464046695483,g,0.0015590144,-8.1785675E-4,4.2104576E-4
1426221464066704003,a,0.019752163,-0.0163105,0.12644377
1426221464066704003,g,-0.0016367788,-0.0018831212,-6.4421864E-4
1426221464086712523,a,1.496376E-4,0.038905777,0.11686697
1426221464086712523,g,0.0015590144,2.4740768E-4,-6.4421864E-4
1426221464106721043,a,0.017058687,2.992752E-4,0.09771336
1426221464106721043,g,-5.7151436E-4,2.4740768E-4,-0.0017094831
1426221464126729563,a,-0.02633622,0.004938041,0.088136554
1426221464126729563,g,4.9375003E-4,0.0034432008,4.2104576E-4
1426221464146738083,a,-0.004189853,0.014814123,0.06658874
1426221464146738083,g,-5.9095543E-4,2.463424E-4,4.2024683E-4
1426221464166746603,a,-0.01616086,-0.0020949265,0.121655375
1426221464166746603,g,4.74309E-4,2.463424E-4,-6.450176E-4
1426221464186755123,a,0.0032920274,-0.009277532,0.088136554
1426221464186755123,g,-0.0027214843,-8.18922E-4,-0.001710282
1426221464206763643,a,0.012569559,-0.011522096,0.19108722
1426221464206763643,g,-0.0016562198,0.0023768712,-0.001710282
1426221464226772163,a,4.4891282E-4,0.012419921,0.09531915
1426221464226772163,g,-0.0027214843,0.0034421356,-6.450176E-4
1426221464246780683,a,-0.087687634,0.017806875,0.10010756
1426221464246780683,g,0.0026048378,-0.0018841864,-6.450176E-4
1426221464266789203,a,-0.034566287,0.022445641,0.124049574
1426221464266789203,g,4.74309E-4,2.463424E-4,-6.450176E-4
1426221464286797723,a,-0.024839843,-0.0043394906,0.06898294
1426221464286797723,g,-5.9095543E-4,0.0023768712,-6.450176E-4
1426221464306806243,a,-0.0074818805,-0.008828619,0.16235681
1426221464306806243,g,-0.0016562198,-8.18922E-4,-6.450176E-4
1426221464326814763,a,-0.02633622,0.029927522,0.12644377
1426221464326814763,g,-0.0016562198,0.0013116068,4.2024683E-4
1426221464346823283,a,-0.03321955,0.022744916,0.17672202
1426221464346823283,g,-0.0016562198,-8.18922E-4,-0.001710282
1426221464366831803,a,-0.018555064,0.008529344,0.040252518
1426221464366831803,g,9.986854E-5,-2.9960563E-4,-0.0012317119
1426221464386840323,a,-0.030526072,-0.0032920274,0.09531915
1426221464386840323,g,0.001165133,-0.00136487,-1.6644757E-4
1426221464406848843,a,5.985504E-4,0.049679685,0.11686697
1426221464406848843,g,-0.0030959249,7.656588E-4,-1.6644757E-4
1426221464426857363,a,-0.02558803,0.025737667,0.040252518
1426221464426857363,g,0.001165133,-2.9960563E-4,-1.6644757E-4
1426221464446865883,a,-0.015562311,0.030526072,0.06658874
1426221464446865883,g,9.986854E-5,-0.0024301345,8.9881686E-4
1426221464466874403,a,0.005686229,-0.008379706,0.10010756
1426221464466874403,g,0.001165133,-0.0024301345,-1.6644757E-4
1426221464486882923,a,0.026934769,0.025139118,0.124049574
1426221464486882923,g,-0.0020306604,-0.00136487,-1.6644757E-4
1426221464506891443,a,0.014664485,0.034865562,0.13841479
1426221464506891443,g,9.986854E-5,-0.00136487,-0.0022969765
1426221464526899963,a,-0.01690905,-0.0013467384,0.08574235
1426221464526899963,g,-9.653959E-4,7.656588E-4,-0.0012317119
1426221464546908483,a,-0.0068833297,0.013317747,0.14320318
1426221464546908483,g,-0.0020306604,-0.0024301345,-0.0012317119
1426221464566917003,a,0.009576807,0.010773907,0.10250176
1426221464566917003,g,0.001165133,-2.9960563E-4,8.9881686E-4
1426221464586925523,a,-0.017058687,0.02498948,0.08574235
1426221464586925523,g,0.001165133,-0.0024301345,8.9881686E-4
1426221464606934043,a,-0.03875614,0.034267012,0.121655375
1426221464606934043,g,0.001165133,-0.0024301345,-0.0012317119
1426221464626942563,a,0.011671733,0.031423897,0.011522096
1426221464626942563,g,-0.0030959249,7.656588E-4,8.9881686E-4
1426221464646951083,a,-0.026485857,-0.028431145,0.06898294
1426221464646951083,g,9.986854E-5,-0.0024301345,-0.0012317119
1426221464666959603,a,-0.0074818805,0.04833295,0.12644377
1426221464666959603,g,9.986854E-5,7.656588E-4,8.9881686E-4
1426221464686968123,a,0.04070143,0.007631518,0.042646717
1426221464686968123,g,-9.653959E-4,-2.9960563E-4,8.9881686E-4
1426221464706976643,a,0.01436521,0.017058687,0.06658874
1426221464706976643,g,-9.653959E-4,-2.9960563E-4,-1.6644757E-4
1426221464726985163,a,-0.024241293,0.029029695,0.10968436
1426221464726985163,g,0.001165133,-0.00136487,8.9881686E-4
1426221464746993683,a,-0.023942016,0.019303251,0.10729016
1426221464746993683,g,-0.0020306604,-0.00136487,-1.6644757E-4
1426221464767002203,a,-0.0068833297,0.017058687,0.07377134
1426221464767002203,g,0.0022303974,-2.9960563E-4,0.0019640813
1426221464787010723,a,-0.023642741,0.024091655,0.023493104
1426221464787010723,g,0.0022303974,-2.9960563E-4,8.9881686E-4
1426221464807019243,a,-0.04070143,0.0070329676,0.11686697
1426221464807019243,g,-0.0020306604,-2.9960563E-4,-0.0012317119
1426221464827027763,a,0.035913024,0.0047884034,0.08574235
1426221464827027763,g,9.986854E-5,-2.9960563E-4,-1.6644757E-4
1426221464847036283,a,-0.0026934769,0.004638766,0.14080898
1426221464847036283,g,9.986854E-5,-0.00136487,-0.0012317119
1426221464867044803,a,0.0017956513,0.004489128,0.07377134
1426221464867044803,g,9.986854E-5,0.0028961876,8.9881686E-4
1426221464887053323,a,-0.014814123,0.0163105,0.11686697
1426221464887053323,g,0.001165133,-0.00136487,0.0019640813
1426221464907061843,a,0.008978256,0.025438393,0.08574235
1426221464907061843,g,0.001165133,0.0018309233,-1.6644757E-4
1426221464927070287,a,-0.020201078,0.013018472,0.1455974
1426221464927070287,g,-9.653959E-4,0.0060919807,-0.0022969765
1426221464947078731,a,-0.019602526,0.013018472,0.10729016
1426221464947078731,g,9.986854E-5,-2.9960563E-4,8.9881686E-4
1426221464967087175,a,0.009427169,0.008379706,0.12883797
1426221464967087175,g,9.986854E-5,-2.9960563E-4,0.0019640813
1426221464987095619,a,-0.0020949265,-0.01316811,0.10010756
1426221464987095619,g,0.0011984225,0.002197108,-1.6644757E-4
1426221465007104063,a,0.0074818805,-0.017956512,0.06898294
1426221465007104063,g,1.3315806E-4,-9.986854E-4,8.9881686E-4
1426221465027112507,a,0.038905777,0.0398036,0.1695394
1426221465027112507,g,0.0011984225,6.657903E-5,-0.0022969765
1426221465047120951,a,-0.023493104,0.015412673,0.11447277
1426221465047120951,g,1.3315806E-4,-9.986854E-4,-0.0012317119
1426221465067129395,a,0.27563247,0.036661215,-0.062698156
1426221465067129395,g,1.3315806E-4,-9.986854E-4,-0.0012317119
1426221465087137839,a,-0.71003044,0.09142858,0.16235681
1426221465087137839,g,-0.025433188,0.0043276367,-0.10988868
1426221465107146283,a,0.042945992,0.0026934769,0.1479916
1426221465107146283,g,-0.0019973707,0.0011318434,-1.6644757E-4
1426221465127154727,a,-0.0053869537,0.016460137,0.1719336
1426221465127154727,g,1.3315806E-4,-9.986854E-4,0.0019640813
1426221464887053323,a,-0.014814123,0.0163105,0.11686697
1426221464887053323,g,0.001165133,-0.00136487,0.0019640813
1426221464907061843,a,0.008978256,0.025438393,0.08574235
1426221464907061843,g,0.001165133,0.0018309233,-1.6644757E-4
1426221464927070287,a,-0.020201078,0.013018472,0.1455974
1426221464927070287,g,-9.653959E-4,0.0060919807,-0.0022969765
1426221464947078731,a,-0.019602526,0.013018472,0.10729016
1426221464947078731,g,9.986854E-5,-2.9960563E-4,8.9881686E-4
1426221464967087175,a,0.009427169,0.008379706,0.12883797
1426221464967087175,g,9.986854E-5,-2.9960563E-4,0.0019640813
1426221464987095619,a,-0.0020949265,-0.01316811,0.10010756
1426221464987095619,g,0.0011984225,0.002197108,-1.6644757E-4
1426221465007104063,a,0.0074818805,-0.017956512,0.06898294
1426221465007104063,g,1.3315806E-4,-9.986854E-4,8.9881686E-4
1426221465027112507,a,0.038905777,0.0398036,0.1695394
1426221465027112507,g,0.0011984225,6.657903E-5,-0.0022969765
1426221465047120951,a,-0.023493104,0.015412673,0.11447277
1426221465047120951,g,1.3315806E-4,-9.986854E-4,-0.0012317119
1426221465067129395,a,0.27563247,0.036661215,-0.062698156
1426221465067129395,g,1.3315806E-4,-9.986854E-4,-0.0012317119
1426221465087137839,a,-0.71003044,0.09142858,0.16235681
1426221465087137839,g,-0.025433188,0.0043276367,-0.10988868
1426221465107146283,a,0.042945992,0.0026934769,0.1479916
1426221465107146283,g,-0.0019973707,0.0011318434,-1.6644757E-4
1426221465127154727,a,-0.0053869537,0.016460137,0.1719336
1426221465127154727,g,1.3315806E-4,-9.986854E-4,0.0019640813
1426221465087137839,a,-0.71003044,0.09142858,0.16235681
1426221465087137839,g,-0.025433188,0.0043276367,-0.10988868
1426221465107146283,a,0.042945992,0.0026934769,0.1479916
1426221465107146283,g,-0.0019973707,0.0011318434,-1.6644757E-4
1426221465127154727,a,-0.0053869537,0.016460137,0.1719336
1426221465127154727,g,1.3315806E-4,-9.986854E-4,0.0019640813
