1426382990178,r,-0.06719518,-0.8393288,-0.019547688
1426382990186,a,-0.2681506,0.076614454,9.653421
1426382990197,r,-0.081855945,-0.906524,-0.015882496
1426382990209,a,0.22984336,0.076614454,10.6877165
1426382990217,r,-0.09285152,0.87598073,0.02321288
1426382990226,a,-0.4213795,0.076614454,9.11712
1426382990238,r,-0.0842994,0.032986723,-0.0012217305
1426382990246,a,-0.38307226,0.076614454,9.270349
1426382990259,r,-0.08307768,-0.85154617,-0.02076942
1426382990266,a,0.11492168,0.076614454,10.496181
1426382990277,r,-0.08674286,0.5448918,0.009773844
1426382990286,a,0.11492168,0.076614454,10.342952
1426382990297,r,-0.10262536,0.56199604,0.014660766
1426382990306,a,-0.34476504,0.076614454,9.232041
1426382990317,r,-0.081855945,-0.7012733,-0.017104227
1426382990329,a,0.0,0.076614454,10.266336
1426382990338,r,-0.0842994,0.057421334,-0.0061086523
1426382990346,a,0.076614454,0.076614454,10.304645
1426382990366,a,-0.22984336,0.076614454,9.691729
1426382990376,r,-0.080634214,0.49235737,0.009773844
1426382990386,a,-0.038307227,0.076614454,10.151415
1426382990396,r,-0.09162979,-0.52778757,-0.008552114
1426382990401,r,-0.07819075,-0.2321288,-0.008552114
1426382990409,a,0.0,0.11492168,10.189722
1426382990417,r,-0.08552113,0.4092797,0.004886922
1426382990427,a,-0.19153613,0.11492168,9.844957
1426382990446,a,-0.2681506,0.076614454,9.385271
1426382990460,r,-0.07819075,-0.22479841,-0.004886922
1426382990466,a,-0.076614454,0.076614454,10.113108
1426382990477,r,-0.09407325,-0.16126843,-0.010995574
1426382990486,a,-0.22984336,0.11492168,9.691729
1426382990496,r,-0.09040806,0.23945917,0.010995574
1426382990500,r,-0.07086037,-0.14294247,-0.004886922
1426382990507,a,-0.19153613,0.076614454,9.691729
1426382990526,a,-0.076614454,0.076614454,10.0748005
1426382990536,r,-0.089186326,-0.08552113,-0.0012217305
1426382990546,a,-0.22984336,0.11492168,9.653421
1426382990557,r,-0.0842994,0.13561209,0.0012217305
1426382990566,a,-0.11492168,0.30645782,9.883265
1426382990578,r,-0.073303826,-0.17837265,0.002443461
1426382990586,a,-0.11492168,-0.038307227,9.998186
1426382990599,r,-0.08674286,-0.010995574,0.010995574
1426382990602,r,-0.0842994,0.1001819,0.012217305
1426382990606,a,-0.11492168,0.076614454,9.883265
1426382990626,a,-0.15322891,-0.11492168,9.998186
1426382990636,r,-0.087964594,-0.12339478,0.015882496
1426382990646,a,-0.19153613,0.11492168,9.80665
1426382990657,r,-0.0842994,0.080634214,0.002443461
1426382990666,a,-0.19153613,0.076614454,9.80665
1426382990678,r,-0.07819075,-0.10873401,0.002443461
1426382990686,a,-0.15322891,0.076614454,9.921572
1426382990696,r,-0.08552113,0.015882496,0.004886922
1426382990706,a,-0.11492168,0.076614454,9.959879
1426382990723,r,-0.087964594,-0.07696902,-0.009773844
1426382990729,r,-0.080634214,-0.007330383,-0.0012217305
1426382990737,a,-0.19153613,0.11492168,9.80665
1426382990746,a,-0.15322891,0.11492168,9.883265
1426382990756,r,-0.07452556,-0.042760566,0.002443461
1426382990768,a,-0.15322891,0.076614454,9.844957
1426382990777,r,-0.07941248,-0.073303826,-0.008552114
1426382990788,a,-0.15322891,0.11492168,9.921572
1426382990799,r,-0.07086037,-0.029321533,0.0036651916
1426382990806,a,-0.15322891,0.11492168,9.844957
1426382990816,r,-0.07574729,-0.02565634,-0.0036651916
1426382990827,a,-0.11492168,0.11492168,9.883265
1426382990836,r,-0.08674286,-0.037873644,-0.0036651916
1426382990846,a,-0.15322891,0.076614454,9.844957
1426382990856,r,-0.087964594,-0.015882496,0.002443461
1426382990866,a,-0.15322891,0.076614454,9.921572
1426382990879,r,-0.08674286,-0.03176499,-0.004886922
1426382990886,a,-0.15322891,0.076614454,9.844957
1426382990897,r,-0.081855945,-0.017104227,-0.0012217305
1426382990906,a,-0.15322891,0.11492168,9.844957
1426382990916,r,-0.08307768,-0.037873644,-0.010995574
1426382990926,a,-0.15322891,0.076614454,9.883265
1426382990937,r,-0.07574729,-0.02321288,-0.008552114
1426382990957,r,-0.081855945,-0.019547688,-0.002443461
1426382990966,a,-0.15322891,0.11492168,9.883265
1426382990981,r,-0.08674286,-0.019547688,-0.008552114
1426382991002,r,-0.07819075,-0.028099801,-0.002443461
1426382991006,a,-0.15322891,0.076614454,9.883265
1426382991019,r,-0.09285152,-0.039095376,-0.007330383
1426382991028,a,-0.15322891,0.11492168,9.883265
1426382991040,r,-0.080634214,-0.02687807,-0.0036651916
1426382991048,a,-0.15322891,0.076614454,9.844957
1426382991056,r,-0.08674286,-0.030543262,-0.0061086523
1426382991066,a,-0.15322891,0.076614454,9.883265
1426382991082,r,-0.07941248,-0.02443461,-0.013439035
1426382991086,a,-0.15322891,0.11492168,9.844957
1426382991100,r,-0.089186326,-0.034208454,0.002443461
1426382991106,a,-0.15322891,0.11492168,9.883265
1426382991117,r,-0.08674286,-0.02076942,-0.004886922
1426382991126,a,-0.15322891,0.076614454,9.883265
1426382991136,r,-0.080634214,-0.02076942,0.0
1426382991148,a,-0.11492168,0.11492168,9.844957
1426382991156,r,-0.07452556,-0.035430185,-0.014660766
1426382991166,a,-0.11492168,0.11492168,9.883265
1426382991183,r,-0.07941248,-0.05009095,-0.013439035
1426382991186,a,-0.15322891,0.11492168,9.883265
1426382991202,r,-0.07574729,-0.043982297,-0.0012217305
1426382991206,a,-0.19153613,0.11492168,9.883265
1426382991216,r,-0.05497787,-0.02076942,-0.002443461
1426382991226,a,-0.19153613,0.076614454,9.883265
1426382991236,r,-0.047647487,-0.05131268,0.013439035
1426382991251,a,-0.11492168,0.11492168,9.844957
1426382991257,r,-0.062308256,-0.02321288,0.007330383
1426382991266,a,-0.11492168,0.11492168,9.80665
1426382991277,r,-0.037873644,-0.09162979,-0.030543262
1426382991287,a,-0.11492168,0.11492168,9.959879
1426382991300,r,-0.034208454,-0.040317107,-0.029321533
1426382991306,a,-0.11492168,0.15322891,9.883265
1426382991319,r,-0.034208454,-0.028099801,-0.04520403
1426382991327,a,-0.11492168,0.11492168,9.844957
1426382991341,r,-0.036651913,-0.018325957,-0.021991149
1426382991351,a,-0.19153613,0.15322891,9.844957
1426382991356,r,-0.04153884,-0.06963864,-0.0036651916
1426382991368,a,-0.15322891,0.15322891,9.883265
1426382991377,r,-0.057421334,-0.029321533,0.02321288
1426382991386,a,-0.19153613,0.15322891,9.844957
1426382991397,r,-0.04642576,-0.018325957,0.04642576
1426382991406,a,-0.19153613,0.15322891,9.959879
1426382991420,r,-0.032986723,0.036651913,0.07819075
1426382991426,a,-0.19153613,0.15322891,9.998186
1426382991447,a,-0.11492168,0.19153613,10.036493
1426382991451,r,0.017104227,0.0036651916,0.105068825
1426382991472,a,0.0,0.22984336,9.959879
1426382991475,r,0.06841691,0.056199603,0.09285152
1426382991487,a,-0.076614454,0.2681506,9.959879
1426382991490,r,0.14172074,-0.062308256,0.029321533
1426382991506,a,-0.038307227,0.34476504,9.883265
1426382991509,r,0.1966986,-0.02321288,0.002443461
1426382991526,a,-0.038307227,0.38307226,9.959879
1426382991530,r,0.2284636,-0.06352998,-0.02076942
1426382991546,a,-0.076614454,0.4213795,10.151415
1426382991550,r,0.26267207,-0.058643065,-0.0720821
1426382991568,a,-0.19153613,0.45968673,10.189722
1426382991572,r,0.36041048,0.05131268,-0.06963864
1426382991586,a,-0.2681506,0.6512229,9.921572
1426382991589,r,0.46303585,0.11484267,-0.056199603
1426382991606,a,-0.11492168,0.6895301,9.883265
1426382991609,r,0.5497787,-0.12950343,0.02687807
1426382991626,a,0.0,0.8810662,9.691729
1426382991629,r,0.52778757,0.029321533,-0.028099801
1426382991646,a,-0.15322891,0.8810662,9.5385
1426382991653,r,0.4373795,-0.02565634,-0.013439035
1426382991673,a,-0.30645782,0.9959879,9.80665
1426382991677,r,0.36651915,0.073303826,-0.035430185
1426382991687,a,-0.30645782,1.1109096,9.883265
1426382991693,r,0.39095375,-0.039095376,0.012217305
1426382991706,a,-0.076614454,1.0342951,9.883265
1426382991710,r,0.40561453,0.059864793,0.05497787
1426382991727,a,0.076614454,1.0726024,9.80665
1426382991731,r,0.43982297,-0.073303826,0.080634214
1426382991746,a,0.15322891,1.2258313,9.883265
1426382991750,r,0.48380527,-0.10262536,-0.013439035
1426382991771,a,0.19153613,1.2258313,9.998186
1426382991773,r,0.52656585,-0.21135938,-0.062308256
1426382991793,a,-0.22984336,1.6472107,10.0748005
1426382991797,r,0.60231316,-0.17959438,-0.073303826
1426382991810,a,-0.49799395,2.1452048,9.500193
1426382991815,r,0.6743952,-0.13316862,-0.10140363
1426382991826,r,0.65484756,-0.10629055,-0.13683382
1426382991830,a,-0.19153613,2.1068976,9.461885
1426382991846,a,-0.19153613,2.1068976,9.768343
1426382991852,r,0.59620446,-0.118507855,-0.15393804
1426382991869,a,-0.34476504,2.1068976,9.500193
1426382991872,r,0.58276546,0.02443461,-0.08552113
1426382991891,a,-0.15322891,2.336741,9.270349
1426382991893,r,0.5412266,0.017104227,-0.04886922
1426382991906,a,-0.2681506,2.4133554,9.270349
1426382991909,r,0.45204028,-0.035430185,-0.02076942
1426382991926,a,-0.15322891,2.4899697,9.5385
1426382991930,r,0.38973203,-0.02443461,0.02443461
1426382991946,a,-0.076614454,2.566584,9.615114
1426382991951,r,0.37995818,-0.008552114,0.017104227
1426382991966,a,-0.076614454,2.681506,9.730036
1426382991970,r,0.43371433,0.009773844,-0.0012217305
1426382991991,a,-0.11492168,2.7581203,9.576807
1426382991994,r,0.5045747,0.02443461,-0.013439035
1426382992006,a,-0.11492168,2.834735,9.615114
1426382992013,r,0.55833083,-0.07941248,-0.02076942
1426382992031,a,-0.038307227,2.9496565,9.730036
1426382992037,r,0.63041294,-0.08552113,-0.043982297
1426382992050,a,-0.11492168,3.1411927,9.80665
1426382992056,r,0.73548174,-0.04886922,-0.04886922
1426382992067,a,-0.11492168,3.2561142,9.5385
1426382992069,r,0.8491027,-0.014660766,-0.064751714
1426382992086,a,-0.15322891,3.4093432,9.5385
1426382992089,r,0.9505063,-0.05131268,-0.062308256
1426382992107,a,-0.15322891,3.5625722,9.385271
1426382992111,r,1.0189233,-0.0012217305,-0.021991149
1426382992127,a,-0.11492168,3.8307228,9.11712
1426382992130,r,1.0555751,-0.012217305,-0.02565634
1426382992146,a,-0.11492168,4.0222588,9.078813
1426382992150,r,1.0763446,-0.009773844,-0.032986723
1426382992166,a,-0.038307227,4.213795,8.963891
1426382992172,r,1.1007792,0.0036651916,-0.034208454
1426382992189,a,-0.076614454,4.3287168,9.002198
1426382992197,r,1.1435398,-0.014660766,-0.03176499
1426382992207,a,-0.15322891,4.673482,8.810662
1426382992216,r,1.1863003,-0.030543262,-0.02565634
1426382992226,a,-0.15322891,4.8267107,8.542512
1426382992238,r,1.2034045,-0.017104227,-0.010995574
1426382992246,a,-0.19153613,5.0182467,8.389283
1426382992259,r,1.1899655,-0.02321288,0.015882496
1426382992266,a,-0.076614454,5.209783,8.542512
1426382992276,r,1.2144,-0.014660766,0.021991149
1426382992290,a,-0.11492168,5.5162406,8.389283
1426382992296,r,1.2962561,-0.029321533,0.02565634
1426382992308,a,-0.15322891,5.66947,8.312668
1426382992316,r,1.3939945,-0.028099801,0.047647487
1426382992327,a,-0.11492168,5.8226986,8.0445175
1426382992341,r,1.4465289,0.03176499,0.064751714
1426382992346,a,-0.076614454,5.9759274,7.8146744
1426382992358,r,1.4770721,0.056199603,0.07574729
1426382992366,a,0.038307227,6.397307,7.240066
1426382992377,r,1.428203,-0.008552114,0.02565634
1426382992386,a,-0.038307227,6.5505357,7.240066
1426382992396,r,1.3683381,-0.047647487,0.0012217305
1426382992408,a,-0.038307227,6.703765,7.201759
1426382992417,r,1.3536774,-0.008552114,0.002443461
1426382992426,a,0.038307227,6.933608,6.8569937
1426382992438,r,1.3500122,-0.043982297,-0.02321288
1426382992446,a,-0.038307227,7.0485296,6.7803793
1426382992458,r,1.3133603,-0.119729586,-0.040317107
1426382992467,a,0.22984336,7.3549876,6.129156
1426382992480,r,1.2596041,-0.056199603,-0.07696902
1426382992491,a,0.15322891,7.469909,5.9759274
1426382992497,r,1.128879,-0.2565634,-0.14172074
1426382992510,a,0.0,7.5848308,6.205771
1426382992516,r,1.102001,-0.21502456,-0.15271631
1426382992526,a,0.11492168,7.8146744,6.0525417
1426382992536,r,1.1557571,-0.16126843,-0.14294247
1426382992546,a,0.15322891,7.929596,5.554548
1426382992559,r,1.142318,-0.25289822,-0.19058995
1426382992566,a,0.19153613,8.0445175,5.363012
1426382992576,r,1.0543534,-0.48991394,-0.28221974
1426382992586,a,-0.15322891,8.159439,5.554548
1426382992596,r,1.0201449,-0.312763,-0.2443461
1426382992608,a,0.0,8.312668,5.209783
1426382992616,r,0.9993755,-0.42271876,-0.26145032
1426382992628,a,-0.038307227,8.389283,5.2480903
1426382992636,r,0.9969321,-0.39706242,-0.25045475
1426382992650,a,-0.038307227,8.504205,5.2863975
1426382992657,r,1.0458013,-0.29443705,-0.2406809
1426382992668,a,-0.19153613,8.542512,5.2863975
1426382992677,r,1.1129965,0.07086037,-0.17592919
1426382992686,a,-0.19153613,8.734048,4.4436383
1426382992697,r,1.1386528,0.2883284,-0.089186326
1426382992706,a,-0.19153613,8.810662,4.098873
1426382992719,r,1.105666,0.22968534,-0.03176499
1426382992728,a,-0.19153613,8.925584,4.0222588
1426382992737,r,1.105666,0.07696902,0.004886922
1426382992746,a,-0.11492168,9.040505,3.8307228
1426382992762,r,1.1520919,-0.111177474,0.036651913
1426382992767,a,-0.19153613,9.078813,3.7924154
1426382992789,r,1.0910053,-0.29810223,0.032986723
1426382992800,r,1.0726794,-0.15760323,0.034208454
1426382992803,a,-0.11492168,9.193734,3.5242648
1426382992816,a,0.0,9.270349,3.2944214
1426382992832,r,1.0848967,-0.073303826,0.062308256
1426382992837,r,1.0983357,-0.019547688,0.06352998
1426382992842,a,0.076614454,9.385271,2.873042
1426382992850,r,1.0800097,0.039095376,0.04520403
1426382992856,a,0.038307227,9.461885,2.719813
1426382992876,a,-0.076614454,9.576807,2.6431987
1426382992886,r,1.070236,0.018325957,0.02321288
1426382992897,a,0.076614454,9.461885,2.681506
1426382992906,r,1.078788,0.20158553,0.03176499
1426382992915,a,-0.038307227,9.691729,1.9919758
1426382992926,r,1.1691961,0.20525073,0.007330383
1426382992936,a,0.19153613,9.500193,2.1068976
1426382992946,r,1.0726794,0.15393804,-0.007330383
1426382992955,a,0.0,9.768343,0.91937345
1426382992966,r,1.0494665,0.14782938,-0.02321288
1426382992977,a,0.15322891,9.691729,1.4556746
1426382992986,r,0.92485,-0.3359759,-0.056199603
1426382993009,r,0.9370673,-0.13805555,-0.06719518
1426382993013,a,0.11492168,9.768343,1.2641385
1426382993029,a,-0.076614454,9.768343,1.1109096
1426382993031,r,0.8772025,0.029321533,-0.087964594
1426382993048,a,0.0,9.844957,0.6512229
1426382993053,r,0.82833326,0.119729586,-0.0720821
1426382993067,a,-0.038307227,9.844957,0.7278373
1426382993071,r,0.7501425,-0.039095376,-0.07696902
1426382993086,a,-0.15322891,9.844957,0.2681506
1426382993090,r,0.7171558,0.13927728,-0.065973446
1426382993107,a,-0.19153613,9.844957,0.38307226
1426382993111,r,0.73548174,-0.008552114,0.0012217305
1426382993132,a,-0.11492168,9.844957,0.15322891
1426382993135,r,0.6719518,0.105068825,0.02565634
1426382993150,a,0.0,9.883265,-0.15322891
1426382993153,r,0.64873886,0.22724187,0.065973446
1426382993169,a,-0.19153613,9.883265,-0.5363012
1426382993172,r,0.59986967,0.32498032,0.0061086523
1426382993187,a,0.0,9.883265,-0.5363012
1426382993194,r,0.50579643,0.17592919,-0.02076942
1426382993207,a,0.038307227,9.921572,-0.2681506
1426382993211,r,0.30543262,0.05375614,-0.007330383
1426382993230,a,0.0,9.883265,-0.49799395
1426382993234,r,0.22724187,0.09407325,-0.0036651916
1426382993246,a,0.038307227,9.883265,-0.5746084
1426382993249,r,0.13439035,0.030543262,-0.008552114
1426382993267,a,-0.038307227,9.921572,-0.5363012
1426382993270,r,0.0,-0.02565634,-0.0061086523
1426382993286,a,-0.038307227,9.921572,-0.49799395
1426382993289,r,-0.09896017,-0.02565634,-0.010995574
1426382993307,r,-0.17470746,-0.02321288,0.0036651916
1426382993328,a,-0.038307227,9.921572,-0.076614454
1426382993332,r,-0.23090707,-0.030543262,-0.002443461
1426382993351,a,-0.038307227,9.921572,0.076614454
1426382993356,r,-0.20280726,-0.028099801,0.002443461
1426382993370,a,-0.076614454,9.921572,0.076614454
1426382993375,r,-0.105068825,-0.02321288,-0.007330383
1426382993387,a,-0.038307227,9.921572,-0.038307227
1426382993392,r,-0.014660766,-0.02321288,-0.008552114
1426382993406,a,-0.15322891,9.883265,-0.22984336
1426382993410,r,0.039095376,-0.02321288,-0.002443461
1426382993427,a,-0.038307227,9.883265,-0.34476504
1426382993430,r,0.06719518,-0.021991149,-0.012217305
1426382993448,a,0.038307227,9.921572,-0.34476504
1426382993452,r,0.052534413,-0.118507855,-0.008552114
1426382993466,a,-0.038307227,9.921572,-0.45968673
1426382993469,r,-0.0061086523,-0.030543262,-0.002443461
1426382993486,r,-0.07452556,-0.028099801,-0.0012217305
1426382993506,a,-0.038307227,9.921572,-0.34476504
1426382993508,r,-0.112399206,-0.021991149,-0.0012217305
1426382993528,a,0.0,9.921572,-0.4213795
1426382993532,r,-0.16493362,-0.02321288,-0.0036651916
1426382993550,a,-0.038307227,9.883265,-0.34476504
1426382993553,r,-0.19547687,-0.02687807,-0.013439035
1426382993568,a,0.0,9.883265,-0.45968673
1426382993573,r,-0.23823744,-0.029321533,-0.0036651916
1426382993588,a,-0.038307227,9.883265,-0.076614454
1426382993593,r,-0.21868975,-0.26145032,-0.009773844
1426382993606,a,-0.038307227,9.921572,-0.038307227
1426382993610,r,-0.2565634,-0.03176499,-0.0012217305
1426382993627,a,-0.038307227,9.921572,-0.22984336
1426382993630,r,-0.2565634,-0.019547688,-0.0036651916
1426382993650,a,-0.038307227,9.921572,-0.2681506
1426382993653,r,-0.29932398,-0.018325957,0.0061086523
1426382993670,a,-0.038307227,9.921572,-0.22984336
1426382993676,r,-0.34697145,-0.02565634,-0.008552114
1426382993693,a,-0.038307227,9.921572,-0.11492168
1426382993697,r,-0.40194935,-0.02076942,-0.0036651916
1426382993706,a,0.0,9.921572,0.0
1426382993710,r,-0.42638394,-0.029321533,-0.002443461
1426382993726,a,-0.038307227,9.883265,0.038307227
1426382993730,r,-0.4654793,-0.02565634,-0.0012217305
1426382993750,a,-0.038307227,9.883265,0.11492168
1426382993752,r,-0.4801401,-0.052534413,-0.0036651916
1426382993774,a,-0.076614454,9.883265,0.38307226
1426382993781,r,-0.47647488,-0.095294975,0.0036651916
1426382993790,a,-0.11492168,9.883265,0.30645782
1426382993793,r,-0.45204028,-0.04886922,0.015882496
1426382993806,a,-0.038307227,9.921572,0.30645782
1426382993809,r,-0.47525316,-0.028099801,0.039095376
1426382993827,a,0.038307227,9.883265,0.34476504
1426382993831,r,-0.535118,-0.112399206,0.012217305
1426382993846,a,0.0,9.883265,0.5363012
1426382993851,r,-0.5656612,-0.021991149,0.010995574
1426382993867,a,-0.076614454,9.883265,0.8810662
1426382993870,r,-0.548557,-0.018325957,0.002443461
1426382993886,a,-0.038307227,9.883265,1.0726024
1426382993890,r,-0.49357912,-0.019547688,0.02687807
1426382993907,r,-0.41905355,0.07696902,0.03176499
1426382993926,a,0.0,9.883265,0.80445176
1426382993928,r,-0.42394048,0.1001819,0.02321288
1426382993948,a,0.038307227,9.844957,0.6512229
1426382993950,r,-0.49480084,0.028099801,0.021991149
1426382993970,a,-0.038307227,9.844957,0.842759
1426382993972,r,-0.59864795,-0.0036651916,0.012217305
1426382993986,a,-0.038307227,9.80665,1.0342951
1426382993989,r,-0.66706485,-0.004886922,0.02321288
1426382994006,a,-0.076614454,9.80665,1.2258313
1426382994011,r,-0.6927212,0.103847094,0.037873644
1426382994026,a,-0.038307227,9.80665,1.2641385
1426382994032,r,-0.7440339,0.0061086523,0.032986723
1426382994046,a,-0.038307227,9.768343,1.4173675
1426382994052,r,-0.784351,0.05375614,0.042760566
1426382994074,a,-0.076614454,9.730036,1.685518
1426382994079,r,-0.79901177,0.10262536,0.043982297
1426382994091,a,-0.076614454,9.730036,1.8770541
1426382994095,r,-0.77457714,0.11484267,0.06719518
1426382994111,a,-0.038307227,9.691729,2.1068976
1426382994118,r,-0.72204274,0.19303341,0.08552113
1426382994134,a,0.0,9.691729,2.0685902
1426382994139,r,-0.6988298,0.18081611,0.080634214
1426382994151,a,-0.038307227,9.615114,2.2218192
1426382994154,r,-0.6719518,0.28710666,0.09773844
1426382994166,a,0.0,9.653421,2.0685902
1426382994169,r,-0.67073005,0.1685988,0.08307768
1426382994186,a,0.038307227,9.576807,2.336741
1426382994189,r,-0.6780604,0.26389378,0.1001819
1426382994206,a,0.038307227,9.576807,2.4133554
1426382994209,r,-0.68294734,0.27366763,0.0842994
1426382994226,a,0.11492168,9.5385,2.2601264
1426382994246,a,0.0,9.5385,2.6048915
1426382994250,r,-0.75991637,0.017104227,0.042760566
1426382994253,r,-0.7611381,0.062308256,0.057421334
1426382994267,a,0.038307227,9.461885,2.834735
1426382994270,r,-0.78801614,0.0036651916,0.043982297
1426382994290,a,0.11492168,9.423578,2.9879637
1426382994293,r,-0.79045963,-0.02687807,0.02687807
1426382994306,a,0.076614454,9.385271,3.1794999
1426382994326,a,0.038307227,9.385271,3.3327289
1426382994331,r,-0.75136423,-0.021991149,0.004886922
1426382994346,a,-0.038307227,9.270349,3.5625722
1426382994351,r,-0.6963864,-0.09040806,0.007330383
1426382994354,r,-0.6658431,-0.019547688,0.019547688
1426382994367,a,0.0,9.270349,3.4476504
1426382994370,r,-0.6377433,0.0061086523,0.037873644
1426382994389,a,0.038307227,9.270349,3.2944214
1426382994406,a,0.11492168,9.461885,3.1411927
1426382994409,r,-0.66950834,0.028099801,0.04642576
1426382994426,a,0.11492168,8.963891,3.715801
1426382994430,r,-0.6059783,-0.035430185,0.043982297
1426382994446,a,0.038307227,9.423578,3.5242648
1426382994451,r,-0.6927212,0.1282817,0.05009095
1426382994453,r,-0.6731735,-0.22235495,0.040317107
1426382994466,a,-0.038307227,9.002198,4.175488
1426382994486,a,0.22984336,8.925584,3.715801
1426382994490,r,-0.6047566,-0.112399206,0.007330383
1426382994506,a,0.076614454,9.078813,3.86903
1426382994510,r,-0.74036866,0.0036651916,-0.017104227
1426382994526,a,0.038307227,8.772355,4.175488
1426382994529,r,-0.7672467,-0.18203785,-0.02321288
1426382994546,a,0.0,8.848969,4.3287168
1426382994550,r,-0.8246681,-0.087964594,-0.02076942
1426382994566,a,0.038307227,8.810662,4.405331
1426382994571,r,-0.84299403,-0.0720821,-0.017104227
1426382994586,a,0.038307227,8.695741,4.4819455
1426382994591,r,-0.8564331,-0.02443461,-0.012217305
1426382994610,a,0.076614454,8.6574335,4.405331
1426382994618,r,-0.9016371,0.047647487,0.004886922
1426382994632,r,-0.98349303,-0.04886922,-0.02076942
1426382994640,a,0.076614454,8.580819,4.711789
1426382994650,a,0.0,8.504205,4.9799395
1426382994656,r,-1.0238101,-0.028099801,-0.03176499
1426382994666,a,-0.038307227,8.350976,5.3247046
1426382994671,r,-1.0299188,-0.02321288,-0.02321288
1426382994687,a,-0.038307227,8.274361,5.439626
1426382994690,r,-1.0250319,-0.013439035,-0.029321533
1426382994706,a,-0.038307227,8.197746,5.5162406
1426382994711,r,-1.0054842,0.015882496,-0.028099801
1426382994726,a,-0.038307227,8.082825,5.592855
1426382994731,r,-1.0067059,0.081855945,-0.028099801
1426382994746,a,0.0,7.929596,5.592855
1426382994750,r,-1.0372492,-0.0036651916,-0.039095376
1426382994766,a,0.038307227,7.8529816,5.592855
1426382994778,r,-1.0848967,-0.012217305,-0.04153884
1426382994790,a,0.0,7.699753,6.0142345
1426382994796,r,-1.1691961,-0.12950343,-0.06719518
1426382994810,a,0.0,7.6231384,6.129156
1426382994813,r,-1.2082914,-0.15271631,-0.07819075
1426382994826,a,-0.038307227,7.393295,6.435614
1426382994830,r,-1.2278391,-0.17592919,-0.09162979
1426382994846,a,-0.038307227,7.2783732,6.4739213
1426382994850,r,-1.2522738,-0.12950343,-0.089186326
1426382994866,a,-0.038307227,7.1634517,6.6654577
1426382994871,r,-1.282817,-0.13072516,-0.09896017
1426382994886,a,0.0,7.0102224,6.8569937
1426382994892,r,-1.3243558,-0.14049901,-0.10629055
1426382994909,a,-0.11492168,6.742072,7.240066
1426382994913,r,-1.3170254,-0.14294247,-0.12583824
1426382994926,a,-0.076614454,6.6271505,7.431602
1426382994930,r,-1.2791518,-0.118507855,-0.11362094
1426382994946,a,-0.076614454,6.4739213,7.431602
1426382994949,r,-1.2388347,-0.087964594,-0.09896017
1426382994966,a,-0.076614454,6.3589997,7.431602
1426382994970,r,-1.2498302,-0.11362094,-0.1001819
1426382994986,a,-0.076614454,6.0142345,7.8146744
1426382994991,r,-1.2742649,-0.10262536,-0.10140363
1426382995014,a,0.0,5.8226986,7.929596
1426382995017,r,-1.2742649,-0.11484267,-0.112399206
1426382995027,a,-0.038307227,5.899313,8.00621
1426382995031,r,-1.2473868,-0.14172074,-0.12705997
1426382995047,a,-0.038307227,5.631162,8.197746
1426382995050,r,-1.205848,-0.14172074,-0.13561209
1426382995067,a,-0.11492168,5.363012,8.236053
1426382995075,r,-1.1655309,-0.12095132,-0.12583824
1426382995089,a,-0.19153613,5.133168,8.274361
1426382995094,r,-1.1667526,-0.13683382,-0.1282817
1426382995107,a,-0.30645782,5.056554,8.465898
1426382995111,r,-1.2009611,-0.1001819,-0.08307768
1426382995127,a,-0.11492168,4.7884035,8.734048
1426382995130,r,-1.1459832,-0.039095376,-0.013439035
1426382995148,a,-0.11492168,4.673482,8.6574335
1426382995153,r,-1.1178834,-0.028099801,-0.0036651916
1426382995167,a,-0.076614454,4.5202527,8.772355
1426382995174,r,-1.1129965,-0.014660766,-0.002443461
1426382995188,a,-0.076614454,4.405331,8.887277
1426382995191,r,-1.1068878,-0.02565634,-0.018325957
1426382995212,a,-0.076614454,4.175488,9.040505
1426382995216,r,-1.0409144,-0.02565634,-0.014660766
1426382995228,a,0.038307227,3.9839516,8.887277
1426382995231,r,-1.0115929,-0.040317107,-0.029321533
1426382995246,a,-0.15322891,3.9073372,8.963891
1426382995251,r,-1.0458013,-0.06352998,-0.058643065
1426382995266,a,-0.30645782,3.7541082,9.308656
1426382995273,r,-1.0274754,-0.058643065,-0.030543262
1426382995286,a,-0.15322891,3.5242648,9.308656
1426382995292,r,-0.9773844,-0.030543262,0.02076942
1426382995307,a,-0.19153613,3.2944214,9.270349
1426382995310,r,-0.9615019,-0.019547688,0.036651913
1426382995328,a,-0.15322891,3.3327289,9.232041
1426382995332,r,-0.9663888,0.009773844,0.061086524
1426382995347,a,-0.15322891,3.1028855,9.232041
1426382995349,r,-1.0225884,0.013439035,0.07819075
1426382995366,a,-0.30645782,2.719813,9.500193
1426382995370,r,-1.0311406,0.02321288,0.0842994
1426382995386,a,-0.22984336,2.6048915,9.730036
1426382995391,r,-1.0091494,-0.019547688,0.14049901
1426382995406,a,-0.038307227,2.6048915,9.691729
1426382995411,r,-0.95172805,0.030543262,0.1563815
1426382995430,a,-0.038307227,2.6431987,9.576807
1426382995433,r,-0.9053023,-0.02321288,0.13805555
1426382995446,a,-0.11492168,2.2218192,9.80665
1426382995450,r,-0.8894198,-0.02687807,0.10262536
1426382995466,a,-0.076614454,2.1452048,9.844957
1426382995469,r,-0.8368854,-0.010995574,0.10140363
1426382995486,a,0.038307227,2.1068976,9.80665
1426382995490,r,-0.7806858,0.002443461,0.064751714
1426382995506,a,-0.038307227,1.9919758,9.921572
1426382995511,r,-0.6914995,-0.02687807,0.02565634
1426382995529,a,-0.11492168,1.7621324,9.730036
1426382995532,r,-0.6389651,-0.034208454,0.0
1426382995549,a,-0.22984336,1.685518,9.730036
1426382995552,r,-0.63041294,0.032986723,0.012217305
1426382995566,a,-0.2681506,1.6089035,9.653421
1426382995570,r,-0.63407815,-0.15515977,0.039095376
1426382995586,a,-0.22984336,1.4939818,9.921572
1426382995589,r,-0.61819565,-0.014660766,0.087964594
1426382995606,a,0.19153613,1.4939818,9.921572
1426382995611,r,-0.5852089,-0.05497787,0.05131268
1426382995626,a,-0.30645782,1.2258313,10.189722
1426382995637,r,-0.49235737,0.032986723,0.030543262
1426382995652,a,-0.19153613,1.3024458,9.883265
1426382995657,r,-0.41050145,-0.0036651916,0.09896017
1426382995675,a,0.038307227,1.3790601,9.883265
1426382995683,r,-0.36774087,-0.057421334,0.065973446
1426382995687,a,-0.076614454,1.1492168,9.921572
1426382995701,r,-0.27366763,0.062308256,0.081855945
1426382995706,a,0.11492168,1.1875241,9.768343
1426382995717,r,-0.2443461,-0.0061086523,0.02565634
1426382995726,a,0.11492168,1.1492168,9.883265
1426382995736,r,-0.22602014,0.018325957,-0.081855945
1426382995749,a,-0.15322891,1.0726024,9.959879
1426382995757,r,-0.16737708,0.030543262,-0.06963864
1426382995769,a,-0.038307227,1.0726024,9.691729
1426382995779,r,-0.19181168,-0.019547688,-0.05497787
1426382995789,a,-0.2681506,0.9959879,9.730036
1426382995799,r,-0.2321288,0.007330383,-0.05009095
1426382995806,a,-0.22984336,0.9959879,9.730036
1426382995817,r,-0.24801129,-0.015882496,-0.010995574
1426382995826,a,-0.076614454,0.9959879,9.768343
1426382995837,r,-0.29077184,0.009773844,-0.02321288
1426382995854,a,-0.22984336,0.8810662,9.80665
1426382995858,r,-0.31887165,-0.06719518,-0.002443461
1426382995867,a,-0.038307227,0.8810662,9.691729
1426382995878,r,-0.32253686,-0.07819075,-0.0061086523
1426382995886,a,0.038307227,0.8810662,9.691729
1426382995898,r,-0.39950588,-0.04153884,-0.07452556
1426382995906,a,-0.11492168,0.80445176,9.844957
1426382995916,r,-0.4129449,0.0720821,-0.06963864
1426382995926,a,-0.30645782,0.6895301,9.768343
1426382995937,r,-0.40194935,-0.16126843,-0.019547688
1426382995949,a,-0.038307227,0.6512229,9.883265
1426382995957,r,-0.41172317,-0.019547688,-0.02443461
1426382995966,a,-0.076614454,0.61291564,9.80665
1426382995976,r,-0.408058,-0.096516706,-0.043982297
1426382995986,a,-0.076614454,0.5363012,9.959879
1426382995998,r,-0.376293,-0.029321533,-0.07452556
1426382996006,a,-0.076614454,0.45968673,9.883265
1426382996017,r,-0.3811799,-0.058643065,-0.12461651
1426382996026,a,-0.22984336,0.38307226,10.381259
1426382996037,r,-0.20158553,-0.034208454,-0.10751228
1426382996046,a,-0.19153613,0.38307226,9.998186
1426382996056,r,-0.15760323,-0.057421334,-0.07819075
1426382996067,a,-0.15322891,0.38307226,9.80665
1426382996077,r,-0.16249016,-0.014660766,-0.065973446
1426382996086,a,-0.2681506,0.34476504,9.844957
1426382996098,r,-0.14905111,-0.013439035,0.034208454
1426382996106,a,-0.19153613,0.34476504,9.653421
1426382996118,r,-0.22724187,-0.02565634,0.081855945
1426382996126,a,-0.15322891,0.34476504,9.691729
1426382996137,r,-0.23335053,-0.06841691,0.09040806
1426382996146,a,-0.076614454,0.30645782,10.0748005
1426382996156,r,-0.25534168,-0.021991149,0.09040806
1426382996166,a,-0.038307227,0.2681506,9.844957
1426382996177,r,-0.27855456,-0.096516706,0.056199603
1426382996186,a,-0.076614454,0.22984336,9.959879
1426382996197,r,-0.25900686,-0.018325957,0.05131268
1426382996206,a,-0.076614454,0.19153613,9.921572
1426382996217,r,-0.16737708,-0.014660766,0.004886922
1426382996226,a,-0.076614454,0.19153613,10.189722
1426382996237,r,-0.12950343,-0.03176499,-0.0061086523
1426382996246,a,-0.038307227,0.19153613,9.883265
1426382996257,r,-0.14660765,0.0,-0.043982297
1426382996268,a,-0.2681506,0.15322891,9.691729
1426382996277,r,-0.18203785,0.047647487,-0.013439035
1426382996286,a,-0.076614454,0.15322891,9.959879
1426382996298,r,-0.14172074,-0.089186326,-0.04153884
1426382996306,a,-0.11492168,0.15322891,9.80665
1426382996318,r,-0.1600467,0.04520403,0.0036651916
1426382996326,a,-0.19153613,0.11492168,9.80665
1426382996349,a,-0.15322891,0.076614454,9.921572
1426382996354,r,-0.13316862,-0.09162979,-0.0012217305
1426382996373,a,-0.11492168,0.0,9.883265
1426382996376,r,-0.111177474,-0.09040806,0.002443461
1426382996390,a,-0.076614454,0.2681506,9.80665
1426382996393,r,-0.10873401,-0.047647487,0.0036651916
1426382996416,a,-0.076614454,0.11492168,9.921572
1426382996418,r,-0.11728613,-0.047647487,0.0
1426382996420,r,-0.09896017,-0.062308256,0.002443461
1426382996436,a,-0.11492168,0.11492168,9.844957
1426382996439,r,-0.09162979,-0.028099801,0.007330383
1426382996456,a,-0.11492168,0.11492168,9.883265
1426382996459,r,-0.09896017,-0.0036651916,0.013439035
1426382996476,a,-0.15322891,0.076614454,9.844957
1426382996480,r,-0.1001819,-0.036651913,0.02076942
1426382996499,a,-0.11492168,0.076614454,9.883265
1426382996502,r,-0.08552113,-0.032986723,0.05497787
1426382996516,a,-0.038307227,0.076614454,9.883265
1426382996519,r,-0.08674286,-0.04886922,0.052534413
1426382996546,a,0.0,0.076614454,9.844957
1426382996549,r,-0.073303826,-0.002443461,0.0036651916
1426382996567,a,-0.11492168,0.076614454,9.883265
1426382996570,r,-0.08674286,-0.012217305,-0.0036651916
1426382996592,a,-0.11492168,0.076614454,9.80665
1426382996609,r,-0.080634214,0.012217305,-0.0036651916
1426382996611,a,-0.11492168,0.11492168,9.883265
1426382996613,r,-0.07941248,-0.021991149,-0.008552114
1426382996628,r,-0.07819075,-0.02321288,-0.0061086523
1426382996638,a,-0.11492168,0.076614454,9.844957
1426382996647,r,-0.0842994,-0.02443461,-0.002443461
1426382996666,r,-0.080634214,-0.019547688,-0.002443461
1426382996686,r,-0.080634214,-0.029321533,-0.0061086523
1426382996706,r,-0.07696902,-0.04886922,-0.009773844
1426382996727,r,-0.080634214,-0.043982297,-0.0036651916
1426382996735,a,-0.11492168,0.076614454,9.883265
1426382996746,r,-0.081855945,0.015882496,-0.002443461
1426382996756,a,-0.11492168,0.11492168,9.844957
1426382996766,r,-0.07941248,-0.02443461,-0.0012217305
1426382996778,a,-0.11492168,0.11492168,9.883265
1426382996789,r,-0.080634214,-0.013439035,-0.004886922
1426382996797,a,-0.15322891,0.076614454,9.844957
1426382996808,r,-0.09040806,0.0012217305,-0.007330383
1426382996816,a,-0.15322891,0.11492168,9.844957
1426382996830,r,-0.0720821,-0.030543262,-0.0012217305
1426382996838,a,-0.11492168,0.076614454,9.844957
1426382996847,r,-0.080634214,-0.040317107,-0.007330383
1426382996856,a,-0.11492168,0.076614454,9.883265
1426382996869,r,-0.07452556,-0.02076942,0.0
1426382996882,a,-0.11492168,0.076614454,9.844957
1426382996888,r,-0.07819075,-0.021991149,-0.010995574
1426382996907,r,-0.07574729,-0.039095376,0.002443461
1426382996928,r,-0.07819075,-0.03176499,-0.004886922
1426382996937,a,-0.11492168,0.076614454,9.883265
1426382996947,r,-0.07819075,-0.014660766,0.002443461
1426382996956,a,-0.11492168,0.076614454,9.844957
1426382996968,r,-0.081855945,-0.028099801,0.0
1426382996977,a,-0.15322891,0.076614454,9.844957
1426382996989,r,-0.080634214,-0.02565634,-0.0012217305
1426382996996,a,-0.11492168,0.11492168,9.844957
1426382997007,r,-0.07819075,-0.02076942,-0.002443461
1426382997027,r,-0.07941248,-0.036651913,-0.0036651916
1426382997036,a,-0.15322891,0.076614454,9.844957
1426382997048,r,-0.07941248,-0.04642576,-0.009773844
1426382997060,a,-0.11492168,0.076614454,9.883265
1426382997067,r,-0.07452556,-0.02443461,-0.002443461
1426382997077,a,-0.11492168,0.076614454,9.844957
1426382997088,r,-0.07574729,-0.02565634,0.002443461
1426382997107,r,-0.073303826,-0.028099801,-0.004886922
1426382997116,a,-0.11492168,0.11492168,9.844957
1426382997130,r,-0.081855945,-0.02687807,0.0
1426382997137,a,-0.11492168,0.076614454,9.883265
1426382997147,r,-0.07819075,-0.02076942,0.0036651916
1426382997156,a,-0.11492168,0.076614454,9.844957
1426382997167,r,-0.07696902,-0.02443461,-0.007330383
1426382997176,a,-0.11492168,0.11492168,9.844957
1426382997187,r,-0.07696902,-0.036651913,-0.007330383
1426382997196,a,-0.11492168,0.076614454,9.844957
1426382997207,r,-0.08307768,-0.02565634,0.0
1426382997216,a,-0.11492168,0.11492168,9.844957
1426382997228,r,-0.0720821,-0.028099801,0.0036651916
1426382997236,a,-0.11492168,0.076614454,9.883265
1426382997247,r,-0.080634214,-0.029321533,-0.002443461
1426382997258,a,-0.11492168,0.11492168,9.844957
1426382997276,a,-0.11492168,0.076614454,9.844957
1426382997286,r,-0.07819075,-0.02076942,-0.002443461
1426382997290,r,-0.0720821,-0.03176499,-0.004886922
1426382997307,r,-0.07574729,-0.028099801,-0.008552114
1426382997316,a,-0.11492168,0.076614454,9.883265
1426382997328,r,-0.0842994,-0.029321533,-0.004886922
1426382997336,a,-0.15322891,0.076614454,9.844957
1426382997348,r,-0.07574729,-0.021991149,-0.0061086523
1426382997363,a,-0.11492168,0.076614454,9.844957
1426382997387,r,-0.07819075,-0.030543262,-0.0036651916
1426382997393,r,-0.07819075,-0.035430185,-0.0036651916
1426382997410,r,-0.06841691,-0.02321288,-0.0036651916
1426382997447,r,-0.07696902,-0.021991149,0.0036651916
1426382997459,a,-0.15322891,0.076614454,9.883265
1426382997467,r,-0.07941248,-0.02565634,-0.009773844
1426382997487,a,-0.11492168,0.076614454,9.883265
1426382997494,r,-0.07819075,-0.02687807,-0.002443461
1426382997499,a,-0.11492168,0.076614454,9.844957
1426382997507,r,-0.081855945,-0.028099801,-0.012217305
1426382997516,a,-0.11492168,0.11492168,9.844957
1426382997527,r,-0.089186326,-0.03176499,0.002443461
1426382997536,a,-0.11492168,0.076614454,9.844957
1426382997547,r,-0.07452556,-0.035430185,0.0012217305
1426382997566,r,-0.07696902,-0.021991149,-0.004886922
1426382997586,r,-0.07941248,-0.021991149,-0.007330383
1426382997607,r,-0.07941248,-0.029321533,-0.004886922
1426382997626,r,-0.07696902,-0.028099801,-0.0036651916
1426382997648,r,-0.07452556,-0.02565634,-0.007330383
1426382997665,a,-0.11492168,0.11492168,9.844957
1426382997671,r,-0.0842994,-0.034208454,-0.0061086523
1426382997679,a,-0.15322891,0.076614454,9.844957
1426382997694,r,-0.08552113,-0.02321288,-0.0012217305
1426382997702,a,-0.11492168,0.076614454,9.883265
1426382997710,r,-0.07941248,-0.02321288,0.0
1426382997720,a,-0.11492168,0.076614454,9.844957
1426382997731,r,-0.07941248,-0.028099801,0.0
1426382997750,r,-0.06719518,-0.02076942,0.0012217305
1426382997766,r,-0.0842994,-0.030543262,-0.007330383
1426382997787,r,-0.081855945,-0.018325957,0.0012217305
1426382997807,r,-0.07574729,-0.032986723,-0.0061086523
1426382997828,r,0.0027523562,0.0034213588,-3.0474714E-4
1426382997846,r,-9.128377E-4,-0.006352484,-0.0015264775
1426382997867,r,3.0889362E-4,9.77898E-4,-0.0015264775
1426382997880,a,-0.11492168,0.076614454,9.883265
1426382997887,r,0.00641755,-2.4383143E-4,-0.012522051
1426382997901,a,-0.15322891,0.11492168,9.883265
1426382997907,r,-0.002134569,-0.005130753,-0.002748208
1426382997921,a,-0.11492168,0.11492168,9.844957
1426382997930,r,-9.128377E-4,-2.4383143E-4,9.1698347E-4
1426382997936,a,-0.11492168,0.076614454,9.844957
1426382997948,r,0.007639274,-0.0039090235,-0.0064133992
1426382997967,r,0.00641755,0.008308282,0.0021387138
1426382997986,a,-0.11492168,0.076614454,9.883265
1426382997989,r,-9.128377E-4,0.0021996293,-0.002748208
1426382998007,a,-0.11492168,0.076614454,9.844957
1426382998010,r,0.0027523562,-2.4383143E-4,0.0021387138
1426382998027,r,3.0889362E-4,-0.008795947,-0.01007859
1426382998047,r,-0.0033563003,-0.002687294,0.0021387138
1426382998066,a,-0.15322891,0.076614454,9.844957
1426382998069,r,0.005195819,-0.002687294,-0.002748208
1426382998086,a,0.038307227,0.076614454,10.496181
1426382998089,r,-0.0033563003,0.42369667,0.007025636
1426382998106,a,-0.2681506,0.076614454,9.80665
1426382998109,r,-0.004578024,0.6998077,0.018021211
1426382998127,a,-0.49799395,0.11492168,8.963891
1426382998130,r,0.008861005,-0.35210222,-0.01007859
1426382998148,a,0.19153613,0.076614454,10.802638
1426382998153,r,0.0137479305,-1.3563647,-0.03084801
