116968928223254,a,0.1592144,-1.3262382,9.575011
116968928248410,g,0.017732125,0.006750048,0.029496107
116968928267420,a,0.18555063,-1.3932757,9.5798
116968628843566,g,-0.07393494,0.0173979,-0.035485823
116968628862056,a,0.25258827,-1.3956699,9.694721
116968676735441,g,-0.039792154,-0.03373,-0.071704015
116968677163306,a,0.077811554,-1.2328643,9.675568
116968677427785,g,0.07951746,-0.027338414,-0.042941876
116968677710441,a,0.11372458,-1.359757,9.888652
116968736851691,g,-0.018486865,0.02166375,0.008190818
116968737285337,a,0.15682021,-1.4651018,9.778519
116968737551691,g,-0.05577112,0.08877541,7.339672E-4
116968737831274,a,0.037110128,-1.335815,9.553463
116968738092420,g,0.052885853,0.02166375,-0.023767116
116968738374399,a,0.092176765,-1.2376527,9.560646
116968791434972,g,0.044363737,-0.08912375,-0.0013965616
116968791791014,a,0.32680854,-1.254412,9.733028
116968792053566,g,-0.020617394,-0.028403679,0.04014875
116968792333722,a,0.31483752,-1.4315829,9.742605
116968792592368,g,-0.007834221,0.09729753,0.045475073
116968792873514,a,0.14963761,-1.5321394,9.7641535
116968829787472,g,-0.017421601,0.051491152,0.048670866
116968830152108,a,0.36032736,-1.5848119,9.970055
116968830414347,g,-0.011030015,-0.017751034,0.022039255
116968830696014,a,0.24779987,-1.347786,9.745
116968888819087,g,0.10295328,-0.006033125,-0.004592355
116968888855285,a,0.04189853,-1.278354,9.519944
116968889094712,g,0.08910484,-0.004967861,-0.0035270904
116968889120962,a,0.130484,-1.266383,9.788095
116968889140233,g,-0.016356336,-0.008163654,0.022039255
116968889157941,a,0.12808979,-1.2951134,9.694721
116968926299712,g,-0.042987946,0.013141635,0.027365578
116968928223254,a,0.1592144,-1.3262382,9.575011
116968928248410,g,0.017732125,0.006750048,0.029496107
116968928267420,a,0.18555063,-1.3932757,9.5798
116968970125545,g,0.029450035,0.0014237259,0.03056137
116968970162056,a,0.22146365,-1.503409,9.704298
116968970181379,g,-0.03127004,0.03338166,0.010321347
116968970200285,a,0.142455,-1.4052467,9.706693
116969009508097,g,-0.033400565,0.017402692,-0.010983941
116969009863201,a,0.14963761,-1.290325,9.869498
116969010130545,g,-0.023813188,-0.035860527,0.006060289
116969010409816,a,0.24061728,-1.3286324,9.879075
116969049632160,g,0.053951114,0.014206899,0.014582405
116969049987420,a,0.10654198,-1.3525743,9.565434
116969050252316,g,0.0784522,0.05468695,-0.01311447
116969050533879,a,-0.008379706,-1.2376527,9.522339
116969113010493,g,0.024123712,-0.010294183,-0.009918677
116969113522576,a,0.1376666,-1.3453918,9.816826
116969113790858,g,0.023058448,-0.018816298,0.015647668
116969114071535,a,0.23104046,-1.3166612,9.989208
116969114327629,g,-0.03446583,0.045099568,0.02310452
116969114610754,a,0.020350715,-1.2759598,9.654019
116969149740024,g,0.0049489522,0.04829536,0.009256083
116969150103410,a,0.07062895,-1.2376527,9.618107
116969157362628,g,0.12100419,-0.031604532,0.026299248
116969157789087,a,0.25258827,-1.2592005,9.632472
116969189822420,g,0.075197816,-0.01669083,0.027364513
116969190432524,a,0.21667525,-1.3310266,9.75697
116969190968983,g,-0.054764446,0.063204005,0.0060592243
116969191383618,a,0.1448492,-1.2687773,9.862315
116969230099503,g,-0.028132835,0.04615977,0.0039286953
116969230456587,a,0.12330139,-1.290325,9.632472
116969230719608,g,0.06880623,-0.027343474,0.014581339
116969235105337,a,0.089782566,-1.323844,9.577405
116969289839191,g,0.06028411,-0.02414768,0.01990766
116969289875649,a,0.25498247,-1.4411598,9.754577
116969289895128,g,-0.026002306,0.034441862,0.018842397
116969289912576,a,0.18794483,-1.4627076,9.831191
116969289930337,g,-0.090983436,0.04509451,0.002863431
116969289947472,a,0.17118542,-1.4124293,9.745
116969335584712,g,-0.011088604,-0.013495036,-0.025898708
116969336018410,a,0.11851298,-1.2472295,9.675568
116969336282472,g,0.06987149,-0.027343474,-0.04507347
116969336565701,a,0.005985504,-0.95992523,9.479243
116969391958566,g,-0.0036317527,-0.0049729208,-0.038681883
116969392310649,a,0.015562311,-0.9048586,9.651626
116969392574035,g,-0.012153869,-7.1186293E-4,0.02203819
116969392858826,a,0.12090719,-0.9838673,9.89344
116969393118097,g,-0.03132863,0.04083345,0.0635835
116969393395285,a,-0.005985504,-1.0509049,9.895834
116969430290805,g,0.025130387,0.089835614,0.06997509
116969430649295,a,0.022744916,-0.6750153,9.919776
116969430913930,g,0.075197816,0.039768185,0.049735066
116969431194920,a,-0.10654198,-0.30151978,10.1065235
116969492055649,g,0.15722318,0.03124607,0.04334348
116969492419243,a,-0.19991584,0.050427873,10.281301
116969492683566,g,0.22646536,0.07172612,0.09128038
116969492963410,a,-0.15682021,0.33533788,10.295666
116969493224712,g,0.25416225,0.11859775,0.16371836
116969493506378,a,-0.18315643,0.43350014,9.99639
116969535805649,g,0.29890335,0.192101,0.19354576
116969536239035,a,0.089782566,1.0320506,10.163984
116969536504347,g,0.56521946,0.18677467,0.1775668
116969536787524,a,-0.3196259,1.3911809,10.166379
116969592110337,g,0.74524915,0.14309883,0.17863207
116969644490024,a,-0.3866636,1.8508675,10.62846
116969644528670,g,0.67281115,0.08024824,0.22656897
116969644556274,a,-0.664391,2.1333833,10.271724
116969644583201,g,0.52686995,0.15694727,0.08062773
116969644609972,a,-1.033098,2.2315457,8.94773
116969647131430,g,0.46508458,0.1441641,-0.19101469
116969647155441,a,-1.4377182,2.3416789,9.153631
116969647174451,g,0.6568322,-0.10510778,-0.1366862
116969647193097,a,-0.82240826,1.5779285,10.67395
116969650154191,g,-0.053744987,-0.1242868,-0.061052967
116969650177472,a,0.4441244,1.1828853,10.554239
116969687574191,g,-0.9826556,0.04082919,0.09127984
116969687596066,a,0.34117374,1.0583868,8.863934
116969687614868,g,-0.49156865,0.28051367,0.12323778
116969687632524,a,-1.1959038,0.9410709,7.796119
116969729206430,g,1.1116543,0.39769277,0.059321914
116969729561170,a,-2.280477,-0.23927054,9.036316
116969729828149,g,1.0434774,0.0674608,0.30326748
116969730109607,a,-0.20470424,-0.26800096,11.669938
116969776001951,g,-0.7451016,-0.19885531,0.58875835
116969776435232,a,1.2677298,-1.5010148,11.619659
116969776700180,g,-1.2436453,0.12285455,0.76452696
116969776991899,a,0.9947908,-0.9168296,10.101735
116969810598045,g,-0.058006044,0.41473702,0.31498536
116969810956639,a,-0.51355624,-0.27997196,8.8806925
116969811218722,g,1.0967406,0.3284506,-0.13562147
116969811499972,a,-1.8351556,-0.112377845,9.041104
116969850637680,g,0.8900793,-0.20950796,-0.108989865
116969850993826,a,-1.411382,-0.4810849,9.132084
116969851264659,g,0.08793518,-0.45238823,0.14986938
116969851548409,a,-0.32920274,-0.39728785,10.092158
116969917130128,g,0.12415417,-0.22122586,0.4396213
116969922662264,a,0.427365,-0.026186582,10.300454
116969922697732,g,0.6003274,0.39023593,0.25639585
116969922724920,a,-0.60932434,-0.7516297,9.926959
116969923150337,g,0.6567864,0.67998785,0.07530088
116969923182316,a,-1.6723499,-1.5943887,10.001179
116969972839659,g,-0.29556,0.3103411,0.2542653
116969972876326,a,-0.61171854,-2.0756233,10.159196
116969972895753,g,-0.76747215,-0.22761744,0.58875835
116969972914295,a,0.5590461,-1.7811364,10.7769
116969972932368,g,0.43840718,-0.0049771816,0.61858577
116969972950337,a,0.31483752,-0.41404727,11.241376
116970010742159,g,1.3673178,0.61394143,0.3682486
116970011099399,a,-1.3874398,-0.7683891,9.922171
116970011364816,g,0.85812134,0.67146575,0.23082949
116970011648357,a,-1.7824832,-1.3932757,9.227852
116970056271222,g,-0.3648022,0.025915487,0.39594546
116970056705545,a,-0.61171854,-1.4076409,10.037092
116970056970649,g,-0.6513583,-0.47369352,0.7421564
116970057251795,a,0.23822308,-1.0485107,10.796054
116970112584139,g,0.38194817,-0.12002574,0.66545737
116970112942420,a,-0.4369418,-1.4507366,9.910199
116970113205284,g,0.87623084,0.3103411,0.47797084
116970113497836,a,-0.92296475,-1.8792987,9.254189
116970113757993,g,0.13587208,0.16120407,0.4492087
116970114039139,a,-0.35075054,-1.953519,9.7402115
116970156353357,g,-0.5320487,-0.09872045,0.5152551
116970156786482,a,-0.09935937,-1.3621511,9.855133
116970161028461,g,-0.1080527,-0.17222184,0.4481437
116970161458097,a,-0.4345476,-0.600795,9.330803
116970212657420,g,0.6205882,-0.06676065,0.14986965
116970213011378,a,-0.58777654,-0.09322423,8.768166
116970213272211,g,0.7313757,-0.029476399,0.013515809
116970218042993,a,-0.59974754,-0.023792379,9.280524
116970218075597,g,0.22857086,-0.030541664,0.12217278
116970218103514,a,-0.8583213,0.11746552,9.747394
116970278163878,g,-0.09526952,-0.060369067,0.19674128
116970278595180,a,-0.90859956,0.2252046,9.725846
116970278862628,g,0.091151744,-0.12641546,0.10619381
116970279268618,a,-0.5398925,0.15098435,9.589376
116970279526691,g,0.25839826,-0.15304707,0.10512855
116970279807368,a,-0.11372458,-0.112377845,9.900622
116970332730284,g,0.11245704,-0.023084812,0.1605223
116970333087159,a,-0.08499416,-0.15547347,10.051457
116970333349555,g,0.03149694,0.13883539,0.13176017
116970333631118,a,-0.45609543,0.0887351,9.697116
116970333887420,g,-0.02389681,0.07278898,0.0049936934
116970334172003,a,-0.79367787,0.17253216,9.51755
116970371074816,g,-0.08035582,-0.19033132,-0.13349068
116970371431534,a,-0.7793127,0.0839467,9.694721
116970371702628,g,-0.15066327,-0.4310811,-0.33695617
116970371984347,a,-0.2693477,0.44547117,9.519944
116970438289451,g,-0.13361904,-0.5205633,-0.41578576
116970438724086,a,-0.47285482,0.45265377,9.792884
116970439103566,g,-4.6099318E-4,-0.43214634,-0.3454783
116970439398149,a,-0.39624038,0.6537667,9.630077
116970439658045,g,0.15400235,-0.39273158,-0.2016676
116970439940649,a,-0.049081136,0.32576108,9.045893
116970492967315,g,0.28183407,-0.23720296,-0.15266544
116970493323305,a,0.32680854,0.29463646,9.247005
116970493586690,g,0.27437723,-0.026280606,-0.23149501
116970493865597,a,0.12090719,0.44307694,8.732252
116970494125961,g,-0.14320643,0.20488177,-0.31671616
116970494409920,a,-0.35314476,0.6585551,9.481637
116970558468826,g,-0.1709033,0.08237637,-0.11751172
116970563780753,a,-0.415394,0.6681319,9.780912
116970563811690,g,-0.09846532,0.07065846,-0.064248495
116970563839607,a,-0.51595044,0.45983636,9.586982
116970563865597,g,0.020844296,0.11326903,-0.13029489
116970563891274,a,-0.59017074,0.3712509,9.613318
116970613433565,g,0.07623804,0.15907541,-0.29221508
116970613469815,a,-0.81761986,0.8572738,9.845556
116970613488565,g,-0.09100847,0.075984776,-0.360392
116970613507472,a,-1.3251907,1.1182418,10.065823
116970613524972,g,-0.23481917,-0.12641546,-0.24108239
116970613542732,a,-1.1192893,1.1110592,10.159196
116970651367159,g,-0.1080527,-0.27129143,-0.031225298
116970651725493,a,-0.9804256,0.57715225,10.022727
116970664891690,g,0.03467196,-0.1541142,0.009254484
116970665326899,a,-0.9588778,0.43828854,10.049063
116970713088617,g,-0.031374436,-0.069958314,-0.13988253
116970713442680,a,-1.1815386,0.49335518,9.993997
116970713705597,g,-0.1762504,-0.24253115,-0.23256055
116970713988097,a,-1.2797008,0.5125088,10.180744
116970714247940,g,-0.2689284,-0.49073777,-0.23895213
116970714525909,a,-0.7649474,0.19886838,9.256582
116970751418982,g,-0.24655785,-0.55039257,-0.3838281
116970751781742,a,-1.2006922,0.11028291,10.305243
116970752050857,g,-0.28171158,-0.6750285,-0.25067005
116970752335336,a,-1.411382,-0.14110826,9.788095
116970796857680,g,-0.13257456,-0.63987476,-0.43602604
116970797293670,a,-1.3611037,0.07915829,9.575011
116970797556899,g,0.012301408,-0.6910075,-0.7161906
116970797838305,a,-1.0809821,0.4837784,9.275736
116970830404086,g,-0.098486096,-0.75492334,-0.858936
116970830759867,a,-0.60214174,0.32815528,9.292496
116970831021013,g,-0.06865869,-0.6089821,-0.7151253
116970835405492,a,-0.51116204,0.09591771,9.582193
116970898693149,g,-0.08357239,-0.32029545,-0.41791654
116970899253774,a,-0.8343793,0.06718729,9.507974
116970899518305,g,-0.22312203,-0.036935113,-0.2006026
116970899799086,a,-0.80086046,0.28984803,10.034698
116970900058982,g,-0.25188416,0.07704818,-0.14201306
116970900342524,a,-0.8295909,0.5196914,9.929353
116970954916482,g,-0.13683562,0.0078059915,-0.11751198
116970955276638,a,-0.49200845,0.3784335,10.041881
116970955539815,g,0.042128813,-0.08167622,-0.0067244815
116970955820753,a,-0.1448492,-0.07646482,10.118495
116970956084399,g,0.10497941,-0.008172975,0.11897672
116970956367211,a,0.05865794,-0.22251113,10.333973
116970991618774,g,-0.0473534,0.11752823,0.14241254
116970991974555,a,0.029927522,-0.10040683,10.532692
116970992237263,g,-0.17944619,0.15374722,-0.02589924
116970992518982,a,-0.07062895,-0.045340195,10.535086
116971053392680,g,-0.13790087,0.012067049,0.049734533
116971053749242,a,0.05626374,-0.24405894,10.41777
116971054013149,g,0.15824263,-0.027347734,0.17543574
116971054293617,a,0.108936176,0.0887351,10.365098
116971054552784,g,0.28607437,0.13244192,0.20419787
116971054843722,a,-0.36990416,0.14140753,10.187927
116971113427315,g,0.16996054,0.2410989,0.15306519
116971113785440,a,-0.5781997,0.052822076,10.271724
116971114046794,g,-0.02072179,0.13776825,0.13389042
116971114329555,a,-0.0011971008,0.009726444,9.900622
116971114588982,g,0.025084581,-0.0028466529,0.055060856
116971114870232,a,0.58538234,0.0025438394,9.965266
116971151741065,g,0.28927016,-0.05291408,-0.051465586
116971152097784,a,0.22146365,0.27548283,10.089765
116971159878617,g,0.37342605,-0.15837526,0.06145244
116971164415544,a,0.23582886,0.49814358,10.1065235
116971213858982,g,0.28394383,-0.061436195,0.0657135
116971213895544,a,0.39624038,0.835726,9.709086
116971213914346,g,0.37875238,0.08876609,0.052930325
116971213933149,a,0.81283146,1.33372,9.665991
116971213949919,g,0.2914007,0.07704818,0.2840927
116971213966899,a,0.93493575,0.3568857,9.615712
116971251845284,g,0.16037317,0.11220191,0.40446758
116971252203096,a,1.1264719,0.19647418,9.560646
116971252467836,g,-0.081441864,0.04402498,0.014580807
116971252792524,a,1.3156139,1.108665,9.050681
116971317886221,g,0.13374156,-0.06676252,-0.3124554
116971318319451,a,0.92775315,1.5563807,9.507974
116971318585180,g,0.3180323,-0.032674056,-0.1228383
116971319049190,a,0.6404489,1.4797662,10.001179
116971319315284,g,0.10391415,0.15907355,0.5003414
116971319597263,a,1.186327,0.7639,9.522339
116971373673409,g,0.10924047,0.2709263,1.0723884
116971374030336,a,2.232593,0.19407998,9.361927
116971374294711,g,0.25092065,0.44243386,0.893424
116971374576326,a,2.268506,0.9698013,9.366715
116971374838617,g,0.46290827,0.6842489,0.31818116
116971375131898,a,1.0570401,1.096694,8.780136
116971437999659,g,0.11989311,0.5862446,0.2542653
116971438432471,a,0.8439561,0.70883334,9.824008
116971438700857,g,-0.2742547,0.0674608,0.7272427
116971439101065,a,1.5191209,0.13183074,9.86471
116971439365128,g,-0.45534968,-0.31496912,0.98929775
116971439646117,a,2.6204538,0.34730887,9.48882
116971493758565,g,-0.109138735,-0.31390387,0.5717141
116971494114711,a,2.5318682,0.7662942,9.330803
116971494378513,g,0.16783002,0.07385238,0.15519571
116971499331065,a,1.6651673,1.1230302,9.46009
116971499363878,g,-0.18264198,0.26027367,0.33309487
116971499391013,a,1.3227965,1.5252562,9.673173
116971559384763,g,-0.32964846,-0.020956147,0.9797104
116971559822367,a,1.9333179,1.1613375,10.128072
116971560087211,g,0.026149845,-0.060370933,1.3301824
116971560371169,a,2.3834279,-0.30630818,10.446501
116971560631950,g,0.20617953,0.45734757,1.3504224
116971560912055,a,2.112883,-1.5010148,10.36031
116971613864607,g,-0.5277877,0.26666525,0.26917902
116971614220753,a,1.5095441,1.6186299,9.189545
116971614486794,g,-0.31899583,-0.65372324,-0.52018195
116971614766950,a,1.1528081,1.558775,8.93576
116971615027628,g,0.5449336,-1.7722509,-0.43496078
116971615308825,a,0.7529764,1.1158476,8.988432
116971652189503,g,0.44266823,-2.0673292,0.068909295
116971652552419,a,1.9093759,1.4438533,9.424176
116971665625232,g,0.14652073,-1.1820947,0.59301937
116971666059190,a,2.5079262,1.3049896,8.99322
116971713952940,g,0.24239452,0.31566715,0.98929775
116971714312159,a,1.6819267,1.1373955,8.590994
116971714578357,g,0.2285461,1.4704138,1.3237908
116971714868305,a,1.602918,0.514903,9.273342
116971715127784,g,-0.014334198,1.7953194,1.6455007
116971715407419,a,1.8231846,-0.636708,10.156802
116971752263773,g,-0.43937472,1.4768053,1.2790496
116971752619607,a,2.055422,0.29224226,9.874287
116971752885544,g,-0.50116,0.5734611,0.6303036
116971753170805,a,1.2940661,0.6370073,9.551069
116971819562940,g,0.11243227,-0.42469165,0.07103982
116971819995752,a,1.389834,0.6178537,9.809643
116971820260909,g,0.25304717,-0.9722375,-0.05892244
116971825061273,a,1.4377182,0.6202479,9.785701
116971825093617,g,0.19126184,-0.62602663,0.0955409
116971825121065,a,1.5215151,1.0751462,10.147225
116971874446638,g,-0.059075303,0.053612094,0.24467792
116971874483461,a,1.3587095,0.6346131,10.259753
116971874503721,g,0.05703852,0.4903705,0.3203117
116971874521482,a,0.7457938,-0.4691139,10.156802
116971874539815,g,-0.11340379,0.28583974,-0.022703448
116971874558148,a,0.7529764,0.90755206,9.766547
116971937184190,g,-0.12618697,-0.4257569,-0.42963445
116971937617627,a,0.93972415,1.1685201,9.972448
116971937886013,g,0.1624997,-0.79966474,-0.47970188
116971938166430,a,0.90381116,1.0535984,9.929353
116971938428461,g,0.12521544,-0.5940687,-0.19527629
116971938710440,a,0.985214,0.9267057,9.575011
116971989437523,g,0.09538804,-0.05611014,0.16478309
116971989796377,a,1.2797008,0.8093898,9.5798
116971990063304,g,0.04532061,0.36893037,0.26278743
116971990341690,a,1.0522517,0.27787703,9.96766
116971990601482,g,-0.05374898,0.56067795,0.07317035
116971990882159,a,0.5446809,0.550816,10.080188
116972030197107,g,-0.13151328,0.20487964,-0.27197534
116972030557419,a,0.439336,0.6729203,9.414599
116972030822575,g,0.06236484,-0.34053573,-0.25386584
116972031103773,a,0.94690675,0.68010294,9.687539
116972077402471,g,0.19658816,-0.49926016,-0.1409478
116972077835440,a,1.1097125,0.8692449,9.941324
116972078101898,g,0.0016447683,-0.102981776,0.011385013
116972078383304,a,0.89902276,1.0320506,9.958083
116972131856742,g,-0.012203669,0.2932966,0.056126118
116972132213929,a,0.5422867,0.9458593,9.77373
116972132479086,g,0.09219225,0.36040825,0.15732624
116972137264971,a,0.5422867,0.8524854,9.879075
116972137297054,g,0.0048405617,0.24962075,0.20845893
116972137325440,a,0.94690675,0.88600427,9.93893
116972200571065,g,-0.13796346,0.056802563,0.0966051
116972201262784,a,1.0785879,1.2810476,9.838373
116972201659034,g,-0.041024398,-0.12429239,0.0049923616
116972201944034,a,1.5358804,1.4725837,9.960478
116972202204398,g,0.01649988,-0.17329456,0.025232386
116972202483200,a,1.5478514,1.4606127,10.025121
116972230710752,g,-0.002674879,-0.027353328,0.09340931
116972230747627,a,1.7106571,1.489343,10.0825815
116972230767211,g,-0.04315493,0.102608934,0.14880306
116972230784919,a,2.2493525,1.2714708,10.008362
116972272728252,g,-0.09109183,0.24535437,0.106192484
116972273173773,a,2.397793,1.522862,9.972448
116972273466221,g,-0.09109183,0.35081553,0.044407144
116972273681898,a,2.2852654,1.6377836,10.149619
116972337629190,g,-0.0708518,0.34868503,-0.010986605
116972338059034,a,1.8567034,1.5180736,10.17835
116972338324711,g,0.048457813,0.33377132,-0.086620376
116972338607211,a,1.6196774,1.6569372,10.128072
116972338866117,g,0.090003125,0.30820498,-0.12710042
116972339312836,a,1.4784195,1.678485,9.98442
116972393065127,g,0.06337152,0.33483657,-0.04081401
116972393422836,a,1.7537527,1.546804,10.1065235
116972393686950,g,0.013304087,0.4243188,0.057190318
116972393968096,a,1.9835961,1.4989198,10.017939
116972394228304,g,-0.009066465,0.5116705,-3.339604E-4
116972394507992,a,1.7465701,1.3887867,9.989208
116972432196690,g,0.06443678,0.43390617,-0.20060368
116972438212575,a,1.210269,1.4103345,9.857527
116972438608513,g,-0.041024398,0.19209115,-0.4360271
116972443140231,a,1.2150574,1.6329952,9.821614
116972489910804,g,0.038870435,-0.08594287,-0.4807682
116972489944502,a,1.4209588,1.5994763,10.147225
116972489962992,g,0.07935048,-0.076355495,-0.45839766
116972489981273,a,1.3802572,1.465401,10.10413
116972489999033,g,0.06230625,0.104739465,-0.38702494
116972490016117,a,1.0761937,1.0942998,9.962872
116972530967211,g,0.1027863,0.21552697,-0.34547964
116972531003148,a,0.9564836,0.8692449,9.941324
116972531023513,g,-0.0058706724,0.17185111,-0.35293648
116972531041429,a,1.0259154,0.9578303,9.86471
116972578468669,g,0.015434616,0.09621735,-0.37104598
116972578979033,a,1.2797008,0.89558107,9.89344
116972579248825,g,0.025021996,0.13137107,-0.4221787
116972579530544,a,1.2653356,0.8740333,9.946113
116972632511377,g,0.03780517,0.2261796,-0.47118083
116972632867731,a,0.78888947,0.9290999,9.812037
116972633129919,g,0.087872595,0.23576699,-0.5414883
116972633407367,a,0.45609543,1.1350013,9.642049
116972633672263,g,0.090003125,0.08343417,-0.6309705
116972633952106,a,0.24301147,1.012897,9.752182
116972685767523,g,0.046344064,-0.047591753,-0.6565366
116972686207471,a,0.51595044,0.89558107,10.219051
116972686472731,g,-0.061247643,-0.045461226,-0.5809028
116972686754085,a,0.5231331,0.89797527,10.13286
116972713263669,g,-0.026093919,0.026976757,-0.54148805
116972713620596,a,0.29328972,1.0655694,9.426571
116972713884294,g,0.15500103,-0.07102757,-0.6256439
116972714164502,a,0.39145198,1.1134534,9.835979
116972753133981,g,0.13049996,-0.17861928,-0.6469492
116972753494294,a,0.5542577,0.59870005,10.563816
116972753757783,g,0.03143036,-0.15198767,-0.44774476
116972758171377,a,0.61890113,0.44068274,10.1304655
116972820336898,g,0.10173781,3.4514567E-4,-0.33802253
116972820772731,a,0.50637364,0.7591116,9.491214
116972821039294,g,0.28283277,0.05467363,-0.46798477
116972821320700,a,0.3172317,0.45504797,9.907805
116972821579606,g,0.044213533,-0.016699085,-0.55001014
116972821861585,a,0.08020575,0.033668462,10.140042
116972853450075,g,-0.085748725,-0.095528655,-0.39980784
116972853487106,a,0.05865794,0.18210897,10.022727
116972853506481,g,0.042083006,-0.16370557,-0.21764764
116972853524919,a,0.45848963,-0.07885902,9.4696665
116972893226117,g,0.20506847,-0.1509224,-0.17929812
116972893672523,a,0.6955156,0.2371756,9.745
116972893959190,g,0.34035704,0.013128319,-0.3955468
116972894176533,a,0.06584055,-0.20814592,10.005967
116972936525908,g,0.22743902,0.115393706,-0.5191175
116972936958148,a,-0.49200845,-0.16505028,9.771336
116972937226169,g,0.043148268,-0.12002973,-0.4434837
116972937509346,a,-0.6715736,0.19168578,9.182362
116972973738825,g,0.10173781,-0.4566533,-0.3625236
116972974093773,a,-0.5470751,-0.31109658,9.359533
116972974355179,g,0.11239046,-0.4981986,-0.48715955
116972974647731,a,-0.48003745,0.071975686,9.539098
116973014993773,g,-0.01437601,-0.33308262,-0.666124
116973015349606,a,-1.0833763,0.18929157,9.59177
116973015614658,g,-0.07935714,-0.32242998,-0.5872944
116973015896221,a,-1.1767502,0.18210897,9.278131
116973058839554,g,0.042083006,-0.55465764,-0.42430893
116973059395804,a,-0.7721301,-0.016609775,9.524733
116973059662367,g,0.090019904,-0.56637555,-0.30073828
116973059946273,a,-0.24779987,0.119859725,10.393828
116973093424346,g,0.018647188,-0.30751628,-0.24534452
116973098272210,a,-0.60453594,0.0815525,9.486425
116973098304814,g,-0.16457829,-0.21909933,-0.17503706
116973098332523,a,-0.92296475,0.30900165,8.842385
116973131339762,g,-0.06444344,-0.41297746,-0.24747504
116973131377002,a,-0.36750996,0.39279872,9.627684
116973131395648,g,0.046344064,-0.37995425,-0.2964772
116973131414085,a,-0.41299978,0.5244798,10.152014
116973186015127,g,0.07188937,-0.019896742,-0.21977843
116973186449398,a,-0.6691794,0.6465841,9.412206
116973186712106,g,-0.016527578,0.19635193,-0.16225415
116973186997210,a,-0.78649527,0.6226421,8.990826
116973214136689,g,-0.061268684,0.08130338,-0.06638035
116973214487523,a,-0.31483752,0.41913494,9.982025
116973214750856,g,-0.098552935,0.07491179,0.07849561
116973215035075,a,-0.5446809,0.59630585,10.10413
116973275283877,g,-0.047420245,0.29861733,0.04547241
116973275640648,a,-1.3730747,0.7591116,8.732252
116973275905856,g,-0.07831291,0.12497922,-0.058923505
116973276189242,a,-0.9636662,0.9626187,9.4457245
116973276449554,g,-0.2562121,-0.20631802,0.06571244
116973276729814,a,-0.5446809,0.49814358,10.288484
116973317858825,g,-0.24768996,-0.14453268,0.27130848
116973318300648,a,-0.8607155,0.41195232,9.316438
116973318567262,g,-0.25088575,0.023779098,0.21911052
116973318846689,a,-0.5805939,0.98416656,9.007586
116973353646064,g,-0.069790795,-0.026288329,0.10193142
116973354004606,a,-0.39863458,0.8333318,10.183139
116973354268825,g,-0.09003083,0.14095819,0.12004092
116973354549398,a,-0.5446809,0.8333318,10.578181
116973394094971,g,-0.21466675,0.40620902,0.31711483
116973394459502,a,-1.1216835,0.3568857,9.388264
116973394725544,g,0.046323024,0.45627645,0.4801003
116973399266169,a,-0.39863458,0.47180736,9.496002
116973432452575,g,0.18693793,0.3561416,0.44601184
116973432489241,a,0.089782566,0.31857845,10.147225
116973432508148,g,0.09852098,0.49782178,0.31178853
116973432527054,a,-0.32441434,0.14619595,10.453683
116973473991429,g,-0.013331784,0.4765165,0.16478203
116973474027939,a,-1.0522517,0.21083939,9.792884
116973474047523,g,-0.099618204,-0.11150949,0.1892831
116973474066794,a,-0.9923966,0.7375638,8.037933
116973514104866,g,0.14432736,-0.77729976,0.13495462
116973514552262,a,-0.05865794,0.8381202,9.041104
116973514842158,g,0.39040342,-0.6430764,0.06890823
116973515056846,a,0.34835634,1.0176854,10.08737
116973559371846,g,0.11982627,0.11006552,-0.05785824
116973559806585,a,-0.37469256,0.91712886,9.086594
116973560073512,g,-0.4074796,0.48929965,-0.015247663
116973560355804,a,-0.5734113,0.73516953,8.830415
116973593855960,g,-0.25088575,0.2304404,0.023101857
116973594212262,a,0.19991584,0.9698013,9.965266
116973594476585,g,0.018626148,0.06958547,0.06784296
116973594758043,a,0.6811504,0.68010294,10.635642
116973633469137,g,-0.15394668,0.26239833,0.13921568
116973633833252,a,0.9564836,0.5005378,10.05864
116973634097158,g,-0.20294885,0.20913512,0.17330414
116973634377627,a,0.82480246,0.055216275,9.045893
116973686508564,g,-0.03893568,-0.1306877,0.06251611
116973686948252,a,1.4257472,0.514903,9.4217825
116973687212575,g,0.05800338,-0.3352185,-0.061054565
116973687494710,a,1.6962919,0.3736451,10.1544075
116973714129658,g,-0.02402198,-0.027357055,-0.08342512
116973714487054,a,1.3180081,0.17732057,10.046669
116973714753721,g,-0.17848532,0.14841157,-0.06211983
116973719263616,a,1.3874398,0.5412392,9.46009
116973776090179,g,-0.06024097,-0.10192557,-0.14307992
116973776126689,a,1.816002,0.57475805,9.965266
116973776145491,g,0.11978872,-0.25851944,-0.2666506
116973776163981,a,1.590947,0.60348845,10.183139
116973776181273,g,0.0963529,-0.032683376,-0.42750552
116973776198460,a,1.2749124,1.084723,10.1544075
116973819554606,g,-0.03360936,0.16226001,-0.40833077
116973819989814,a,1.1887212,0.88600427,10.068216
116973820257523,g,-0.07515467,0.13456313,-0.2783685
116973820536637,a,1.353921,0.3544915,9.895834
116973854060179,g,-0.015499864,0.061059892,-0.25067163
116973854415543,a,1.5837644,0.31139585,9.627684
116973854677835,g,0.1144624,0.038689338,-0.38489494
116973854964085,a,1.8207904,0.5101146,9.742605
116973894111637,g,-0.025087243,0.0024703483,-0.48609507
116973894467679,a,1.3850456,0.70165074,9.22067
116973894730648,g,-0.10604734,-0.08168554,-0.53722775
116973895013668,a,1.2270284,0.7806594,9.768942
116973937129398,g,-0.044262003,-0.1637109,-0.5319014
116973937563304,a,1.6340426,0.3712509,10.144831
116973937830960,g,0.048416004,0.018449314,-0.50207406
116973938123720,a,1.8950106,0.33054948,10.231023
116973995915595,g,-0.057045177,0.1569337,-0.4914214
116973996271064,a,1.2509704,0.45265377,9.218275
116973996538408,g,-0.2839465,0.14947684,-0.6086005
116973996820335,a,0.91817635,0.41195232,9.455301
116973997080179,g,-0.027217772,-0.04546655,-0.8003481
116973997363356,a,1.3132197,0.38561612,10.029909
116974057643772,g,0.14855085,-0.068902366,-0.7577375
116974057998408,a,1.5502456,0.14859015,10.242993
116974058264970,g,-0.036805153,-0.0017907096,-0.65014577
116974063186950,a,1.3491327,-0.13871406,9.261371
116974063220127,g,-0.08900311,-0.011378089,-0.71725744
116974063248043,a,1.234211,-0.040551793,8.796896
116974116368304,g,0.13150662,-0.099795036,-0.90687454
116974116405335,a,1.5861586,0.29463646,9.948506
116974116424033,g,0.1293761,-0.12855718,-0.89728713
116974116442835,a,1.3682863,0.122253925,10.393828
116974116460752,g,-0.06982835,-0.05505393,-0.8131313
116974116478460,a,0.62608373,-0.10758944,8.868722
116974154323564,g,-0.044262003,-0.11470874,-0.88663447
116974154682575,a,0.7697359,0.19886838,8.875904
116974167765179,g,0.06972555,-0.21590859,-1.0560116
116974168198981,a,1.6675615,0.39279872,11.073781
116974216080283,g,0.022853917,-0.08488107,-0.96546406
116974216438460,a,0.5614403,0.16295536,11.059416
116974216702366,g,-0.37448972,0.10154021,-0.8589376
116974216984918,a,-0.09935937,-0.042945992,9.057863
116974217244137,g,-0.1891337,-0.1679717,-0.8674597
116974217524085,a,0.60214174,0.13661914,8.823232
116974254415387,g,0.29130057,-0.40872145,-0.9100703
116974254773304,a,1.2629414,0.27548283,10.250176
116974255034762,g,0.36586908,-0.34054452,-0.74495435
116974255324345,a,0.48003745,0.2371756,10.305243
116974299910335,g,0.0654645,-0.16903695,-0.6448195
116974300344241,a,-0.12330139,0.021697452,8.744224
116974300608199,g,0.021788653,-0.24680126,-0.56492466
116974300889085,a,0.1592144,0.2228104,7.2765775
116974334429762,g,0.39250067,-0.2755634,-0.5137919
116974334787314,a,0.7769185,1.0775404,9.771336
116974335052106,g,0.8079538,-0.056118928,-0.3923518
116974335334397,a,0.25019407,1.6090531,12.493543
116974374522679,g,0.29343107,0.050407514,0.16691202
116974379499085,a,-0.23104046,0.14859015,11.236588
116974379531689,g,-0.49379933,-0.07529369,0.5024703
116974379559606,a,0.62129533,-0.7779659,8.962095
116974420500699,g,-0.47782037,-0.23508336,0.37357333
116974420933981,a,1.9955671,-0.30630818,10.453683
116974421197522,g,0.1943615,-0.06996737,-0.14307992
116974421480491,a,1.2629414,-0.83063835,10.855909
116974455042731,g,0.11766245,0.2570688,-0.5244446
116974455398929,a,-0.020350715,-0.40447044,9.364322
116974455663512,g,-0.30205172,0.04721172,-0.50740033
116974456202574,a,-0.092176765,0.15098435,8.885481
116974494866741,g,-0.65252376,-0.31391293,-0.4967477
116974494903564,a,-0.027533319,0.2323872,10.281301
116974494923199,g,-0.13800101,-0.245736,-0.71512693
116974494941481,a,-0.80325466,0.60827684,11.2844715
116974537774033,g,0.49796185,0.06319068,-0.9324409
116974538371689,a,-1.4784195,1.120636,10.76493
116974538638772,g,0.061203435,-0.019899938,-0.84828496
116974539043668,a,-1.6124948,1.0464158,9.189545
116974574675022,g,-0.3276181,-0.31817397,-0.68103844
116974575029501,a,-0.9876082,0.8572738,9.378687
116974575293981,g,0.089965574,-0.29899922,-0.6203184
116974575584189,a,-1.2485762,1.1421839,10.575788
116974638144137,g,0.5586819,0.08449598,-0.62138367
116974638669553,a,-1.5741876,1.6617256,10.980408
116974638999241,g,0.019658124,0.24322037,-0.4221792
116974639284866,a,-2.0817583,1.6234183,9.474455
116974639544033,g,-0.5161699,0.12178023,-0.1856905
116974639827470,a,-2.220622,0.8716391,9.311649
116974681856428,g,-0.1486454,-0.106185555,-0.19421262
116974682288928,a,-1.5574282,0.9267057,9.2494
116974682553981,g,0.19010869,-0.1977983,-0.29434747
116974696807574,a,-0.9564836,1.3193548,9.122507
116974736224085,g,0.009013735,-0.15731825,-0.089816704
116974736260856,a,-0.60932434,1.3241432,9.476849
116974736280856,g,-0.28819504,-0.04653075,0.08488666
116974736298668,a,-1.3108255,1.0081085,9.388264
116974736315803,g,-0.04531475,0.046147253,-0.025900839
116974736332939,a,-1.6412252,0.6202479,9.407417
116974780322991,g,0.2827867,-0.009246496,-0.18142945
116974780754710,a,-1.0881647,1.0081085,8.940548
116974781021949,g,0.34776783,-0.011377024,-0.18462524
116974781306324,a,-0.7673417,1.477372,9.36911
116974836613147,g,0.26254666,0.115389444,0.020970795
116974836967053,a,-0.80325466,1.2331635,9.833585
116974837229345,g,0.21460977,0.39661926,0.102996156
116974837513408,a,-0.31483752,1.0057143,10.642825
116974837772262,g,0.11021385,0.60115004,0.14986779
116974838050387,a,-0.94211835,1.1230302,9.527127
116974878250178,g,-0.31269613,0.57664895,-0.024835575
116974878682730,a,-1.4568717,1.5779285,8.658031
116974879085335,g,-0.28180346,0.21126324,-0.14201467
116974879373668,a,-1.1599907,2.1501427,10.4010105
116974914974033,g,0.24017611,-0.009246496,-0.07383774
116974915347262,a,-1.0977415,2.083105,11.045051
116974915610595,g,0.14536758,0.07703992,0.01244868
116974915889553,a,-1.3491327,1.6641198,9.1751795
116974954983251,g,-0.16462436,0.03229882,-0.11218726
116974955338668,a,-1.2366052,1.5779285,8.777742
116974955604658,g,-0.012291553,-0.10405503,-0.26771587
116974955886480,a,-1.1408371,1.8963574,10.271724
116975000498355,g,0.14004126,-0.06570551,-0.276238
116975000929605,a,-1.0354922,1.7838299,10.384252
116975001195699,g,-0.07407689,0.14202106,-0.094077766
116975005552835,a,-0.48243165,1.357662,9.503185
116975054402470,g,-0.21043074,0.266657,0.020970795
116975054439918,a,-0.5279215,1.0320506,9.3260145
116975054458876,g,0.08251698,0.3113981,-0.10046935
116975054477105,a,-0.79607207,1.465401,9.316438
116975054494397,g,0.17945604,0.12604208,-0.13881887
116975054511585,a,-0.9516952,1.4630069,9.172785
116975101208876,g,-0.0048347027,-0.011377024,0.028427647
116975101645178,a,-0.5422867,1.4725837,8.749012
116975101906949,g,4.916195E-4,0.023776703,0.2723732
116975102189866,a,0.23343466,0.8740333,10.003573
116975134087314,g,0.029253758,0.39235818,0.37037754
116975134444189,a,0.5255273,0.98177236,11.255741
116975134710855,g,-0.20510441,0.70448065,0.32563642
116975134989397,a,-0.5279215,0.9578303,9.534309
116975182265126,g,-0.34254003,0.6565424,0.12110539
116975182693460,a,-0.59974754,0.7567174,9.002797
116975182955543,g,-0.1401398,0.14201972,0.101930626
116975183238824,a,-0.075417355,0.9769839,10.405799
116975218402418,g,0.09102258,-0.047597345,0.12856224
116975218835960,a,-0.30526072,0.9578303,10.982801
116975219263043,g,0.04947727,0.122844964,0.07423375
116975219556741,a,-0.7745243,0.8285434,9.929353
116975255284605,g,-0.1220303,0.14308499,-0.075968534
116975255644501,a,-0.90381116,0.8453028,9.359533
116975255905491,g,-0.17422825,0.008861668,-0.2176487
116975256184189,a,-0.9660604,1.2403461,10.0825815
116975322502574,g,-0.22003463,-0.1328185,-0.122840166
116975322935178,a,-1.1360487,1.1637317,10.870275
116975323198876,g,-0.19340302,-0.112578474,0.0071220915
116975323480387,a,-0.961272,0.6322189,9.400234
116975323740178,g,-0.07196287,-0.13388376,0.12323591
116975328192574,a,-0.075417355,0.18689737,10.092158
116975377454501,g,0.10806681,-0.010313091,0.13601908
116975377491324,a,-0.3890578,0.13183074,11.411364
116975377510543,g,-0.0091122715,0.25387248,-0.044010602
116975377529032,a,-1.5071499,0.6609493,10.597335
116975377547157,g,-0.30525577,0.09621335,-0.10046962
116975377564293,a,-1.5215151,0.4765958,8.813655
116975440274084,g,-0.20725146,-0.34054506,-0.035488486
116975440874866,a,-0.6811504,0.40716392,9.440936
116975441141272,g,0.30727127,-0.46944207,0.044406347
116975441422314,a,-0.35793316,0.39998132,10.836756
116975441681168,g,0.36692607,-0.07209843,-0.051467452
116975441964553,a,-1.1408371,0.5412392,10.010756
116975475451480,g,-0.05172285,0.094082825,-0.1846255
116975475807157,a,-1.5382746,0.72798693,8.564658
116975476073303,g,0.0068666944,-0.18821225,-0.14308019
116975476354084,a,-1.0570401,0.4861726,8.957307
116975515501011,g,0.33709866,-0.45239782,-0.019509519
116975515856949,a,-0.973243,0.28984803,10.128072
116975516123147,g,0.2763786,-0.279825,-0.033357956
116975516400751,a,-1.0953473,0.811784,10.125677
116975561091897,g,-0.3137779,-0.1775596,-0.077033795
116975561536584,a,-0.4441244,1.2116157,9.117719
116975561807678,g,-0.5896814,-0.3639809,0.07956007
116975562087105,a,0.10175357,0.58672905,8.732252
116975595548199,g,-0.050657585,-0.45772415,0.18928231
116975595906116,a,-0.17836803,0.41674075,9.663596
116975596170334,g,0.46279988,-0.17969014,0.01884
116975596452678,a,-0.8750807,1.1014824,10.302849
116975657332470,g,0.20287535,0.061059624,-0.123905435
116975657685230,a,-1.8495208,1.1804911,9.694721
116975657954866,g,-0.45758858,-0.047597345,0.03588423
116975662538043,a,-0.7721301,0.7375638,8.112154
116975665143303,g,-0.4885023,-0.32669848,0.35759383
116975665168199,a,-0.25498247,-0.44277766,9.455301
116975695901845,g,0.4222988,0.11538625,0.30859166
116975695939032,a,-1.0307038,0.27069443,11.100118
116975695959032,g,0.5213684,0.68530273,-0.026966637
116975695977314,a,-2.2948422,1.6713024,9.500791
116975762908355,g,-0.15081348,0.62671316,-0.23895426
116975763345022,a,-2.4863784,1.5683517,8.270171
116975763609657,g,-0.18490194,-0.09234031,0.11151774
116975763889136,a,-1.9548657,0.34252048,9.575011
116975764153251,g,0.12722054,-0.3533301,0.45027182
116975764435178,a,-0.9636662,0.019303251,11.035474
116975817483616,g,0.19326693,0.09195043,0.5291014
116975817839397,a,-0.60693014,1.012897,9.0315275
116975818104136,g,0.022824623,0.4882288,0.3725075
116975818387209,a,-0.88944596,0.47180736,8.425795
116975818647105,g,-0.019785956,0.41152975,0.42044443
116975819050491,a,-1.3515269,-0.5936124,9.752182
116975855796949,g,-0.056004945,0.21126005,0.48755607
116975856153772,a,-0.61171854,0.8692449,10.525509
116975856417626,g,0.15598267,0.18888949,0.38529068
116975856709553,a,-0.5518635,2.5667338,9.527127
116975922997990,g,0.23161645,0.0898199,0.4087265
116975923430178,a,0.039504327,1.3169606,9.136872
116975923695022,g,-0.14548716,-0.20738888,0.7528069
116975923982678,a,0.11851298,-0.51699793,10.068216
116975924241949,g,-0.22751252,-0.12962458,0.8731818
116975924522001,a,-0.05865794,-0.6438906,9.6923275
116975955826324,g,0.15172161,0.25387064,0.57597303
116975956180595,a,-0.17118542,1.6329952,10.168773
116975956443407,g,0.21350695,0.31352544,0.37463805
116975960985490,a,-0.81043726,1.8748096,9.816826
116975997188407,g,-0.2882326,0.19741161,0.33948433
116975997225178,a,-0.9923966,0.8285434,10.4967785
116975997244657,g,-0.20088091,-0.13495089,0.5376235
116975997263199,a,-1.270124,-0.03815759,10.559028
116976036193668,g,-0.0059375176,-0.14027722,0.5259056
116976036230334,a,-0.49200845,1.5563807,10.221446
116976036249970,g,0.16557005,-0.15732145,0.45879394
116976036267990,a,-0.17357962,2.3392847,9.199121
116976075973147,g,-0.064527065,-0.14134248,0.53336245
116976076419813,a,0.10654198,0.8285434,9.649231
116976076705074,g,-0.31592947,-0.22656363,0.8231144
116976076920699,a,0.17357962,-0.6462848,10.532692
116976144948095,g,-0.120986074,-0.04546868,0.8348323
116976145380959,a,0.32202014,-0.28954875,9.950901
116976145802834,g,0.19859326,0.19208528,0.5802341
116976146086532,a,0.5279215,1.8652327,9.507974
116976146350126,g,0.31151128,0.24002218,0.33202747
116976146630230,a,-0.5351041,2.0495863,9.182362
116976183127313,g,-0.094370976,-0.06997136,0.51631796
116976183556636,a,-0.4297592,0.8285434,9.7162695
116976183821584,g,-0.39903662,-0.4460097,0.91153103
116976184114761,a,0.5231331,-0.5672762,9.965266
116976216100907,g,-0.038977228,-0.18608518,1.088365
116976216459605,a,1.6579847,0.055216275,9.711481
116976216722782,g,0.5170908,0.3593302,0.88489944
116976217002313,a,1.0498575,1.3121722,9.838373
116976261571220,g,0.19325042,0.69701904,0.43642312
116976262005803,a,-0.45848963,1.7766473,8.962095
116976262271167,g,-0.43845138,0.20167106,0.3831599
116976262552417,a,-1.0450691,1.369633,9.551069
116976296164605,g,-0.39477554,-0.46624973,0.76558983
116976301034970,a,0.5279215,-0.045340195,10.044274
116976301068615,g,0.06115763,-0.39913806,1.1277797
116976301096845,a,1.851915,0.18929157,10.231023
116976336166636,g,0.37114957,0.33056808,1.0329711
116976336203407,a,1.2318168,0.68967974,10.211869
116976336222053,g,0.06328816,0.7886318,0.58769065
116976336239761,a,-0.20949265,1.0057143,9.328408
116976379484605,g,-0.20409322,0.40939763,0.38209465
116976379917365,a,-0.78888947,0.9626187,8.899846
116976380183303,g,-0.23179008,-0.39913806,0.6835645
116976380465542,a,0.8607155,0.68489134,9.833585
116976437998563,g,0.086723976,-0.5429488,0.92644477
116976438354709,a,1.827973,0.91473466,10.405799
116976438621324,g,0.30723372,0.1079278,0.8955521
116976439022730,a,1.0737995,0.44068274,10.005967
116976439286844,g,-0.29996702,0.62671155,0.6974129
116976439566584,a,0.760159,0.61067104,9.711481
116976481787105,g,-0.60995895,0.41259342,0.6079307
116976482222105,a,1.1504139,1.6042647,9.649231
116976482485334,g,-0.22007218,-0.04760081,0.6313665
116976482769136,a,1.4496891,1.5061026,10.250176
116976538086532,g,0.22307782,-0.25532737,0.74748033
116976538450907,a,1.7417817,0.811784,10.717046
116976538719501,g,0.05583131,-0.076362945,0.7485456
116976539120178,a,1.8375498,0.13183074,10.276512
116976539379605,g,-0.22752903,0.18249631,0.6324318
116976539664136,a,1.6101006,-0.12195465,9.752182
116976581871584,g,-0.20196268,0.25386903,0.46944633
116976582304917,a,1.4616601,0.2347814,9.598953
116976582572469,g,-0.15082999,0.10579727,0.33096194
116976582855282,a,1.3491327,0.20605098,10.233417
116976638187365,g,-0.033650905,-0.0358829,0.3235051
116976919377782,a,-0.073023155,0.55799866,9.745
116976643459344,g,0.028134432,0.01951085,0.2542629
116976643486688,a,1.1815386,0.17013796,10.005967
116976643513199,g,0.04624393,0.10686253,0.1019301
116976643539136,a,0.6332663,0.2347814,9.4457245
116976689145282,g,0.017452493,0.036552418,-0.00885794
116976689181896,a,0.18076223,0.72319853,9.862315
116976689201324,g,0.041953575,-0.07316982,-0.030163229
116976689219761,a,-0.022744916,1.024868,9.960478
116976738603824,g,0.10799997,-0.05612559,-0.014184263
116976738640126,a,-0.008379706,0.8500912,9.68275
116976738659501,g,0.16445899,0.009920808,0.012447349
116976738677261,a,-0.022744916,0.8740333,9.560646
116976738695074,g,0.08562942,0.09514196,-0.02057585
116976738712417,a,-0.25498247,1.096694,10.1544075
116976776595230,g,-0.059246544,0.08768511,-0.012053734
116976776950959,a,-0.52073884,1.0823288,9.946113
116976777213511,g,-0.1444677,0.016312394,0.030556845
116976777541115,a,-0.2765303,0.8788217,9.59177
116976843796532,g,-0.047528636,-0.048668735,0.095537975
116976844230230,a,0.20949265,0.69207394,9.328408
116976844497678,g,0.049410425,0.029095568,0.09979903
116976844788146,a,0.17118542,0.60588264,9.510367
116976845047834,g,-0.015570704,0.09514196,0.0678411
116976845327365,a,-0.17118542,0.55799866,9.725846
116976876674761,g,-0.17003405,0.03229136,0.08488533
116976877032573,a,-0.06584055,0.46223056,9.481637
116976877294813,g,-0.10079186,-0.07849614,0.11364747
116976877574240,a,0.11851298,0.3784335,9.577405
116976916694396,g,0.01638723,-0.06145191,0.11790853
116976917322626,a,0.20709845,0.502932,9.879075
116976917355959,g,-0.046463374,0.050400857,0.03907896
116976919377782,a,-0.073023155,0.55799866,9.745
116976959063407,g,-0.11570556,0.08661985,-0.006727411
116976959494448,a,-0.17597382,0.69925654,9.895834
116976959760907,g,-0.08055183,-0.03588556,0.038013693
116976960044709,a,-0.15682021,0.60109425,10.111312
116977017034500,g,-0.058181282,-0.06890876,0.0678411
116977017070907,a,-0.027533319,0.502932,10.1065235
116977017089344,g,-0.017701233,-0.012449745,0.080624275
116977017107678,a,-0.092176765,0.27069443,9.989208
116977017125542,g,-0.06244234,0.023769245,0.07423268
116977017143407,a,-0.1400608,0.0815525,9.993997
116977083276584,g,-0.13594559,-0.009253952,0.10725588
116977083707105,a,-0.2741361,-0.10280103,10.015544
116977083972157,g,-0.222232,-0.064647704,0.1488012
116977084253875,a,-0.29328972,-0.576853,10.259753
116977084516740,g,-0.23501517,-0.077430874,0.21271706
116977084799500,a,-0.092176765,-0.8641572,10.4967785
116977139760750,g,-0.19773091,-0.05932138,0.25852343
116977140111532,a,-0.025139118,-0.7683891,10.635642
116977140375282,g,-0.16151193,-0.0017971011,0.19141178
116977140656844,a,-0.075417355,-0.70135146,10.412982
116977140918719,g,-0.05285496,0.0024639566,0.19247703
116977141205907,a,-0.010773907,-0.71092826,10.412982
116977188402834,g,0.053663228,-0.013515809,0.12003905
116977188836219,a,-0.4417302,-0.6678326,9.771336
116977189638615,g,-0.04008004,-0.15306544,0.10512535
116977190270907,a,-0.35553896,-0.6438906,9.912594
116977238705125,g,-0.048602156,-0.35333517,0.17649807
116977239174448,a,0.12808979,-0.95753103,10.345944
116977239439709,g,0.07922957,-0.29794142,0.19141178
116977239722417,a,0.23822308,-1.242441,10.499173
116977239983407,g,0.10692645,-0.16371809,0.18821599
116977244309917,a,0.20949265,-1.1370962,10.221446
116977277168875,g,0.062185343,-0.18395811,0.15625805
116977277205646,a,0.04189853,-0.95034844,9.270947
116977277225073,g,0.2613898,-0.2713098,0.10619062
116977277243302,a,0.034715924,-1.1011832,8.926183
116977339466688,g,0.3924173,-0.360792,0.12110432
116977339824136,a,0.18555063,-1.8074726,9.385869
116977340087000,g,-6.652576E-4,-0.39807627,0.12003905
116977340368719,a,0.1592144,-2.0828059,10.286089
116977340629605,g,-0.27976453,-0.50034165,0.064645305
116977340908719,a,0.25019407,-1.2687773,9.780912
116977377111063,g,0.027031617,-0.5951502,-0.1505381
116977377466271,a,-0.40102878,-1.0916064,7.992444
116977377735490,g,0.68216926,-0.67078394,-0.24854244
116977378018094,a,1.2509704,-0.8713398,9.278131
116977444319813,g,0.75141144,-0.6271081,0.047601074
116977444754917,a,2.244564,-1.3669395,10.1304655
116977445017677,g,0.43715844,0.066379026,-0.059990633
116977445300907,a,1.5191209,-1.0293571,9.129689
116977445562000,g,0.19640866,0.15266544,-0.3369594
116977445844136,a,1.2964603,-0.26081836,7.903858
116977477193563,g,-0.07842956,-0.37250993,-0.65014714
116977477559552,a,0.9636662,0.20844519,8.150461
116977477827261,g,-0.06564639,-0.8209863,-0.84828633
116977478108615,a,1.1145009,0.89318687,9.48882
116977544468250,g,-0.36072463,-0.65373975,-1.0336423
116977544902573,a,0.7146692,1.1709143,10.250176
116977545169240,g,-0.6707166,-0.18821917,-1.1327119
116977545448771,a,-0.015562311,1.1948563,9.163208
116977545709396,g,-0.73995876,-0.06358324,-0.90048426
116977545990229,a,1.210269,2.1453543,10.781689
116977577255802,g,-0.34154987,-0.06358324,-0.6352334
116977582076167,a,1.021127,2.3344963,11.997943
116977582108875,g,0.48083428,0.45307,-0.85254735
116977582136271,a,-1.3634979,2.2506993,10.3770685
116977617564188,g,1.0816433,0.47544056,-0.85041684
116977617601844,a,-0.7026982,2.212392,10.046669
116977617621167,g,-0.25206766,-0.32137722,-0.40513632
116977617639657,a,2.146402,1.3073838,10.587758
116977684652573,g,-1.5282544,-0.4215121,-0.18569183
116977685084917,a,1.8327614,1.8293197,10.46326
116977692834292,g,-0.25634125,0.2506687,-0.21125844
116977693265750,a,-0.12808979,2.3225253,10.453683
116977693532729,g,0.8707085,0.60753226,-0.22936794
116977693814969,a,-0.48722005,1.6282068,7.9062524
116977739242625,g,0.2752257,0.3529341,-0.14734258
116977739604292,a,0.5758055,1.3720272,8.06427
116977739871323,g,-0.68138176,-0.08488959,-0.058925636
116977740153042,a,1.3299791,1.7646763,9.804854
116977740411063,g,-0.5450279,0.0024620923,-0.19741002
116977740692365,a,0.5734113,1.9777602,10.221446
116977777458250,g,0.19852668,0.2868877,-0.398745
116977777815229,a,-0.22146365,1.9777602,8.954913
116977778081740,g,-0.20733908,0.271974,-0.47118297
116977778370959,a,-0.40102878,1.7335516,8.040328
116977844775125,g,-1.1085528,-0.13815281,-0.47118297
116977845207990,a,0.29568392,1.6952444,9.814431
116977845472729,g,-0.992439,-0.2105908,-0.5659915
116977845756948,a,0.9876082,1.5156794,10.846333
116977846020229,g,-0.06459364,0.31884563,-0.52125037
116977846301479,a,0.1400608,2.4087164,10.554239
116977877523875,g,0.23261513,0.4243068,-0.52338094
116977877882625,a,-1.578976,3.1078234,9.002797
116977878147573,g,-1.0265274,-0.07210642,-0.70767164
116977882565906,a,-1.2078748,3.49329,10.594941
116977915373250,g,-1.2395803,-0.8241831,-0.18249631
116977915410229,a,-0.5638345,2.2746413,11.569381
116977915429188,g,0.1079792,-0.18608971,0.17330201
116977915447886,a,0.4225766,0.72559273,11.274895
116977979865333,g,0.72689784,0.3071277,0.47051078
116977980267052,a,1.1575965,0.41913494,9.859921
116977980544656,g,0.18148245,0.5148543,0.3831591
116977980830177,a,0.9684546,-1.0916064,8.801684
116977981091063,g,-0.034766234,0.33588985,0.3267001
116977981377000,a,1.4209588,-0.9120412,9.68275
116978017907313,g,0.3540553,-0.09767276,0.20419468
116978017944240,a,1.0115502,0.122253925,9.03871
116978017962625,g,0.40838376,-0.0049947584,-0.010988736
116978017981323,a,0.5446809,0.8285434,8.100183
116978084989656,g,-0.111465275,0.09407483,-0.13242888
116978085424604,a,0.62129533,0.80699563,9.723452
116978085692729,g,-0.35114977,0.1579907,-0.020576116
116978085978771,a,0.60693014,0.11028291,9.838373
116978086237886,g,-0.0837684,0.2868877,0.04866607
116978086518875,a,0.415394,-0.1818097,10.003573
116978139763146,g,-0.08483367,0.32204142,0.042274486
116978140126635,a,0.130484,-0.07407062,9.673173
116978140390385,g,-0.094421044,0.1910139,-0.02164138
116978140672573,a,0.14724341,0.6465841,9.903017
116978140930021,g,-0.07524628,0.05039899,-0.012054
116978141212469,a,0.5638345,0.17492636,10.408194
116978190299917,g,-0.2595413,0.059986107,0.049731337
116978190732469,a,0.664391,-0.7492355,9.790489
116978190998667,g,0.115431786,0.15479463,0.04866607
116978191280073,a,0.36032736,-0.43559507,9.833585
116978239641167,g,0.2794825,0.071704015,-0.049338255
116978244164188,a,0.22385786,0.28266543,9.634866
116978244438719,g,0.04832013,-0.017778197,-0.1590605
116978244724500,a,0.17118542,0.31857845,10.204686
116978244986688,g,0.012101138,-0.028430842,-0.13988572
116978245267677,a,0.1328782,0.2228104,10.322002
116978277090125,g,-0.0677937,0.026962908,-0.08129619
116978277127833,a,0.108936176,0.253935,9.977237
116978277146479,g,0.09519176,0.0077881482,-0.022706645
116978277165385,a,0.1328782,0.31857845,9.388264
116978323360229,g,0.18573923,-0.106195144,0.0028597023
116978323794292,a,0.21667525,0.23956981,9.527127
116978324057729,g,-0.19775595,-0.092346705,0.017773405
116978324339187,a,0.724246,-0.28954875,10.247782
116978379703562,g,-0.34476244,0.10366195,0.0689061
116978380058146,a,0.2837129,-0.7444471,9.98442
116978380324083,g,0.18254344,0.31138852,0.031621844
116978380606635,a,-0.19512744,-0.16505028,9.766547
116978380865594,g,0.36150786,0.11431459,0.025230255
116978381144604,a,0.1376666,0.42392334,9.536704
116978445180490,g,0.3220931,-0.060388774,-0.0067276773
116978445611323,a,0.2861071,0.38801032,9.405023
116978445878198,g,0.12821496,-0.077433005,-0.022706645
116978446169187,a,0.5327099,-0.27039516,9.742605
116978446427677,g,-0.18390752,-0.0113866115,-0.025902437
116978446709656,a,0.5279215,-0.38292262,9.677961
116978478046010,g,-0.013465209,0.025897643,-0.085557245
116978478402312,a,0.25498247,-0.050128598,9.225458
116978478665437,g,0.054711714,-0.048670866,-0.16119102
116978479069240,a,0.16639702,0.56996965,9.455301
116978518092573,g,-0.03050944,-0.035887692,-0.17716998
116978518447625,a,-0.010773907,0.57236385,10.037092
116978518713719,g,-0.20627807,0.044007137,-0.11325412
