112033800278455,g,0.08842201,0.024030767,-0.08675407
112033800322049,a,0.61411273,-1.7500118,9.5798
112033852816737,g,0.12251047,0.035748675,-0.055861402
112033853251112,a,0.6356605,-1.7308582,9.565434
112033853519445,g,0.11824941,0.014443388,0.017641844
112033853799237,a,0.6667852,-1.8266263,9.572617
112033854059237,g,0.07883463,0.0069865366,0.06238295
112033854339289,a,0.7170634,-1.8697219,9.589376
112033885711320,g,0.058594603,0.014443388,0.07516612
112033886068612,a,0.7433996,-1.6470611,9.56304
112033886330487,g,0.046876695,0.013378124,0.08155771
112033886614289,a,0.8415619,-1.7476176,9.656414
112033926706268,g,0.012788233,0.011247595,0.07410086
112033927066424,a,0.78410107,-2.0564697,9.783307
112033927329028,g,0.035158787,0.0069865366,0.05279557
112033927611320,a,0.79846627,-1.9032407,9.644443
112033974258247,g,0.09686902,0.0037840856,0.01551025
112033974292153,a,0.81043726,-1.8553567,9.603742
112033974311424,g,0.104325876,-0.007933823,-0.011121361
112033974329653,a,0.80086046,-1.6781857,9.737817
112034006050330,g,0.087281644,-0.022847526,-0.02070874
112034006088351,a,0.6859388,-1.8601451,9.768942
112034006107309,g,0.11604378,-0.010064352,-0.0398835
112034006125018,a,0.6404489,-1.6446669,9.663596
112034045977726,g,0.17889439,-0.02178226,-0.06331932
112034046428559,a,0.61650693,-1.3549685,9.560646
112034046716841,g,0.1842207,-0.015390675,-0.04414456
112034046937049,a,0.7673417,-1.491438,9.237429
112034113207361,g,0.100064814,-0.03136964,0.013379721
112034113645174,a,0.8870517,-1.7093104,9.400234
112034113907986,g,0.042540535,-0.018586468,-0.0025992452
112034114190591,a,0.8415619,-1.740435,9.668385
112034123346684,g,-0.0011353056,-0.006868559,-0.028165592
112034123387622,a,0.7745243,-1.7212814,9.694721
112034164635122,g,0.006321545,0.019763052,-0.086755134
112034164670643,a,0.8343793,-1.5105916,9.759365
112034164690434,g,0.027626835,0.008045143,-0.08249408
112034164708507,a,0.7721301,-1.4124293,9.752182
112034164725955,g,0.01910472,-0.013260146,-0.06438458
112034164743559,a,0.82480246,-1.6686089,9.783307
112034206116684,g,-0.0011353056,-0.04308755,-0.040948763
112034206154184,a,0.81043726,-1.9008465,9.922171
112034206172518,g,0.038279478,-0.034565434,-0.072906695
112034206190330,a,0.7218518,-1.7332524,9.881469
112034251660278,g,0.12563117,-0.030304376,-0.09421199
112034252092153,a,0.7146692,-1.491438,9.673173
112034252360643,g,0.17889439,-0.05267493,-0.07823302
112034252642466,a,0.7218518,-1.4603134,9.785701
112034307940070,g,0.16078489,-0.07184969,-4.6871635E-4
112034308418507,a,0.700304,-1.7907132,9.871892
112034308683299,g,0.1543933,-0.078241274,0.052794505
112034308975591,a,0.6428431,-1.5058032,9.749788
112034309236059,g,0.205526,-0.06013178,0.028293423
112034309519809,a,0.8319851,-1.4124293,9.354745
112034351748143,g,0.23322287,-0.05693599,0.14014618
112034352186007,a,1.1360487,-1.3070844,9.357139
112034352451788,g,0.1543933,-0.05267493,0.20512731
112034352733559,a,1.1001357,-1.6398785,9.35235
112034408043768,g,0.042540535,-0.00473803,0.16784306
112034408460955,a,0.8822633,-1.539322,9.48882
112034408729080,g,-0.00220057,0.05065572,0.060251355
112034409012309,a,0.7529764,-1.2161049,9.086594
112034409272674,g,-0.018179536,0.053851515,0.050663978
112034409554497,a,0.9564836,-0.7420529,8.94773
112034469332309,g,-0.13535862,0.0027188212,0.09433982
112034469365226,a,1.1432313,-1.0102035,9.165603
112034476971840,g,-0.32499647,-4.7883636E-4,0.04640265
112034477407153,a,0.9995792,-1.1754034,9.914988
112034477676684,g,-0.40808707,-0.014327274,0.018705778
112034477958351,a,0.8559271,-1.3094786,10.005967
112034506300903,g,-0.31647435,0.019761188,-0.044144824
112034506656736,a,0.78170687,-1.3429976,10.089765
112034506919653,g,-0.2131437,-0.058003116,0.0048573394
112034507200643,a,1.1192893,-1.6231191,9.946113
112034546184132,g,-0.23764478,-0.08783052,0.0048573394
112034546540174,a,1.0785879,-1.716493,9.857527
112034546803247,g,-0.3324533,-0.01113148,-0.07823329
112034547086580,a,0.997185,-1.9223943,9.993997
112034592105538,g,-0.33032277,0.028283304,-0.11338701
112034592541736,a,0.92296475,-1.8816929,10.2406
112034592808090,g,-0.18225104,0.05704544,-0.07929855
112034593090695,a,0.89184016,-1.9032407,9.771336
112034646826424,g,-0.017135045,0.07089388,-0.05266694
112034647195122,a,0.89423436,-2.0756233,9.36911
112034647457882,g,-0.021396102,0.1092434,-0.102734365
112034647741007,a,0.93254155,-1.9559132,9.273342
112034648000434,g,-0.05974562,0.16357188,-0.17623761
112034648403820,a,0.6955156,-1.5728409,9.570223
112034692197726,g,-0.088507764,0.2051172,-0.18795553
112034692630747,a,0.48961425,-1.5201684,9.780912
112034692901215,g,-0.06187615,0.2019214,-0.11445228
112034693185486,a,0.36990416,-1.6255133,9.491214
112034725040330,g,0.014822888,0.16250663,0.051728975
112034725398403,a,0.36032736,-1.3693337,9.354745
112034725659653,g,0.07767349,0.12309184,0.02935842
112034725944236,a,0.6859388,-1.6398785,9.687539
112034766016997,g,0.18952626,0.14759292,-0.278503
112034766053715,a,0.4249708,-0.5840356,9.926959
112034766073142,g,0.24172421,0.11883078,-0.13788809
112034766091267,a,0.30526072,0.13901334,10.199898
112034808353819,g,0.33866328,0.1933993,-0.2816988
112034808708507,a,0.45609543,0.32097265,10.092158
112034808975226,g,0.17141676,0.098590754,-0.19221658
112034809259705,a,0.724246,0.45504797,10.219051
112034846800799,g,0.018018682,0.054914914,0.040011067
112034847156372,a,1.0259154,0.07676409,10.290877
112034847419965,g,0.15650305,0.03254436,0.28502187
112034847701528,a,0.78649527,0.5292682,11.097723
112034914151476,g,0.5240193,0.12096131,0.6557339
112034914589392,a,0.20231004,1.666514,11.368268
112034914855486,g,0.58793515,0.2349446,0.8272415
112034915136684,a,-0.19991584,2.320131,11.078569
112034915396059,g,0.13093671,0.08048126,1.0296417
112034915676319,a,-0.142455,-0.045340195,10.523115
112034948648194,g,-0.22912267,-0.15174639,1.0701218
112034949012934,a,0.061052144,-1.7428292,10.08737
112034956586319,g,0.15328223,-0.2657318,1.1894311
112034957023872,a,0.7170634,-0.42122987,10.475231
112035014238299,g,0.89577156,-0.20181595,1.3875703
112035014676632,a,0.6859388,1.6713024,10.824784
112035014947569,g,0.83185565,0.008041148,1.4759872
112035015228767,a,0.16879122,1.297807,10.379463
112035015486424,g,0.17671804,-0.13150848,1.5249894
112035015764392,a,0.21428105,-1.0269629,9.44333
112035047000746,g,-0.12155599,-0.3434961,1.5303158
112035047359132,a,0.5518635,-2.844162,9.065046
112035047623194,g,0.25448236,-0.37332353,1.5931664
112035047907413,a,1.2916719,-1.0030209,9.60853
112035087283715,g,1.1162813,-0.28064552,1.9074193
112035087321424,a,1.3634979,1.4821604,10.515932
112035087340017,g,1.0928454,0.13587289,1.9702699
112035087357986,a,0.32680854,0.8333318,10.384252
112035131784913,g,0.30774558,0.08580545,1.8072845
112035132221267,a,0.17597382,-1.7787422,9.668385
112035132491215,g,0.17671804,-0.28277603,1.7316507
112035132777517,a,0.8367735,-2.20491,9.333197
112035188959705,g,0.96714425,-0.076114744,1.8328508
112035189316215,a,0.46806642,-0.39728785,9.826403
112035189584340,g,1.2675488,0.3393384,1.877592
112035189868559,a,-0.78649527,1.0512042,10.4249525
112035190128715,g,0.6997629,0.4554522,1.9404426
112035190408246,a,-1.9213469,-1.539322,10.022727
112035231895226,g,0.07125687,0.06450016,1.845634
112035232330226,a,-1.5334862,-2.7124808,9.622895
112035232596580,g,0.48138368,-0.23803493,1.8690698
112035232877257,a,-0.61171854,-1.0916064,9.48882
112035287492361,g,1.1130855,0.13587289,1.7231286
112035287859392,a,-1.0402806,0.6202479,9.565434
112035288129184,g,0.54103845,0.43308166,1.52712
112035288539028,a,-2.1679497,-0.6654384,9.515156
112035288807673,g,-0.4240911,0.11669812,1.5249894
112035289089653,a,-2.1320367,-2.9878142,9.170391
112035332099757,g,-0.58494604,-0.23164335,1.3321766
112035332537048,a,-1.1599907,-3.452289,9.223063
112035332804601,g,0.014797854,-0.09635477,1.0168582
112035333088142,a,-0.90141696,-1.8505683,9.440936
112035389082882,g,0.23637286,0.2040498,0.7313674
112035389440121,a,-1.3802572,-0.5361515,9.393052
112035389707153,g,-0.29306355,0.16356975,0.60460097
112035389988871,a,-1.3036429,-2.3174376,9.318831
112035399446476,g,-0.7212999,-0.20075068,0.43628916
112035399485590,a,-0.36511576,-3.342156,9.333197
112035450401215,g,-0.2525835,-0.3072771,0.32550168
112035450834496,a,0.08259996,-1.7691654,9.333197
112035451103455,g,0.414272,0.008041148,0.20832258
112035451385382,a,-0.25737667,0.06000468,9.433753
112035459573923,g,0.49201128,0.12202205,0.07622926
112035459610694,a,-0.19033903,0.33294368,9.48882
112035507590121,g,-0.050208308,-0.04096341,0.046401855
112035507949236,a,0.18794483,-0.002244564,9.491214
112035508454184,g,-0.5178594,-0.18690464,0.1380146
112035508717257,a,0.3842694,-0.23927054,9.3499565
112035509000850,g,-0.52851206,-0.16240355,0.16038515
112035509217986,a,0.39863458,-0.6271312,9.263765
112035550501475,g,-0.24089064,-0.08463925,0.0868819
112035550937413,a,0.12569559,-0.39728785,9.426571
112035551204965,g,0.037143372,0.017626131,0.066641875
112035551488611,a,0.010773907,0.2563292,9.51755
112035587561059,g,0.12449506,0.07515041,0.08049031
112035587927673,a,0.11851298,0.3760393,9.519944
112035588300486,g,-0.08749256,0.042127214,0.06238082
112035588583246,a,0.12808979,0.052822076,9.548675
112035625549757,g,-0.20147586,0.030409304,0.09114296
112035625586267,a,-0.06344634,-0.5744588,9.632472
112035625606475,g,-0.05766516,0.09752096,0.053858705
112035625624132,a,-0.2693477,-0.4691139,9.910199
112035694848038,g,0.18095407,0.13693574,0.04320606
112035695282517,a,-0.08020575,0.27787703,9.93893
112035695549913,g,0.2374131,0.13160942,0.11777457
112035695830798,a,-0.17597382,0.6154595,9.888652
112035696088194,g,0.04140443,0.12202205,0.14227565
112035696368090,a,-0.6404489,0.5484218,9.780912
112035725091111,g,-0.1972148,0.09325991,0.16251567
112035725128923,a,-0.9900024,0.06958149,9.661202
112035725148819,g,-0.25900012,0.034670364,0.15931988
112035725168194,a,-0.6979098,-0.19138649,9.89344
112035767983298,g,-0.119450495,-0.051616058,0.1497325
112035768020330,a,-0.35793316,0.34012628,10.140042
112035768040225,g,0.08081921,0.017626131,0.22323574
112035768058402,a,-0.8798691,0.8620623,10.015544
112035813247725,g,0.04779602,0.09112938,0.29141268
112035813686736,a,-1.6819267,0.7782652,9.586982
112035813951215,g,-0.17804004,0.05064933,0.3436106
112035814232100,a,-1.5933412,0.19647418,9.560646
112035847833871,g,-0.25900012,-0.11127087,0.3052611
112035848315746,a,-0.46327803,-0.25602993,9.950901
112035848582517,g,-0.10560206,-0.18903516,0.29780427
112035848867152,a,-0.5590461,0.41434655,10.25257
112035887873663,g,0.12129927,-0.014331801,0.5044656
112035888295746,a,-1.6962919,0.8788217,9.828796
112035888561736,g,0.07975395,0.09965149,0.54174984
112035888854965,a,-1.9405005,0.787842,9.577405
112035955104757,g,-0.18656215,-0.07931293,0.5129877
112035955541423,a,-0.91578215,0.58672905,10.008362
112035955808663,g,-0.23769484,-0.29130057,0.5683814
112035956090642,a,-0.91338795,0.28505963,10.0825815
112035963821996,g,-0.06729861,-0.1879739,0.6738421
112035964257673,a,-1.6460136,0.4837784,9.87668
112035989655694,g,0.108470015,-0.15388544,0.8229791
112035990014444,a,-1.4377182,0.88600427,9.7402115
112035990285173,g,0.012596219,-0.23804133,0.89648235
112035990568350,a,-0.1400608,0.4813842,9.89344
112036025638298,g,-0.20365246,-0.31793615,0.8634591
112036025994861,a,0.24540567,-0.1818097,9.993997
112036035422621,g,-0.21217458,-0.17412546,1.0179225
112036035462986,a,-0.5279215,-0.4954501,10.061034
112036070782829,g,0.026444657,-0.019662118,1.1649289
112036071211684,a,-0.89423436,-0.23927054,10.120889
112036071483402,g,0.2075396,-0.028184233,1.2118006
112036071767673,a,0.17836803,0.105494514,9.874287
112036126241840,g,0.12657951,-0.12831908,1.1755816
112036126278142,a,0.49200845,-0.23448212,9.891046
112036126297829,g,0.013661483,-0.04842426,1.2331059
112036126315902,a,-0.29568392,-0.7564181,9.6923275
112036126333819,g,-0.015100656,0.08260327,1.3066092
112036126350746,a,-0.29328972,-0.909647,9.749788
112036173658298,g,0.04881521,0.031470574,1.3215228
112036174096111,a,0.48961425,-0.9168296,9.859921
112036174364079,g,0.12657951,0.0027084348,1.289565
112036174646215,a,0.37469256,-0.8928876,10.125677
112036227733923,g,0.23949754,0.15397598,1.289565
112036228089809,a,-0.30286652,-0.7707833,10.137649
112036228473090,g,0.23097543,0.22428344,1.293826
112036228768767,a,-0.4321534,-0.8689456,10.022727
112036229028246,g,0.032836244,0.10284329,1.3396324
112036229310850,a,0.47285482,-1.2161049,10.034698
112036273726319,g,0.015792012,-0.0771864,1.3289797
112036274162152,a,0.7410054,-1.5225626,9.955689
112036274431006,g,0.20434381,0.046384275,1.2725207
112036274711215,a,0.18555063,-1.0173861,9.953295
112036327885069,g,0.36413348,0.18486865,1.2970217
112036328354392,a,-0.09935937,-0.51220953,9.824008
112036328621111,g,0.24588913,0.13693175,1.2970217
112036328903558,a,0.11851298,-0.7803601,9.668385
112036329162829,g,-0.023622772,0.010165286,1.2565417
112036329445121,a,0.5638345,-1.3956699,9.797672
112036392289704,g,0.06905524,-0.015401061,1.2373669
112036392730069,a,0.46567222,-1.1418846,9.986814
112036392995329,g,0.34708926,0.10284329,1.241628
112036393277152,a,0.061052144,-0.24645314,9.852738
112036393537413,g,0.44402832,0.16995496,1.2682596
112036393821631,a,-0.039504327,-0.042945992,9.721058
112036426322777,g,0.2075396,0.077276945,1.2458891
112036426675902,a,0.16160862,-0.5433341,9.881469
112036426939704,g,-0.019361714,-0.02711897,1.2299101
112036427221006,a,0.32680854,-1.0125977,10.137649
112036474906163,g,0.03819612,0.010168215,1.200083
112036475338506,a,0.20709845,-0.73008186,10.061034
112036475606111,g,0.17454997,0.11349887,1.1691903
112036475886944,a,-0.017956512,-0.50742114,9.87668
112036526550590,g,0.17561524,0.1156294,1.1308408
112036526905381,a,0.16400282,-0.5385457,9.596559
112036527170694,g,0.035000328,0.036799826,1.095687
112036527454236,a,0.3172317,-0.7779659,9.809643
112036527714913,g,-0.061938737,-0.0047454867,1.0978175
112036528006423,a,0.35314476,-0.7588123,10.075399
112036589868454,g,0.036065593,0.010168215,1.0892955
112036590223246,a,0.39384618,-0.5361515,9.792884
112036590493090,g,0.056305617,0.06875776,1.0445544
112036590779183,a,0.24540567,-0.79951376,9.412206
112036591039235,g,-0.03743765,0.061300907,1.0253795
112036591324548,a,-0.07062895,-1.2304701,9.654019
112036654443402,g,-0.07046085,0.03786509,0.9806385
112036654879860,a,0.11372458,-0.94795424,10.051457
112036655168298,g,0.13406992,0.01869033,0.89222157
112036655448506,a,-0.07062895,-0.5720646,9.759365
112036655708610,g,0.12022148,0.10604201,0.8027393
112036655991423,a,-0.16400282,-0.6582558,9.59177
112036707407100,g,-0.07152612,0.03573456,0.76012874
112036707443767,a,-0.08020575,-1.0102035,9.807249
112036707462465,g,-0.3176022,-0.013267602,0.72390974
112036707480694,a,-0.039504327,-1.1299136,9.689933
112036707497829,g,-0.2877748,-0.0100718085,0.64614546
112036707514756,a,-0.16879122,-1.1682208,9.670779
112036748050381,g,-0.10348405,0.030408239,0.5492064
112036748716996,a,-0.2885013,-0.50023854,9.922171
112036754626006,g,-0.004414456,0.024016652,0.53322744
112036755060642,a,-0.33877954,-0.3326444,9.974843
112036788522777,g,-0.0779177,-0.01752866,0.49913898
112036788884965,a,-0.29568392,-0.8761282,9.795278
112036789149548,g,-0.16739991,-0.07398768,0.40646097
112036789433246,a,-0.11611878,-1.0269629,9.86471
112036848581579,g,0.035000328,-0.01965919,0.35000196
112036848618767,a,-0.044292733,-0.3350386,9.934141
112036848638037,g,0.2629669,0.07195355,0.28928187
112036848655746,a,-0.051475335,0.3712509,9.960478
112036848673037,g,0.22248687,0.043191414,0.2967387
112036848689965,a,0.089782566,0.32815528,9.883863
112036894464600,g,-0.014001836,-0.043095008,0.33508825
112036894904392,a,0.19033903,-0.327856,9.826403
112036895167517,g,-0.1887052,-0.07292241,0.32656613
112036895451319,a,0.10175357,-0.96471363,9.718663
112036950689548,g,-0.044894505,-0.020724453,0.30313033
112036951046475,a,0.008379706,-0.84979194,9.812037
112036951311944,g,0.20011632,0.060235642,0.2466713
112036951597048,a,0.16400282,-0.18659809,9.874287
112036959241735,g,0.2928151,0.095391236,0.20299599
112036959675277,a,0.19273324,-0.047734395,9.843162
112036996156006,g,0.08828432,0.07941227,0.15718962
112036996591839,a,0.09696517,-0.41644147,9.924564
112037008362569,g,-0.097071685,0.045323804,0.12310116
112037008725277,a,0.24540567,-0.6414964,9.93893
112037027409652,g,-0.050200053,0.039997485,0.085816905
112037027447100,a,0.39624038,-0.4906617,9.75697
112037027467308,g,0.062717974,0.059172243,0.045336854
112037027485485,a,0.47285482,-0.3254618,9.759365
112037068617777,g,0.11491593,0.04958486,0.045336854
112037069075850,a,0.4201824,-0.38052842,9.99639
112037069099652,g,0.078696944,0.07515121,0.021901038
112037069118975,a,0.40581718,-0.43080667,10.118495
112037109144235,g,0.057391655,0.08793438,-0.028166391
112037109594027,a,0.6380547,-0.37813422,10.1065235
112037109884860,g,0.095741175,0.12521864,-0.078233816
112037110102412,a,0.8678981,-0.50023854,10.041881
112037149187621,g,0.16711389,0.13800181,-0.13362756
112037149939652,a,1.0594343,-0.6582558,10.08737
112037149971735,g,0.2416824,0.15291551,-0.14001915
112037149999652,a,1.1575965,-0.39728785,10.618883
112037216432985,g,0.31625092,0.1774166,-0.13469283
112037216878194,a,0.8487445,-0.38052842,10.563816
112037217145225,g,0.26405296,0.2221577,-0.18476026
112037217426162,a,0.7529764,-0.7659949,10.365098
112037217687308,g,0.1458086,0.15717657,-0.2465456
112037217973975,a,0.9876082,-0.9982325,10.254965
112037248605433,g,0.14048228,0.11669652,-0.29235196
112037248964652,a,1.1695676,-1.0652701,10.575788
112037249227725,g,0.21078973,0.16569869,-0.37331206
112037249511058,a,0.9636662,-0.97668463,10.736199
112037289328662,g,0.25979188,0.18700397,-0.4137921
112037289685694,a,0.59974754,-0.9886557,10.702681
112037289948454,g,0.23209502,0.15398078,-0.44894585
112037290235173,a,0.5686229,-0.84260935,10.374675
112037354339860,g,0.09893697,0.095391236,-0.49901327
112037354778558,a,0.700304,-0.95513684,10.38904
112037355042933,g,-0.023568442,0.03467116,-0.5576028
112037355322621,a,0.6428431,-1.3789105,10.53748
112037355581839,g,-1.3262543E-4,0.020822724,-0.61619234
112037355864964,a,0.23822308,-1.4387655,10.6954975
112037411174704,g,0.21505079,0.04638907,-0.647085
112037411534860,a,0.075417355,-0.93119484,10.590153
112037411794912,g,0.31625092,0.050650127,-0.68649983
112037412076527,a,0.18315643,-0.4882675,10.585364
112037412336787,g,0.108524345,-0.0047436226,-0.6928914
112037412616735,a,0.20231004,-0.5600936,10.329185
112037454974027,g,-0.25366557,-0.042027876,-0.70247877
112037455409860,a,-0.17597382,-0.8952818,10.429741
112037463057516,g,-0.48166144,-0.03670422,-0.7152625
112037463492829,a,-0.50158525,-1.1754034,10.235811
112037511260277,g,-0.5232068,-0.043095805,-0.7163277
112037511616891,a,-0.48482585,-1.2184991,10.163984
112037511880485,g,-0.48379198,-0.088902175,-0.7163277
112037512174756,a,-0.5422867,-1.2472295,10.101735
112037512435016,g,-0.46355194,-0.06440109,-0.6939572
112037512719496,a,-0.8559271,-1.347786,9.72824
112037576828037,g,-0.40389714,-0.03670422,-0.6982182
112037577266839,a,-0.88944596,-1.3501801,9.656414
112037577534131,g,-0.3357202,-0.047356863,-0.7344372
112037577817933,a,-0.7577648,-1.527351,9.907805
112037578081162,g,-0.23238957,-0.028182102,-0.7141972
112037578490641,a,-1.2126632,-1.6255133,9.962872
112037630336423,g,0.07760239,0.021885324,-0.6577382
112037630694860,a,-1.6244658,-1.2352585,9.584588
112037631126110,g,0.47068495,0.03040744,-0.6886309
112037631410381,a,-1.5502456,-0.7420529,9.294889
112037640840745,g,0.50051236,-4.8522794E-4,-0.7046098
112037640881110,a,-1.3946224,-0.4834791,9.462483
112037693108350,g,0.13619192,-0.020725252,-0.6843698
112037693544912,a,-1.3850456,-0.7851485,9.467272
112037693809964,g,-0.2014969,-0.050552655,-0.71313196
112037694094443,a,-1.8782512,-1.2927192,8.885481
112037694354756,g,-0.17486529,-0.026051573,-0.7056751
112037694632985,a,-2.0745757,-1.4818612,8.914211
112037751517464,g,0.09784241,-0.049487393,-0.7834394
112037751877881,a,-1.9812019,-1.5249568,9.725846
112037752145485,g,0.34817955,0.021885324,-0.7653299
112037752430693,a,-2.1894975,-1.1969513,9.934141
112037752690329,g,0.5601672,0.017624266,-0.72378457
112037752967673,a,-2.4289176,-0.52178633,9.275736
112037795328245,g,0.6794768,-0.040965278,-0.7717215
112037795765850,a,-2.268506,-0.24645314,9.337985
112037796029027,g,0.4845334,-0.12192538,-0.87505215
112037796310329,a,-2.6659436,-0.5385457,10.039486
112037829886370,g,0.19265094,-0.14323066,-0.8729216
112037830251475,a,-2.9053638,-1.0173861,10.173561
112037830517933,g,0.28426367,-0.16453595,-0.9304459
112037830801266,a,-2.8790276,-0.37334582,9.440936
112037869933506,g,0.4451186,-0.15175277,-1.035907
112037870292360,a,-2.2469583,0.14859015,9.69951
112037870560850,g,0.2778721,-0.26360554,-1.2031536
112037870844495,a,-2.1272483,-0.38292262,10.357915
112037930564079,g,0.08505923,-0.38398042,-1.301158
112037930923193,a,-2.6922798,-0.7755717,9.955689
112037931188558,g,0.33007005,-0.354153,-1.3650738
112037931473610,a,-2.9412768,0.2371756,9.213487
112037931904287,g,0.54951453,-0.25721395,-1.4598823
112037932187204,a,-2.3523033,0.6657377,9.821614
112037990926943,g,0.218184,-0.36267805,-1.5983672
112037991284183,a,-2.148796,-0.5433341,10.36031
112037991552672,g,0.006196377,-0.50435823,-1.6367167
112037991840381,a,-2.36188,-0.8833108,9.99639
112037992100693,g,0.56439495,-0.43405077,-1.6825231
112037992381006,a,-2.3355439,0.80699563,9.309255
112038033950537,g,0.9905007,-0.26467374,-1.8082243
112038034384652,a,-2.2373815,1.5252562,10.111312
112038034655381,g,0.41206214,-0.31154537,-1.7688096
112038034935120,a,-2.3187842,0.45504797,9.670779
112038068306110,g,-0.21963969,-0.636451,-1.66974
112038068661110,a,-2.1152773,-0.5481225,8.653243
112038068926735,g,-0.1503975,-0.6034278,-1.786919
112038069209339,a,-1.6412252,-0.14829087,9.129689
112038109877099,g,0.30873147,-0.3765265,-1.9626876
112038110233558,a,-1.9333179,0.44786537,9.711481
112038110497933,g,0.5654602,-0.2838485,-2.015951
112038110780902,a,-2.31639,0.43589434,9.347562
112038155109391,g,0.5793086,-0.34776437,-2.0127552
112038155553558,a,-2.2709002,1.2379519,9.03871
112038155817724,g,0.5516118,-0.4159413,-2.0021024
112038156103922,a,-2.067393,2.5116673,8.535928
112038210643193,g,0.046676423,-0.3914402,-2.0553656
112038211001787,a,-1.5717934,1.2403461,8.758589
112038211267204,g,-0.7820993,-0.46281293,-2.1064982
112038211551318,a,-1.5167267,-0.6462848,9.230247
112038211811527,g,-0.79168665,-0.5256635,-1.9903846
112038212095329,a,-1.5215151,-0.3302502,8.315661
112038255812360,g,0.06904698,-0.25189057,-1.9839929
112038256248454,a,-1.6986861,2.1908443,7.903858
112038256517464,g,0.347081,0.09858143,-2.1746752
112038256798922,a,-1.5358804,2.4637833,8.34918
112038312453037,g,-0.4646505,-0.045229264,-2.1160858
112038312489756,a,-1.650802,0.99374336,8.8567505
112038312508818,g,-1.2508156,-0.30834958,-2.0574963
112038312526162,a,-1.5933412,-0.35419223,8.365939
112038312543558,g,-0.91845316,-0.15814729,-2.1267383
112038312560901,a,-1.6124948,0.41913494,8.399458
112038355953662,g,-0.15359329,0.21576051,-2.2630923
112038356388922,a,-2.1535845,0.8692449,9.20391
112038356663141,g,0.28529567,0.32015643,-2.3919892
112038356949391,a,-2.6803088,0.19886838,8.914211
112038390551579,g,0.49834853,0.2551753,-2.4218166
112038390909964,a,-2.742558,0.3592799,8.595782
112038391172464,g,0.8914311,0.2850027,-2.4452524
112038391453506,a,-2.9293058,1.6018705,9.110536
112038430553870,g,1.2184674,0.31376484,-2.5326042
112038430909860,a,-3.807978,1.9801544,9.924564
112038431177672,g,1.1034187,0.2881985,-2.5592358
112038431461422,a,-3.9564183,1.7670705,9.529521
112038483206631,g,0.9308209,0.09538351,-2.6263478
112038483655433,a,-3.4799721,2.5619454,9.098565
112038483920901,g,0.8115113,-0.06121036,-2.6700234
112038484203558,a,-3.1974564,3.3328784,9.879075
112038532352828,g,0.5409341,-0.19117261,-2.79679
112038532711995,a,-3.05141,3.280206,9.979631
112038532981891,g,0.19365788,-0.29876432,-2.8585753
112038533262464,a,-2.6204538,3.469348,9.584588
112038533525745,g,0.09458829,-0.34030965,-2.7829416
112038533806266,a,-2.3810337,4.1923966,9.754577
112038570668662,g,0.12654622,-0.28278536,-2.607173
112038571029443,a,-2.5222914,4.395904,10.549451
112038571294183,g,0.057304036,-0.3232654,-2.491059
112038571575589,a,-2.1057005,5.071069,10.092158
112038935202880,g,0.22455055,0.12201512,0.18062411
112038627920172,a,-0.58777654,6.117335,9.117719
112038627939443,g,0.015758723,-0.39144233,-2.05217
112038627957360,a,0.044292733,6.6225114,9.072228
112038627975016,g,-0.39436808,-0.3381791,-1.5621485
112038627992412,a,-0.5542577,5.9569235,9.730635
112038671006735,g,-0.82047385,-0.18478103,-1.0657352
112038671044131,a,-1.3634979,4.429423,9.730635
112038671064287,g,-0.91315186,-0.020730313,-0.86653084
112038671082776,a,-1.6699557,3.2131684,9.304466
112038710809287,g,-0.6148778,0.022945529,-0.67478323
112038711258870,a,-1.7441759,2.7534816,9.553463
112038711544026,g,-0.20581628,0.041055024,-0.46279562
112038711760485,a,-1.9572599,2.497302,10.080188
112038750855797,g,0.14998204,0.10497089,-0.34561652
112038751494443,a,-2.2828712,2.4398413,10.101735
112038751528037,g,0.48873612,0.19232257,-0.25187325
112038751746370,a,-2.4528596,2.7271454,9.788095
112038818084495,g,0.609111,0.25836897,-0.22098058
112038818653141,a,-1.8495208,2.782212,10.434529
112038818923297,g,0.42482027,0.17740887,-0.17410895
112038819209443,a,-1.6843209,2.3775918,10.111312
112038819471891,g,0.21922423,0.10497089,-0.040950894
112038819753922,a,-1.9381063,2.3488615,9.807249
112038872682828,g,0.15850416,0.09964457,0.04640079
112038873042412,a,-2.3882163,2.198027,9.045893
112038873308505,g,0.026411368,0.08473086,0.09646822
112038873588974,a,-1.5622166,1.7120038,9.206305
112038873853766,g,-0.14083515,-0.05162298,0.003790211
112038874130901,a,-1.2437878,1.3313258,9.788095
112038932745901,g,-0.06520137,-0.042035602,0.11138192
112038933107516,a,-1.5741876,1.6760908,9.115324
112038935202880,g,0.22455055,0.12201512,0.18062411
112038943044287,a,-1.2844892,2.0519805,8.291719
112038943083922,g,0.294858,0.1678215,0.12842615
112038943112568,a,-1.3132197,1.9921255,8.684368
112038995581422,g,-0.021533787,0.15716805,0.25199655
112038996011318,a,-1.9716251,1.4965256,8.971672
112038996285485,g,-0.276132,0.15929858,0.30632505
112038996566474,a,-2.5151088,1.0655694,8.952518
112038996826735,g,-0.24736984,0.25943345,0.20405966
112038997109860,a,-2.5893292,1.0799346,8.749012
112039031367724,g,-0.21754244,0.2786082,0.10072901
112039031404495,a,-2.3235726,1.1421839,8.897452
112039031424182,g,-0.23565194,0.17634282,0.091141626
112039031442412,a,-2.4744074,0.9195231,9.572617
112039078447880,g,-0.239913,0.17740807,0.090076365
112039078887203,a,-3.1998506,0.9554361,9.838373
112039079155849,g,-0.054556984,0.19125651,0.12309956
112039079437516,a,-3.6403837,1.5875053,9.603742
112039132943141,g,0.013619938,0.14758067,0.12416483
112039133307828,a,-2.6683378,1.9107226,9.742605
112039133569912,g,-0.21541192,-0.031383757,0.008051002
112039133853037,a,-1.7106571,1.4103345,10.209475
112039134111995,g,-0.41568163,-0.12619229,0.01976891
112039134393557,a,-2.706645,1.1445781,10.211869
112039171276630,g,-0.30063307,-0.02073111,0.23495233
112039171632099,a,-4.0880995,1.5755343,9.304466
112039171895901,g,-0.22819509,-0.063341685,0.29780293
112039172181943,a,-3.417723,1.7311574,9.98442
112039238638609,g,-0.43592164,-0.326462,0.14653538
112039239076214,a,-1.5741876,1.1493665,10.683527
112039239342203,g,-0.5871892,-0.47346848,0.05385737
112039239624599,a,-1.590947,0.8764275,10.331579
112039251927307,g,-0.29530674,-0.23911032,0.31804296
112039251970537,a,-3.3123782,1.4103345,9.242217
112039289376057,g,0.053034723,0.0027047063,0.54814005
112039289413349,a,-3.537433,1.6258126,9.584588
112039289433193,g,-0.13551708,-0.15921548,0.50339895
112039289450901,a,-2.0602105,0.9745897,10.860698
112039289468662,g,-0.5722755,-0.42766213,0.39687252
112039289485380,a,-1.4401124,0.3568857,10.630854
112039331686057,g,-0.54777443,-0.31793988,0.51298636
112039331723349,a,-2.5462334,0.47180736,9.225458
112039331742568,g,-0.19091083,-0.10808279,0.6557318
112039331760953,a,-3.2309752,1.1613375,8.409035
112039376974130,g,-0.24630459,-0.14430179,0.7931509
112039377414234,a,-1.9955671,0.6585551,9.615712
112039377677359,g,-0.7491094,-0.56295073,0.6706455
112039377961578,a,-1.1001357,-0.50023854,9.768942
112039433275849,g,-0.95044434,-0.5959739,0.70366865
112039433631526,a,-1.8974048,-0.9000702,7.6692266
112039433896630,g,-0.554166,-0.290243,0.78249824
112039434190068,a,-2.3092074,-0.327856,7.2885485
112039434450016,g,-0.17280133,-0.24656717,0.78036773
112039434730432,a,-0.20231004,-0.67980367,8.715493
112039480503245,g,-0.0077229007,-0.7270049,0.7782366
112039480942516,a,0.90620536,-0.67980367,8.741829
112039481208141,g,-0.0023965787,-0.58638996,1.0914243
112039481488922,a,-0.044292733,-0.3350386,8.574235
112039533357984,g,-0.051398743,-0.14110945,1.2171257
112039533713974,a,-1.5167267,0.90994626,8.614936
112039533981891,g,-0.67990476,0.11455401,1.3470879
112039534262828,a,0.15442601,-0.6151602,9.553463
112039534524286,g,-1.4042846,-0.48518986,1.093555
112039534803609,a,1.7753005,-3.0165446,9.821614
112039594271995,g,-1.5907059,-0.61089104,1.1521444
112039594710172,a,1.0307038,-4.137031,8.974067
112039594981682,g,-0.60533625,-0.12299996,1.4429617
112039595267568,a,-0.5351041,-2.736423,8.998009
112039595527516,g,0.3576628,0.32867217,1.2533445
112039595807099,a,0.79367787,-0.7899369,9.96766
112039630929963,g,0.7475496,0.18805726,1.0232475
112039630966318,a,3.6044707,-0.4954501,11.119271
112039630985432,g,0.42797026,-0.0079514,1.0264432
112039631003453,a,4.0761285,-0.8761282,10.729016
112039671811891,g,0.354467,0.32654163,1.1404265
112039672259338,a,1.8926164,-0.43559507,10.049063
112039672547984,g,0.54195356,0.8176285,1.1596013
112039672764182,a,-0.061052144,0.14859015,10.101735
112039733599599,g,0.4119913,0.9039149,1.1148602
112039734238974,a,0.12808979,-0.12195465,10.86788
112039734271734,g,-0.15899044,0.49911445,0.84002197
112039734735068,a,1.8686744,-0.96950203,10.76493
112039734766995,g,-0.6756437,0.19657937,0.63975227
112039734982411,a,1.9644425,-2.073229,10.379463
112039771905641,g,-0.47963503,0.32547638,0.66638386
112039772654911,a,0.5781997,-2.1618145,10.324396
112039772688453,g,0.04340979,0.5768788,0.59927225
112039772717411,a,0.027533319,-1.194557,10.278907
112039810593401,g,0.29907325,0.5662261,0.38089302
112039811351161,a,1.2605472,-0.909647,10.796054
112039811383974,g,0.40346918,0.22108045,0.19553702
112039811413193,a,1.0019734,-0.9024644,10.891822
112039856125745,g,0.57710725,0.22534151,0.25412655
112039856565068,a,-0.427365,-0.39010525,10.403405
112039856830953,g,0.833836,0.30523634,0.29034555
112039857115536,a,-1.2150574,0.3712509,10.312426
112039912555015,g,0.6708505,0.16036038,0.17849278
112039912591838,a,-1.447295,1.012897,10.475231
112039912611422,g,0.17656785,-0.04203986,0.115642175
112039912628922,a,-1.1552023,0.9386767,10.408194
112039912646213,g,-0.2953443,-0.23485272,0.0027241474
112039912664286,a,-1.033098,0.021697452,9.931747
112039949961786,g,-0.37523913,-0.30196437,-0.09634545
112039949998193,a,-0.93493575,-0.23208793,9.713875
112039960770276,g,-0.03536971,-0.23058714,-0.04947301
112039961209443,a,-0.81283146,0.45983636,9.63726
112039990632151,g,0.25970852,-0.047361657,-0.026037194
112039990992672,a,-0.5494693,1.0919056,9.891046
112039991255276,g,0.09778834,0.022945795,-0.10699729
112039991536578,a,-0.7697359,0.6513725,9.831191
112040032252463,g,-0.21326886,0.028272118,-0.08036568
112040032611630,a,-1.1049241,-0.059705406,9.675568
112040032877515,g,-0.23776995,0.011227887,-0.05692986
112040033158713,a,-1.198298,-0.23927054,9.761759
112040077728192,g,0.008306133,0.06555637,-0.057995126
112040078300692,a,-0.973243,0.17013796,9.934141
112040078570849,g,0.20218426,0.12947224,-0.09634464
112040078851630,a,-1.1216835,0.46462476,10.034698
112040137037828,g,0.15318209,0.14758174,-0.084626734
112040137394703,a,-1.459266,0.31139585,10.065823
112040137663817,g,0.021089306,0.106036425,-0.06332145
112040137945380,a,-1.5981296,-0.11956045,9.845556
112040138274026,g,0.054112505,0.053838465,-0.06438671
112040138558192,a,-1.5023615,-0.22251113,9.874287
112040177781786,g,0.24053378,0.015488945,-0.084626734
112040178345172,a,-1.1168951,0.20365678,10.051457
112040178612411,g,0.35558233,0.013358416,-0.07610462
112040178894859,a,-1.1575965,0.5220856,10.156802
112040231641786,g,0.3087107,0.0144236805,-0.030298252
112040231678817,a,-1.5239093,0.27069443,10.051457
112040231698036,g,0.23520745,-0.01220793,-0.031363517
112040231716890,a,-1.6579847,-0.31109658,9.795278
112040231735172,g,0.37901816,-0.061210096,-0.05906039
112040231752359,a,-1.4449008,0.17253216,9.610924
112040277895119,g,0.6474648,-0.049492184,-0.023906665
112040278402828,a,-1.246182,1.04881,9.44333
112040278670432,g,0.7699702,5.752428E-4,0.04640079
112040278956734,a,-1.5263035,1.2906244,9.534309
112040312465432,g,0.5835489,-0.023925839,0.08581557
112040312821213,a,-2.0602105,1.1517607,9.4696665
112040313087411,g,0.36943078,-0.024991104,0.106055595
112040313367515,a,-1.7465701,0.739958,9.615712
112040351509182,g,0.15850842,-0.120864905,-0.102736235
112040351867724,a,-0.7026982,0.26590604,9.895834
112040352134078,g,-0.073719226,-0.21141239,-0.20393635
112040352416682,a,-0.34356794,-0.68938047,10.37228
112040398329963,g,-0.055609733,-0.25189242,-0.13149837
112040398772099,a,-1.0642227,-1.347786,10.465654
112040399039599,g,0.27036119,-0.1538881,-0.12830257
112040399324651,a,-1.4808137,-0.80430216,10.073005
112040432573817,g,0.57076573,-0.09316803,-0.29661435
112040432936578,a,-0.973243,0.41195232,9.632472
112040433199651,g,0.48128355,-0.20928185,-0.4127282
112040433479234,a,-0.48482585,0.6274305,9.725846
112040479731682,g,0.05408747,-0.42020634,-0.49155828
112040480165744,a,-0.7386112,-0.30391398,10.305243
112040480435953,g,-0.15683489,-0.50649273,-0.542691
112040480719130,a,-1.2892777,-0.38292262,10.034698
112040513419234,g,-0.02261157,-0.44790322,-0.5597352
112040513775692,a,-0.92057055,0.34970307,9.069835
112040523168296,g,0.15315706,-0.43085897,-0.63323843
112040523207515,a,-0.25019407,1.6928502,8.270171
112040552047151,g,0.06154432,-0.43085897,-0.6119332
112040552083765,a,-0.16879122,1.90354,9.282919
112040552104390,g,-0.19518441,-0.5384507,-0.6374995
112040552121682,a,-0.80325466,0.9482535,10.166379
112040592978296,g,-0.39225832,-0.57466966,-0.61619425
112040593014651,a,-0.7673417,0.5412392,9.553463
112040593034859,g,-0.36136565,-0.56401706,-0.61832476
112040593053661,a,-0.20949265,0.490961,9.03871
112040636966838,g,-0.23886025,-0.58212656,-0.60447633
112040637401474,a,-0.034715924,0.5196914,9.364322
112040637670276,g,-0.16109595,-0.6460424,-0.48729724
112040637952567,a,-0.2669535,1.1565491,10.125677
112040672836630,g,0.026390595,-0.6503034,-0.35520443
112040673195796,a,-0.14963761,1.879598,10.077793
112040673459442,g,0.111611746,-0.5650823,-0.41805503
112040673742411,a,0.36511576,2.3033717,9.057863
112040713421213,g,-0.19731493,-0.56401706,-0.42125082
112040713788817,a,0.7745243,1.3289316,9.385869
112040714054286,g,-0.47002262,-0.6993056,-0.29874542
112040714337151,a,0.6404489,0.56039286,10.135254
112040757475432,g,-0.3539088,-0.6055623,-0.22311164
112040757908401,a,0.664391,1.1852795,10.032304
112040758328401,g,0.07326223,-0.38398734,-0.19541477
112040758615848,a,0.59974754,1.7886183,9.512762
112040792918921,g,0.20215923,-0.2742651,-0.18902318
112040793280953,a,0.19033903,1.4725837,9.68275
112040793544390,g,-0.023676833,-0.27213457,-0.13043363
112040793828921,a,-0.22864626,0.57954645,9.816826
112040832989546,g,-0.22607708,-0.27213457,-0.10912835
112040833349494,a,-0.35314476,0.14380173,9.879075
112040842916578,g,-0.27401397,-0.21887136,-0.2273727
112040842955536,a,-0.01316811,0.55321026,9.551069
112040897831578,g,-0.2793403,-0.14536811,-0.39568448
112040898416734,a,0.24061728,0.811784,9.383475
112040898684026,g,-0.42208573,0.0016383767,-0.58636683
112040898968661,a,0.2861071,0.14859015,9.409811
112040899233348,g,-0.7619051,0.039987896,-0.7269817
112040899516994,a,0.37708676,0.038456865,10.353127
112040933100328,g,-1.0452654,-0.01434059,-0.8122029
112040933456161,a,1.0354922,0.7423522,10.894217
112040933718453,g,-0.9770885,-0.09103963,-0.969862
112040934008505,a,1.8590976,9.914539,11.875839
112040977909703,g,0.28310254,0.06874844,-0.2593309
112040978511578,a,0.073023155,2.9881134,11.159973
112040978781838,g,0.8594106,0.3457172,-0.6300429
112040979063192,a,-0.89662856,-1.3573627,9.539098
112041018736578,g,0.48124173,-0.0015590144,0.42030782
112041019176994,a,1.6819267,0.07436989,9.701904
112041019445119,g,0.33956155,-0.16134869,0.26904026
112041019736057,a,1.1240777,0.40476972,9.129689
112041052357411,g,0.25007933,0.14544748,-0.38290158
112041052715484,a,0.39863458,1.1445781,9.172785
112041052977203,g,0.1829677,0.12840325,-0.35733524
112041053261630,a,0.58538234,1.1589433,9.4217825
112041093057515,g,0.005068528,0.058095794,-0.035625372
112041093411890,a,0.5518635,0.6537667,9.680356
112041093679078,g,-0.15046008,0.080466345,-0.01858114
112041093963453,a,0.39624038,0.6130653,9.991602
112041140553505,g,-0.15152535,0.06874844,-0.040951695
112041140991838,a,0.51595044,0.6322189,9.881469
112041141260952,g,-0.08015262,0.034659974,-0.035625372
112041141542463,a,0.59017074,0.7734768,9.778519
112041171864755,g,-0.04712943,0.010158895,0.016572585
112041171901109,a,0.5710171,0.5340566,9.622895
112041171921109,g,-0.07269578,0.0048325723,0.037877873
112041171938973,a,0.59735334,0.42152914,9.598953
112041213377671,g,-0.13980743,-0.002624279,0.009115734
112041213414234,a,0.5303157,0.24675241,9.735423
112041213434650,g,-0.16750431,0.0037673076,-0.043082222
112041213452307,a,0.5662287,0.42152914,9.833585
112041256340119,g,-0.15046008,-0.0036895433,-0.048408546
112041256772411,a,0.60932434,0.26590604,9.998785
112041257042307,g,-0.10465371,-0.011146395,0.0016588831
112041257325796,a,0.6548142,0.31139585,9.89344
112041293478609,g,-0.0449989,-0.0015590144,0.005919941
112041293839807,a,0.48722005,0.5316624,9.754577
112041294100640,g,-0.08760948,0.0048325723,-0.015385347
112041294383973,a,0.51834464,0.39998132,9.790489
112041333397619,g,-0.16111273,-0.024994832,0.0048546763
112041333755484,a,0.61411273,0.3664625,9.941324
112041334022880,g,-0.14726429,-0.007950601,0.0123115275
112041334312827,a,0.5542577,0.3808277,9.907805
112041379035171,g,-0.082283154,-0.004754808,0.021898907
112041379472359,a,0.60453594,0.2252046,9.953295
112041379740067,g,-0.022628346,-0.011146395,0.010180999
112041380020796,a,0.5805939,0.33773208,9.761759
112041413066369,g,-0.02795467,-0.017537981,-4.7164582E-4
112041413425848,a,0.6787562,0.3808277,9.838373
112041413693452,g,-0.069499984,-0.035647478,-0.003667439
112041413973817,a,0.59974754,0.13661914,10.123283
112041451358088,g,-0.030085199,-0.04310433,-0.04734328
112041451712202,a,0.49679685,0.29703066,9.979631
112041459324129,g,0.08606617,-0.029252427,-0.048408013
112041459757202,a,0.5327099,0.42152914,9.661202
112041497085848,g,0.092457764,-0.037774544,-0.030298518
112041497514390,a,0.51355624,0.39998132,9.51755
112041497785848,g,-0.0034160367,-0.03990507,-0.010058493
112041498071369,a,0.6428431,0.29942486,9.795278
112041533323609,g,-0.11207301,-0.048427187,-0.007927964
112041533360640,a,0.51834464,0.18689737,10.068216
112041533380536,g,-0.037504498,-0.010077667,-0.027102724
112041533398661,a,0.48482585,0.34730887,10.075399
112041573781213,g,0.08287038,0.008031827,-0.02816799
112041574231317,a,0.4321534,0.41674075,9.737817
112041574518348,g,0.11056726,0.0037707698,5.941512E-4
112041574734754,a,0.41299978,0.39519292,9.598953
112041618889650,g,0.030672425,-0.0047513456,0.051726844
112041619325900,a,0.51834464,0.43350014,9.783307
112041619589702,g,-0.024721324,0.0027055054,0.08368478
112041619871994,a,0.46327803,0.32336688,9.986814
112041651327046,g,-0.020460267,0.019749736,0.08368478
112041651682931,a,0.5638345,0.40955812,9.632472
112041651947619,g,-0.00661183,0.035728704,0.11138165
112041652237046,a,0.5351041,0.5053262,9.572617
112041693898296,g,-0.046026614,0.020815,0.1305564
112041694257046,a,0.6380547,0.119859725,9.752182
112041694524806,g,-0.06946243,-0.0015555524,0.19340701
112041694806577,a,0.79607207,0.30421326,9.879075
112041737056161,g,-0.06413611,0.012292885,0.13801326
112041737492775,a,0.736217,0.45025957,9.84795
112041737756681,g,-0.08970246,0.008031827,0.118838504
112041738036734,a,0.78649527,0.31618425,9.69951
112041773981577,g,-0.07691928,0.011227621,0.076227926
112041774340900,a,0.81283146,0.2515408,9.790489
112041774604650,g,-0.08970246,-0.022860842,0.06983634
112041774888400,a,0.79607207,0.18929157,9.81922
112041811194806,g,-0.0822456,-0.013273461,-0.004732171
112041811230275,a,0.7098808,0.122253925,9.972448
112041811250431,g,-0.09502878,-0.012208196,-0.05053854
112041811268296,a,0.5638345,0.16534956,9.953295
112041856653088,g,-0.058809787,-0.012208196,-0.048408013
112041857088140,a,0.60453594,0.11267712,9.886257
112041857351265,g,-0.036439233,-0.020730313,-0.020711137
112041857632671,a,0.5662287,0.14140753,9.802461
112041894104338,g,-0.014068681,-0.021795576,-0.03882063
112041894463817,a,0.49679685,0.07436989,9.824008
112041894727723,g,0.016823987,-0.016469255,-0.059060656
112041895011056,a,0.4177882,0.2323872,9.828796
112041933381421,g,0.06582615,0.0016402409,-0.046277482
112041933738452,a,0.46806642,0.19168578,9.721058
112041934003192,g,0.06689142,0.009097092,0.02189944
112041934287202,a,0.5279215,0.14619595,9.713875
112041985253608,g,0.025296036,0.0058967713,0.06344422
112041985287879,a,0.6787562,0.56996965,9.603742
112041985307775,g,-0.022640863,0.0058967713,0.071966335
112041985326108,a,0.6332663,0.21083939,9.768942
112042010644858,g,-0.04820721,0.0080273,0.09220636
112042010676108,a,0.676362,0.0863409,9.888652
112042010695067,g,-0.014118749,0.006962036,0.10712006
112042010712775,a,0.6811504,0.17492636,9.766547
112042051571942,g,-0.052468266,-0.007951667,0.087945305
112042051608817,a,0.688333,0.06958149,9.733028
112042051628452,g,-0.118514664,-0.032452747,0.041073665
112042051646160,a,0.7314286,0.024091655,9.84795
112042099789598,g,-0.13129784,-0.034583278,0.011246263
112042100225848,a,0.60693014,0.17732057,9.747394
112042100496108,g,-0.102535695,0.0016357135,-0.0111242905
112042100775692,a,0.51116204,0.19168578,9.900622
