1427388455742565957,a,0.07691373,0.50368017,9.838074
1427388455742565957,r,0.02299254,0.010083098,0.7000837
1427388455742565957,g,0.030860178,-0.0070901336,-0.0038123152
1427388455762577185,a,0.084096335,0.501286,9.838074
1427388455762577185,r,0.0233104,0.010283308,0.70006675
1427388455762577185,g,-0.008554606,-0.012416456,-0.008073373
1427388455782588413,a,0.06254852,0.5300164,9.830892
1427388455782588413,r,0.023403335,0.010240745,0.70000166
1427388455782588413,g,0.027664384,-0.012416456,-0.009138637
1427388455802599641,a,0.04818331,0.5276222,9.9099
1427388455802599641,r,0.023593348,0.010259161,0.6999286
1427388455802599641,g,-0.031990424,-0.024134364,4.4874265E-4
1427388455822610869,a,0.017058687,0.51804537,9.79019
1427388455822610869,r,0.023673562,0.010112682,0.6998964
1427388455822610869,g,0.0020980383,-6.9854717E-4,-0.0038123152
1427388455842622097,a,-0.07631518,0.5348048,9.83568
1427388455842622097,g,0.0074243606,-0.015612249,0.018558238
1427388455862633325,a,0.1846528,0.42706573,9.914688
1427388455862633325,r,0.023704309,0.010151535,0.6999602
1427388455862633325,g,-0.039447274,-0.0230691,0.02601509
1427388455882644553,a,0.12240356,0.5587468,9.890746
1427388455882644553,r,0.023608163,0.009683436,0.70014745
1427388455882644553,g,0.048969675,0.03445518,0.008970858
1427388455902655781,a,0.14634559,0.58987147,9.8955345
1427388455902655781,r,0.023646034,0.009957561,0.70026
1427388455902655781,g,-0.007489342,0.0035625105,0.02388456
1427388455922667009,a,0.23493104,0.50846857,9.988909
1427388455922667009,r,0.023696575,0.010298213,0.70039564
1427388455922667009,g,-0.030925158,-0.022003835,0.006840329
1427388455942678237,a,0.12000936,0.5539584,9.924265
1427388455942678237,r,0.023610964,0.009907136,0.7005095
1427388455942678237,g,0.03405597,0.004627775,-0.0016817863
1427388456182812973,r,0.022816628,0.011164347,0.69997066
1427388455962689465,r,0.023719411,0.009937916,0.7004846
1427388455962689465,g,0.021272797,-0.002829076,0.0047098002
1427388455982700693,a,0.21577743,0.48931497,9.907506
1427388455982700693,g,-0.007489342,-0.0017638116,-0.0016817863
1427388456002711921,a,0.117615156,0.54917,9.9099
1427388456002711921,r,0.024014337,0.0101358555,0.7005231
1427388456002711921,g,0.014881211,0.016345683,-0.015530224
1427388456022723149,a,0.045789108,0.5276222,9.921871
1427388456022723149,r,0.024001606,0.010323383,0.7004362
1427388456022723149,g,-0.010685135,-0.0038943405,-0.020856546
1427388456042734377,a,0.07691373,0.47973818,9.862016
1427388456042734377,r,0.023902912,0.010396229,0.7002868
1427388456042734377,g,-0.00961987,0.004627775,-0.025117604
1427388456062745605,a,-0.03321955,0.5443816,9.962572
1427388456062745605,r,0.023787595,0.010323241,0.7001255
1427388456062745605,g,0.018077005,0.029128857,-0.026182868
1427388456082756833,a,-0.102651395,0.5587468,9.900323
1427388456082756833,r,0.023683524,0.010640871,0.69992834
1427388456082756833,g,-0.027729366,0.012084626,-0.015530224
1427388456102768061,a,-0.066738375,0.64014965,9.787796
1427388456102768061,r,0.02341306,0.010781804,0.69979733
1427388456102768061,g,0.018077005,-0.01348172,-0.005942844
1427388456122779289,a,0.031423897,0.6832453,9.725547
1427388456122779289,g,0.019142268,0.020606741,0.0057750647
1427388456142790517,a,0.045789108,0.573112,9.780613
1427388456142790517,r,0.023568481,0.011074722,0.69972295
1427388456142790517,g,-0.038400386,0.03658411,0.017493773
1427388456162801745,a,0.11282676,0.5467758,10.008062
1427388456162801745,r,0.023268713,0.0112481415,0.6998438
1427388456162801745,g,-0.030943535,0.01740935,0.015363243
1427388456182812973,a,0.13437457,0.51804537,9.933842
1427388456182812973,r,0.022816628,0.011164347,0.69997066
1427388456182812973,g,0.034037594,0.006756706,0.015363243
1427388456202824201,a,0.15352818,0.46297875,9.993697
1427388456202824201,r,0.022832513,0.011287225,0.70007867
1427388456202824201,g,-0.021356154,0.016344085,0.010036921
1427388456222835429,a,0.13437457,0.41988313,10.115802
1427388456222835429,r,0.02284351,0.011434805,0.70016474
1427388456222835429,g,-0.009638246,0.0024956483,0.0025800704
1427388456242846657,a,0.11522096,0.45340195,10.00088
1427388456242846657,r,0.022545408,0.011290535,0.7001893
1427388456242846657,g,0.05640815,-0.012418054,-0.011268367
1427388456262857885,a,0.041000705,0.5539584,9.893141
1427388456262857885,g,0.03829865,-0.016679112,-0.011268367
1427388456282869113,a,0.045789108,0.5539584,9.950602
1427388456282869113,r,0.023289401,0.011765815,0.7000274
1427388456282869113,g,-0.0128340395,-0.0017654095,0.0047105993
1427388456302880341,a,0.012270284,0.50607437,9.83568
1427388456302880341,r,0.023353025,0.011737237,0.70001405
1427388456302880341,g,-0.0011161309,0.0014303838,4.4954158E-4
1427388456322891569,a,0.06254852,0.52043957,9.881169
1427388456322891569,r,0.023221133,0.011715248,0.70003206
1427388456322891569,g,0.008471249,-0.015613847,-0.003811516
1427388456342902797,a,0.02184709,0.5707178,9.840468
1427388456342902797,r,0.023335632,0.011739437,0.7000297
1427388456342902797,g,-0.006442453,-0.009222261,-0.005942045
1427388456362914025,a,0.0338181,0.501286,9.847651
1427388456362914025,r,0.023424353,0.011680448,0.699979
1427388456362914025,g,-0.0075077172,-0.004961203,0.0015148061
1427388456382925253,a,2.992752E-4,0.5348048,9.845257
1427388456382925253,r,0.023385566,0.011557896,0.69995207
1427388456382925253,g,-0.014964568,0.0035609126,-0.0048767803
1427388456402939141,a,0.029029695,0.5683236,9.931448
1427388456402939141,g,-0.0032466596,0.007821971,-0.010203103
1427388456422953029,a,-0.026036944,0.5443816,9.969755
1427388456422953029,r,0.023164524,0.011583617,0.69988066
1427388456422953029,g,-0.0320088,0.0035609126,-0.0027462516
1427388456442966917,a,2.992752E-4,0.5683236,10.029611
1427388456442966917,r,0.022995247,0.011556201,0.6998325
1427388456442966917,g,-0.028813006,0.007821971,4.4954158E-4
1427388456462980805,a,-0.03561375,0.58747727,9.986514
1427388456462980805,r,0.02263177,0.011309648,0.6998307
1427388456462980805,g,0.031907067,0.024866201,0.0036453349
1427388456482994693,a,0.06494272,0.48931497,9.912294
1427388456482994693,r,0.022548072,0.011622015,0.6998363
1427388456482994693,g,-0.004311924,0.03125779,0.010036921
1427388456503008581,a,0.031423897,0.5707178,9.962572
1427388456503008581,r,0.0224493,0.011981651,0.69991034
1427388456503008581,g,-0.019225625,0.024866201,4.4954158E-4
1427388456523022469,a,-0.0020949265,0.50846857,9.988909
1427388456523022469,r,0.022076083,0.01202365,0.699933
1427388456523022469,g,0.031907067,-0.010287525,0.011102186
1427388456543036357,a,0.15352818,0.45340195,10.077495
1427388456543036357,g,0.022319688,0.014213557,0.022820095
1427388456563050245,a,0.13198037,0.47016135,9.9673605
1427388456563050245,r,0.022352297,0.012393687,0.70010525
1427388456563050245,g,-0.0011161309,0.023800937,0.0036453349
1427388456583064133,a,0.017058687,0.5276222,9.952995
1427388456583064133,r,0.022208959,0.012569834,0.700218
1427388456583064133,g,0.009536513,-0.03585387,-0.02405154
1427388456603078021,a,-0.026036944,0.5443816,9.948207
1427388456603078021,r,0.022320464,0.0126088,0.70010513
1427388456603078021,g,-0.006442453,-0.027331756,-0.01659469
1427388456623091909,a,-0.009277532,0.537199,9.912294
1427388456623091909,r,0.022554703,0.012371365,0.6999219
1427388456623091909,g,-0.006442453,0.029127259,0.022820095
1427388456643105797,a,0.07691373,0.49649757,9.840468
1427388456643105797,r,0.022398055,0.012417529,0.6999658
1427388456643105797,g,-0.03204555,0.047233026,0.03773566
1427388456663119685,a,0.06494272,0.48931497,9.823709
1427388456663119685,r,0.021929044,0.012612544,0.70023423
1427388456663119685,g,0.0233482,0.0035571842,0.008973521
1427388456683133573,a,0.02184709,0.5779004,9.780613
1427388456683133573,g,0.02121767,-0.034792334,-0.014462296
1427388456703147461,a,0.09127894,0.50846857,9.8715925
1427388456703147461,r,0.022109456,0.012822926,0.7003154
1427388456703147461,g,0.0063039684,-0.00709546,-0.001679123
1427388456723161349,a,0.05057751,0.59705406,9.881169
1427388456723161349,r,0.022414152,0.012780989,0.7002533
1427388456723161349,g,-0.018197114,0.041906703,0.005777728
1427388456743175237,a,0.069731124,0.561141,10.00088
1427388456743175237,r,0.02211817,0.012876637,0.70029575
1427388456743175237,g,0.016956612,0.026993,0.005777728
1427388456763189125,a,0.04818331,0.51325697,9.936236
1427388456763189125,r,0.021918781,0.013211757,0.70036036
1427388456763189125,g,-0.023523435,-0.0156175755,0.0015166702
1427388456783203013,a,0.0338181,0.47016135,9.962572
1427388456783203013,r,0.021874782,0.013202485,0.7003848
1427388456783203013,g,-0.0245887,-0.0017691379,-0.001679123
1427388456803216901,a,0.045789108,0.5683236,9.890746
1427388456803216901,r,0.021710927,0.012960505,0.70038384
1427388456803216901,g,0.0020429108,0.020601416,0.0047124634
1427388456823230789,a,0.0362123,0.5515642,9.931448
1427388456823230789,g,-0.013936056,0.008883506,0.010038786
1427388456843244677,a,0.081702136,0.50368017,9.924265
1427388456843244677,r,0.021433864,0.013178108,0.700486
1427388456843244677,g,-8.7618E-5,0.005687713,-0.0027443874
1427388456863258565,a,-0.02124854,0.62578446,9.780613
1427388456863258565,r,0.021294856,0.013125025,0.7005165
1427388456863258565,g,0.012695556,0.016340358,-0.01765809
1427388456883272453,a,-0.004489128,0.5395932,9.900323
1427388456883272453,r,0.021286856,0.013393916,0.70042664
1427388456883272453,g,-0.04589399,-0.011356518,-6.1385863E-4
1427388456903286341,a,0.10803835,0.50368017,9.957784
1427388456903286341,r,0.02114398,0.013297198,0.700386
1427388456903286341,g,-0.050155047,0.013144564,0.015365108
1427388456923300229,a,0.12000936,0.561141,9.988909
1427388456923300229,r,0.020748042,0.012908978,0.7004761
1427388456923300229,g,-0.042698193,0.041906703,0.024952488
1427388456943314117,a,0.1702876,0.34326866,10.070312
1427388456943314117,r,0.02027362,0.012968887,0.70065254
1427388456943314117,g,-0.08956983,0.012079299,4.514058E-4
1427388456963328005,a,-0.069132574,0.48452657,10.1900215
1427388456963328005,g,0.022282936,0.018470887,-0.0442897
1427388456983341893,a,-0.014065935,0.47973818,10.079888
1427388456983341893,r,0.019183267,0.012431936,0.7006386
1427388456983341893,g,-0.027784493,0.0099487705,-0.016592825
1427388457003355781,a,0.12719196,0.41988313,9.991303
1427388457003355781,r,0.019058418,0.0125222225,0.7004958
1427388457003355781,g,-0.020327643,0.026993,-0.008070709
1427388457023369669,a,0.026635494,0.48452657,10.022428
1427388457023369669,r,0.018676214,0.01245689,0.7004449
1427388457023369669,g,-0.008609734,0.028058266,-0.01765809
1427388457043383557,a,0.06494272,0.34805706,10.094254
1427388457043383557,r,0.018385068,0.012677139,0.70032936
1427388457043383557,g,-0.07039507,0.011014035,-0.01978862
1427388457063397445,a,0.06015432,0.41748893,10.108619
1427388457063397445,r,0.017866887,0.01244523,0.70018333
1427388457063397445,g,-0.008609734,0.030188795,-0.02511494
1427388457303564101,r,0.010660574,0.012226434,0.7012176
1427388457083411333,r,0.017408118,0.012315879,0.7000492
1427388457083411333,g,-8.7618E-5,0.034449853,-0.026180204
1427388457103425221,a,-0.117016606,0.60184246,9.675268
1427388457103425221,g,-0.02671923,-0.014552311,-0.028310733
1427388457123439109,a,-0.13138182,0.51086277,9.737517
1427388457123439109,r,0.01700453,0.012671208,0.6997071
1427388457123439109,g,-0.054416105,-0.011356518,-0.016592825
1427388457143452997,a,-0.13856442,0.3911527,9.842862
1427388457143452997,r,0.016788097,0.01222902,0.6995365
1427388457143452997,g,-0.04594938,0.077055104,-6.1119546E-4
1427388457163466885,a,-0.16490065,0.47734398,9.768642
1427388457163466885,r,0.016045261,0.01219411,0.6994843
1427388457163466885,g,-0.043818854,0.08557722,0.010041449
1427388457183480773,a,-0.15771803,0.501286,9.720758
1427388457183480773,r,0.015071044,0.012616163,0.6995669
1427388457183480773,g,-0.07045046,0.020596089,0.024955152
1427388457203494661,a,-0.15532383,0.4103063,9.976937
1427388457203494661,r,0.01434033,0.01259936,0.69971985
1427388457203494661,g,-0.08216837,0.040836114,0.018563565
1427388457223508549,a,-0.26545712,0.49170917,9.917083
1427388457223508549,r,0.013524705,0.012255216,0.6998239
1427388457223508549,g,-0.036362004,0.09090354,0.033477265
1427388457243522437,a,-0.19841947,0.4103063,9.873987
1427388457243522437,g,-0.036362004,0.03977085,0.051586762
1427388457263536325,a,-0.042796355,0.29299045,10.029611
1427388457263536325,r,0.011836678,0.01278181,0.700399
1427388457263536325,g,-0.08110311,0.012073973,0.054782555
1427388457283550213,a,-0.018854339,0.2546832,9.929053
1427388457283550213,r,0.011244192,0.012377242,0.70080763
1427388457283550213,g,-0.022513565,0.03977085,0.054782555
1427388457303564101,a,0.017058687,0.32172084,9.826103
1427388457303564101,r,0.010660574,0.012226434,0.7012176
1427388457303564101,g,0.027553864,0.041901376,0.037738323
1427388457323577989,a,-0.018854339,0.3576339,9.921871
1427388457323577989,r,0.010516709,0.012652274,0.70154744
1427388457323577989,g,-0.039557796,0.020596089,0.026020415
1427388457343591877,a,-0.03321955,0.31693244,10.020034
1427388457343591877,r,0.010253164,0.012823461,0.7017656
1427388457343591877,g,-0.08216837,0.014204502,0.019628828
1427388457363605765,a,-0.026036944,0.23074119,9.972149
1427388457363605765,r,0.009627232,0.012397271,0.70194477
1427388457363605765,g,0.04566336,-0.011361844,0.0015193333
1427388457383619653,a,0.012270284,0.3696049,9.773431
1427388457383619653,g,0.06270759,-0.022014488,-0.01126384
1427388457403633541,a,-0.040402155,0.4007295,9.80695
1427388457403633541,r,0.010253269,0.012635319,0.70193
1427388457403633541,g,-0.027839886,0.011008709,-0.009133311
1427388457423648325,a,-0.1050456,0.30256724,9.885958
1427388457423648325,r,0.010336478,0.012652889,0.7018463
1427388457423648325,g,-0.012926185,0.020596089,-0.016590161
1427388457443663109,a,-0.21757308,0.45579615,9.981726
1427388457443663109,r,0.009873243,0.012524286,0.7017657
1427388457443663109,g,0.03607598,-0.019883959,-0.010198575
1427388457463677893,a,-0.083497785,0.34566286,9.914688
1427388457463677893,r,0.010195002,0.012821797,0.7016559
1427388457463677893,g,0.0105096325,-7.091998E-4,0.0047151265
1427388457483692677,a,-0.054767363,0.4031237,9.873987
1427388457483692677,r,0.010345306,0.012775214,0.70163935
1427388457483692677,g,-1.4301176E-4,0.06853299,0.015367771
1427388457503707461,a,-0.06434417,0.31693244,9.905111
1427388457503707461,r,0.010115314,0.013238251,0.70174414
1427388457503707461,g,-0.032100946,0.040836114,-0.0080680465
1427388457523722245,a,-0.03561375,0.3672107,9.93863
1427388457523722245,g,0.029684393,-0.0017744643,-0.037895452
1427388457543737029,a,-0.109834,0.47734398,9.885958
1427388457543737029,r,0.009507873,0.013571126,0.70158166
1427388457543737029,g,0.020097012,0.024857147,-0.04002598
1427388457563751813,a,0.0026934769,0.49649757,9.845257
1427388457563751813,r,0.009598055,0.013871359,0.7012635
1427388457563751813,g,-0.0044040694,0.05468455,-0.007002782
1427388457583766597,a,0.14155717,0.32411507,10.005669
1427388457583766597,r,0.009371319,0.014282666,0.7011505
1427388457583766597,g,-0.03529674,0.06746773,-0.029373335
1427388457603781381,a,0.07930793,0.37918168,9.929053
1427388457603781381,r,0.008726554,0.014504394,0.7010531
1427388457603781381,g,0.027553864,0.046162434,-0.064527065
1427388457623796165,a,0.086490534,0.4055179,9.893141
1427388457623796165,r,0.008404496,0.0148803275,0.700695
1427388457623796165,g,0.013705426,0.032314,-0.060266003
1427388457643810949,a,0.32351652,0.3696049,10.067918
1427388457643810949,r,0.008473953,0.015317908,0.7002308
1427388457643810949,g,-0.028953088,0.078115575,-0.058133077
1427388457663825733,a,0.22296004,0.30496144,9.907506
1427388457663825733,g,0.034962777,0.08876822,-0.078373104
1427388457683840517,a,0.25887305,0.35045126,10.022428
1427388457683840517,r,0.007490121,0.01617844,0.69932073
1427388457683840517,g,-0.014039386,0.030178675,-0.106069975
1427388457703855301,a,0.35942954,0.2427122,10.10383
1427388457703855301,r,0.007311466,0.016598772,0.6986473
1427388457703855301,g,-0.018300444,0.044027112,-0.12737526
1427388457723870085,a,0.3139397,0.21158758,10.161291
1427388457723870085,r,0.0069128172,0.016529433,0.6978014
1427388457723870085,g,0.015788017,0.0834419,-0.14441949
1427388457743884869,a,0.28999767,0.22355859,10.146926
1427388457743884869,r,0.0065374803,0.016980384,0.696822
1427388457743884869,g,0.012592224,0.064267136,-0.16465952
1427388457763899653,a,0.2995745,0.32411507,10.12059
1427388457763899653,r,0.0061088,0.017470121,0.69570583
1427388457763899653,g,0.04987648,0.052549228,-0.1891606
1427388457783914437,a,0.2971803,0.4103063,9.957784
1427388457783914437,r,0.0060896752,0.018050026,0.6944062
1427388457783914437,g,0.0552028,0.06639767,-0.20194377
1427388457803929221,a,0.3067571,0.4103063,9.811738
1427388457803929221,g,0.06159439,0.07065872,-0.218988
1427388457823944005,a,0.36421794,0.32411507,9.917083
1427388457823944005,r,0.006179398,0.019631565,0.691439
1427388457823944005,g,0.0019395802,0.050418697,-0.2402933
1427388457843958789,a,0.4504092,0.29538465,9.996092
1427388457843958789,r,0.0060087675,0.01999614,0.6897803
1427388457843958789,g,0.03283225,0.07172399,-0.25946805
1427388457863973573,a,0.4504092,0.28101942,10.063129
1427388457863973573,r,0.0058688056,0.020405907,0.68794376
1427388457863973573,g,0.02111434,0.09729034,-0.2786428
1427388457883988357,a,0.36421794,0.3648165,9.962572
1427388457883988357,r,0.005520148,0.021066364,0.68598396
1427388457883988357,g,0.03815857,0.09729034,-0.2946218
1427388457904003141,a,0.5126584,0.29538465,10.089465
1427388457904003141,r,0.0051291985,0.021875009,0.68387395
1427388457904003141,g,0.031766985,0.051483963,-0.32231864
1427388457924017925,a,0.48871642,0.29059622,10.146926
1427388457924017925,r,0.005045276,0.02242031,0.6815807
1427388457924017925,g,0.039223835,0.07172399,-0.35853764
1427388457944032709,a,0.39534256,0.30256724,10.283396
1427388457944032709,g,0.03389751,0.07385451,-0.3777124
1427388457964047493,a,0.4456208,0.22116438,10.249877
1427388457964047493,r,0.004786811,0.023604337,0.67630833
1427388457964047493,g,0.03389751,0.06746293,-0.41925773
1427388457984062277,a,0.3019687,0.51086277,10.113407
1427388457984062277,r,0.004561821,0.024072006,0.6733343
1427388457984062277,g,0.083964944,0.026982881,-0.44269353
1427388458004077061,a,0.36421794,0.3935469,10.055946
1427388458004077061,r,0.004831642,0.024722148,0.6700682
1427388458004077061,g,0.07437756,-0.013497166,-0.43843248
1427388458024091845,a,0.12958616,0.41748893,9.948207
1427388458024091845,r,0.0055033145,0.025124468,0.66673964
1427388458024091845,g,0.058398593,0.011003915,-0.4799778
1427388458044106629,a,0.27802667,0.27383682,9.957784
1427388458044106629,r,0.006014473,0.025383368,0.66324955
1427388458044106629,g,0.01152696,-0.028410869,-0.47252095
1427388458064121413,a,0.005087679,0.48213238,10.048764
1427388458064121413,r,0.006521414,0.02516625,0.6597088
1427388458064121413,g,0.0051353737,-0.13493732,-0.46932516
1427388458084136197,a,0.12240356,0.2427122,10.201993
1427388458084136197,g,-0.016169915,-0.20311424,-0.4469546
1427388458104150981,a,0.4504092,0.3839701,10.173263
1427388458104150981,r,0.0083699655,0.022740483,0.6525436
1427388458104150981,g,0.08716074,-0.1743521,-0.456542
1427388458124165765,a,0.3450643,0.58508307,9.787796
1427388458124165765,r,0.010081782,0.021572974,0.64915854
1427388458124165765,g,0.04774595,-0.25105113,-0.50873995
1427388458144180549,a,0.35464114,0.798167,9.69921
1427388458144180549,r,0.011956958,0.020417161,0.645407
1427388458144180549,g,0.06475689,-0.37888607,-0.5247173
1427388458164195333,a,0.471957,0.85083944,9.474155
1427388458164195333,r,0.01457143,0.018313386,0.64134175
1427388458164195333,g,0.03066843,-0.40125662,-0.4916941
1427388458184210117,a,0.6323685,0.42706573,9.490914
1427388458184210117,r,0.017604142,0.015614908,0.63737756
1427388458184210117,g,-0.1152728,-0.37995133,-0.4320393
1427388458424387525,r,0.03224621,-0.045609593,0.601571
1427388458204224901,r,0.019770395,0.012230329,0.6338201
1427388458204224901,g,-0.3783931,-0.32242703,-0.42990875
1427388458224239685,a,0.7113772,0.17088614,10.398317
1427388458224239685,g,-0.240974,-0.30218703,-0.5161952
1427388458244254469,a,0.5030816,0.8987235,9.605837
1427388458244254469,r,0.018956684,0.0030366415,0.6267758
1427388458244254469,g,0.010428406,-0.5791558,-0.52258676
1427388458264269253,a,0.81672204,0.7670424,9.392753
1427388458264269253,r,0.021470139,-8.304091E-4,0.62263125
1427388458264269253,g,-0.10142436,-0.7751644,-0.45227933
1427388458284284037,a,1.1351509,0.30017304,9.732729
1427388458284284037,r,0.025888257,-0.006682285,0.6186804
1427388458284284037,g,-0.3485657,-0.61857057,-0.37664554
1427388458304298821,a,0.9220669,-0.116418056,10.027216
1427388458304298821,r,0.028373513,-0.013821086,0.6153696
1427388458304298821,g,-0.35708782,-0.3778208,-0.37664554
1427388458324313605,a,0.6012439,0.14215572,9.720758
1427388458324313605,r,0.02818026,-0.019849245,0.6122108
1427388458324313605,g,-0.20049395,-0.44599771,-0.32231706
1427388458344328389,a,1.3626001,0.6952163,9.498097
1427388458344328389,r,0.02865646,-0.024503663,0.60926086
1427388458344328389,g,-0.18877605,-0.56850314,-0.19342007
1427388458364343173,a,1.5278,0.51086277,9.433454
1427388458364343173,g,-0.28464985,-0.4491935,-0.16359265
1427388458384357957,a,1.3218986,-0.13796587,9.07193
1427388458384357957,r,0.032309167,-0.035287887,0.60552996
1427388458384357957,g,-0.3006288,-0.38527766,-0.19981165
1427388458404372741,a,1.2764088,0.14454992,9.560347
1427388458404372741,r,0.03250936,-0.040259838,0.6038354
1427388458404372741,g,-0.42206895,-0.41830084,-0.2733149
1427388458424387525,a,1.1926117,0.45819035,10.216358
1427388458424387525,r,0.03224621,-0.045609593,0.601571
1427388458424387525,g,-0.57440174,-0.41510504,-0.26159698
1427388458444402309,a,1.1112089,-0.1666963,10.051158
1427388458444402309,r,0.030904183,-0.051824138,0.5989445
1427388458444402309,g,-0.5072901,-0.4918041,-0.18702848
1427388458464417081,a,1.3362638,-0.7389105,9.541193
1427388458464417081,r,0.029333167,-0.05864086,0.59681123
1427388458464417081,g,-0.3965026,-0.5546547,-0.19128953
1427388458484431853,a,1.266832,-0.8466496,9.622596
1427388458484431853,r,0.02906077,-0.06554255,0.5948892
1427388458484431853,g,-0.33152148,-0.40658292,-0.24561802
1427388458504446625,a,0.68504095,-0.81791914,9.280225
1427388458504446625,g,-0.5136817,-0.39486504,-0.2765107
1427388458524461397,a,0.4647744,-1.8067244,9.804555
1427388458524461397,r,0.027892811,-0.07670632,0.5902117
1427388458524461397,g,-0.6010334,-0.40338713,-0.37025395
1427388458544476169,a,0.09606735,-1.8402433,10.383952
1427388458544476169,r,0.025377152,-0.08353005,0.5869672
1427388458544476169,g,-0.43272159,-0.13920157,-0.40647295
1427388458564490941,a,-0.4043208,-1.552939,10.178051
1427388458564490941,r,0.022848386,-0.08813676,0.58339447
1427388458564490941,g,-0.23351716,0.13350613,-0.40647295
1427388458584505713,a,-0.86640173,-1.6439188,9.692028
1427388458584505713,r,0.019892279,-0.08903909,0.57992524
1427388458584505713,g,-0.039639022,0.14841983,-0.4501488
1427388458604520485,a,-0.7802105,-1.3326725,9.629779
1427388458604520485,r,0.017730942,-0.08788185,0.57646054
1427388458604520485,g,-0.19836342,0.032306008,-0.49275938
1427388458624535257,a,-1.6397289,-0.90171623,10.893917
1427388458624535257,r,0.016289502,-0.08730291,0.57255656
1427388458624535257,g,-0.72353876,-0.01989195,-0.53110886
1427388458644550029,a,-1.8168998,-0.6407482,11.370363
1427388458644550029,g,-0.48920643,-0.045460958,-0.32764205
1427388458664564801,a,-0.9094974,-0.69102645,10.632949
1427388458664564801,r,0.006431342,-0.09272231,0.56396013
1427388458664564801,g,0.1595396,0.036564402,-0.08263123
1427388458684579573,a,-0.61740476,-0.8298902,9.675268
1427388458684579573,r,0.0058047064,-0.09228389,0.5625722
1427388458684579573,g,0.10627637,0.08982763,-0.013389043
1427388458704594345,a,-0.009277532,-0.9663597,9.390358
1427388458704594345,r,0.0064589735,-0.08990283,0.56259483
1427388458704594345,g,-0.08760175,-0.107246295,0.01111204
1427388458724609117,a,0.6036381,-1.2943653,9.780613
1427388458724609117,r,0.006065134,-0.09000446,0.5626585
1427388458724609117,g,-0.2090419,-0.1519874,-0.0038016625
1427388458744623889,a,1.1447277,-1.7157447,10.063129
1427388458744623889,r,0.0053274296,-0.09208186,0.56255025
1427388458744623889,g,-0.19093241,0.04295599,-0.055999618
1427388458764638661,a,0.7257424,-1.4763247,10.032004
1427388458764638661,r,0.0035780314,-0.093652114,0.562103
1427388458764638661,g,-0.07268805,0.19315827,-0.14122078
1427388458784653433,a,0.55096567,-1.208174,10.206781
1427388458784653433,g,-0.016229037,0.087697096,-0.16785239
1427388458804668205,a,0.7353192,-1.0717045,10.079888
1427388458804668205,r,4.886566E-4,-0.091720864,0.5598462
1427388458804668205,g,0.2159986,0.041890725,-0.1284376
1427388458824682977,a,1.0609306,-0.89692783,9.81892
1427388458824682977,r,0.0012992332,-0.09044884,0.5587631
1427388458824682977,g,0.13184272,0.15267822,-0.09434914
1427388458844697749,a,1.089661,-0.90411043,9.763854
1427388458844697749,r,0.0022091074,-0.08844344,0.5580564
1427388458844697749,g,0.0029457225,0.15587401,-0.09328388
1427388458864712521,a,1.0561422,-0.947206,10.053553
1427388458864712521,r,0.0017100284,-0.08668065,0.5573576
1427388458864712521,g,-0.025816416,0.06319601,-0.13056813
1427388458884727293,a,1.017835,-0.9208698,10.060735
1427388458884727293,r,9.593405E-4,-0.085905865,0.5563583
1427388458884727293,g,0.08603635,0.05573916,-0.1316334
1427388458904742065,a,1.1399393,-1.0262147,9.845257
1427388458904742065,r,0.0011204872,-0.08513121,0.55531806
1427388458904742065,g,-0.078014374,0.038694933,-0.0176501
1427388458924756837,a,0.68504095,-0.56892216,10.518027
1427388458924756837,g,0.06473106,0.06000022,-0.028302744
1427388458944771609,a,1.3554175,-0.9496002,10.491692
1427388458944771609,r,0.0012311367,-0.08349264,0.5540969
1427388458944771609,g,0.023185747,0.05254337,0.033482593
1427388458964786381,a,1.3171102,-1.1004349,10.058341
1427388458964786381,r,9.061955E-4,-0.08320227,0.5541766
1427388458964786381,g,0.28630605,0.18889722,-0.033629067
1427388458984801153,a,1.2620436,-0.626383,9.852439
1427388458984801153,r,0.0017909268,-0.08108571,0.55436915
1427388458984801153,g,0.33956927,0.24535623,-0.09328388
1427388459004815925,a,1.3003508,0.5539584,9.07193
1427388459004815925,r,0.0034017703,-0.07731229,0.5540901
1427388459004815925,g,0.56860113,0.393428,-0.1465471
1427388459024830697,a,1.2093711,-1.1507132,9.239524
1427388459024830697,r,0.0056585707,-0.071963295,0.5533982
1427388459024830697,g,1.0522312,0.55960923,-0.30101043
1427388459044845469,a,1.4583681,-0.2959832,8.387188
1427388459044845469,r,0.010528787,-0.06276865,0.55173594
1427388459044845469,g,0.8200035,0.40408063,-0.17104818
1427388459064860241,a,1.5804724,-0.7532757,8.88997
1427388459064860241,g,1.0735365,0.5819798,-0.2573346
1427388459084875013,a,1.5924433,-0.48512512,8.8205385
1427388459084875013,r,0.020448422,-0.044737563,0.54930824
1427388459084875013,g,1.2663493,0.7300515,-0.41712427
1427388459104889785,a,-1.5415666,-1.6606781,10.45099
1427388459104889785,r,0.027483251,-0.032336704,0.54724926
1427388459104889785,g,0.9797932,0.7193989,-0.51619387
1427388459124904557,a,1.3123218,0.13018471,10.750265
1427388459124904557,r,0.03148002,-0.02032666,0.543351
1427388459124904557,g,1.6008424,0.48717126,-0.117784955
1427388459144919329,a,0.043394905,0.7814076,9.332897
1427388459144919329,r,0.04114802,-0.008746771,0.5433442
1427388459144919329,g,1.3621384,0.6757148,-0.012319516
1427388459164934101,a,0.8789713,1.202787,9.105449
1427388459164934101,r,0.049091566,0.0054791523,0.54298884
1427388459164934101,g,1.4026185,0.6405611,-0.123107016
1427388459184948873,a,1.2452842,1.1620857,9.435848
1427388459184948873,r,0.05734752,0.018119507,0.54271775
1427388459184948873,g,1.6071492,0.5521441,-0.25733033
1427388459204963645,a,0.23014264,1.9210476,10.348039
1427388459204963645,g,1.5240586,0.4903588,-0.49381903
1427388459224978417,a,-0.6724714,2.117372,10.984897
1427388459224978417,r,0.077198096,0.04439965,0.5371203
1427388459224978417,g,2.8513782,0.30287224,-0.39687997
1427388459244993189,a,-0.58628017,2.9625254,11.490073
1427388459244993189,r,0.09499638,0.06129998,0.5325089
1427388459244993189,g,3.8676405,0.62564737,-0.021906897
1427388459265007961,a,-0.46178165,4.3870754,8.186075
1427388459265007961,r,0.1210742,0.08341244,0.5290553
1427388459265007961,g,4.058323,0.65227896,0.21138601
1427388459285022733,a,-0.4019266,4.705504,7.0608
1427388459285022733,r,0.15191285,0.11128624,0.52746934
1427388459285022733,g,3.4585788,0.22936901,0.2774324
1427388459305037505,a,0.24450785,5.8619037,8.207623
1427388459305037505,r,0.18153325,0.13450283,0.5253921
1427388459305037505,g,1.9331201,-0.2979369,0.45533156
1427388459545212429,r,0.55557775,0.3525809,0.42747805
1427388459325052277,r,0.20345089,0.14531085,0.52498025
1427388459325052277,g,1.8894444,0.16545314,0.28488925
1427388459345067049,a,-0.15292963,5.9097877,8.767866
1427388459345067049,g,2.3496385,0.9441614,-0.035755333
1427388459365081821,a,-1.0579379,5.665579,7.8939824
1427388459365081821,r,0.23372045,0.17048657,0.5237004
1427388459365081821,g,3.3158333,0.7843718,0.3232388
1427388459385096593,a,-1.3284826,6.7740946,6.318598
1427388459385096593,r,0.25210395,0.19304326,0.52180475
1427388459385096593,g,4.357662,0.39874604,0.7855635
1427388459405111365,a,-0.6605004,7.5354505,6.122273
1427388459405111365,r,0.28189418,0.21756148,0.51975626
1427388459405111365,g,4.694286,-0.5003371,0.8793068
1427388459425126137,a,-0.054767363,8.054993,5.717653
1427388459425126137,r,0.32020256,0.23695204,0.5152405
1427388459425126137,g,5.3622065,-1.2034117,0.90806895
1427388459445140909,a,0.49111062,8.567351,5.195717
1427388459445140909,r,0.36580405,0.25207192,0.5062006
1427388459445140909,g,5.811748,-0.17969254,0.33069563
1427388459465155213,a,-0.27024552,8.854655,3.2540195
1427388459465155213,r,0.41218072,0.2732697,0.49301454
1427388459465155213,g,5.646632,0.42644292,-0.01764584
1427388459485169517,a,0.40491936,9.958383,3.096002
1427388459485169517,g,5.1843076,-0.6643878,0.27530187
1427388459505183821,a,0.37618893,10.360609,2.6889877
1427388459505183821,r,0.48853764,0.32760048,0.46127048
1427388459505183821,g,4.475907,-0.94881344,0.42230836
1427388459525198125,a,-0.4115034,10.023026,1.575684
1427388459525198125,r,0.52488536,0.34086996,0.4434093
1427388459525198125,g,4.172306,-0.54827404,0.42017785
1427388459545212429,a,-0.5814917,8.490737,0.14634559
1427388459545212429,r,0.55557775,0.3525809,0.42747805
1427388459545212429,g,3.9837542,-0.28195792,0.2870198
1427388459565226733,a,0.12479776,10.463559,-0.43305123
1427388459565226733,r,0.5827027,0.36501902,0.4133015
1427388459565226733,g,3.8250299,-0.03481657,0.027095268
1427388459585241037,a,0.7353192,9.6088295,-0.50966567
1427388459585241037,r,0.6065791,0.38019186,0.39922515
1427388459585241037,g,3.4979937,-0.02309866,-0.17637023
1427388459605255341,a,0.8813655,9.955989,-1.1800421
1427388459605255341,r,0.6263921,0.3950572,0.38502213
1427388459605255341,g,2.7800055,0.19315001,-0.23069872
1427388459625269645,a,0.756867,9.855432,-1.7331028
1427388459625269645,g,2.0598867,0.14734365,-0.195545
1427388459645283949,a,0.6227917,9.563339,-2.173636
1427388459645283949,r,0.6523095,0.41914374,0.3631344
1427388459645283949,g,1.3014368,-0.036945235,-0.0804975
1427388459665298253,a,0.27802667,9.51785,-2.5160067
1427388459665298253,r,0.6596453,0.4258647,0.35619935
1427388459665298253,g,0.72299814,-0.02096627,-0.095411204
1427388459685312557,a,0.3498527,9.52982,-2.7147255
1427388459685312557,r,0.66416967,0.42940503,0.35146955
1427388459685312557,g,0.1861049,-0.030553648,-0.16997972
1427388459705326861,a,0.27802667,9.412505,-2.3747487
1427388459705326861,r,0.6656236,0.43166357,0.34889725
1427388459705326861,g,-0.29859042,0.049341183,-0.2093945
1427388459725341165,a,0.1822586,10.099641,-2.4872763
1427388459725341165,r,0.6643393,0.43216735,0.34810027
1427388459725341165,g,-0.6085824,0.18676029,-0.27437562
1427388459745355469,a,0.09367314,9.944017,-2.719514
1427388459745355469,r,0.6600858,0.4329617,0.34991226
1427388459745355469,g,-0.893008,0.12710549,-0.4096642
1427388459765369773,a,-0.069132574,9.651925,-2.1880012
1427388459765369773,g,-1.1081914,0.15480237,-0.5556054
1427388459785384077,a,-0.109834,9.218575,-1.8432361
1427388459785384077,r,0.6461893,0.4336449,0.35490134
1427388459785384077,g,-1.2211094,0.201674,-0.49488536
1427388459805398381,a,-0.30855274,9.412505,-1.8049288
1427388459805398381,r,0.637146,0.43381047,0.35841027
1427388459805398381,g,-1.2445452,0.15160657,-0.40433788
1427388459825412685,a,-0.49290627,9.388563,-1.5774796
1427388459825412685,r,0.6281779,0.43300706,0.36244288
1427388459825412685,g,-1.1060609,0.16758554,-0.38196734
1427388459845426989,a,-0.5575497,9.829096,-1.7450738
1427388459845426989,r,0.61951613,0.43228805,0.36639687
1427388459845426989,g,-0.9515975,0.2133919,-0.36385784
1427388459865441293,a,-0.51684827,9.71178,-1.5439608
1427388459865441293,r,0.6117693,0.43207127,0.369796
1427388459865441293,g,-0.82057,0.23043613,-0.3500094
1427388459885455597,a,-0.75148004,9.807548,-1.4912884
1427388459885455597,r,0.6046491,0.43228722,0.37278333
1427388459885455597,g,-0.75878465,0.23256667,-0.24348296
1427388459905469901,a,-0.50727147,10.046968,-2.1018097
1427388459905469901,g,-0.5926034,0.31672254,-0.21152502
1427388459925484205,a,-0.83288294,9.728539,-1.105822
1427388459925484205,r,0.5927446,0.43297142,0.37878892
1427388459925484205,g,-0.38061577,0.2197835,-0.112455435
1427388459945498509,a,-0.61740476,9.759664,-1.3069348
1427388459945498509,r,0.5887526,0.43334293,0.38105664
1427388459945498509,g,-0.08873333,0.19102135,0.047334228
1427388459965512813,a,-0.37798458,10.128371,-1.7522564
1427388459965512813,r,0.5866474,0.43427932,0.38309237
1427388459965512813,g,0.10407953,0.14521499,0.20179757
1427388459985527117,a,-0.46417585,9.745298,-2.008436
1427388459985527117,r,0.58711714,0.43454212,0.38466272
1427388459985527117,g,0.17545225,0.16332448,0.2188418
1427388460005541421,a,-0.44741645,9.819519,-2.2239141
1427388460005541421,r,0.58850473,0.43484098,0.38595137
1427388460005541421,g,0.35761246,0.16119395,0.22523339
1427388460025555725,a,-0.358831,9.802759,-2.4178445
1427388460025555725,r,0.59074134,0.43569326,0.386606
1427388460025555725,g,0.4641389,0.21552244,0.22736391
1427388460045570029,a,-0.047584757,9.809942,-2.2478561
1427388460045570029,g,0.19995333,0.20273927,0.28701872
1427388460065584333,a,-0.054767363,9.970354,-2.3915083
1427388460065584333,r,0.59601265,0.43822062,0.38795146
1427388460065584333,g,-0.078080684,0.201674,0.30406296
1427388460085598637,a,0.067336924,9.817124,-2.8751369
1427388460085598637,r,0.59687316,0.43788272,0.39057294
1427388460085598637,g,-0.28900304,0.1686508,0.32323772
1427388460105612941,a,-0.21517888,10.102035,-2.494459
1427388460105612941,r,0.5966624,0.43638492,0.3941187
1427388460105612941,g,-0.32522205,0.18782556,0.34880406
1427388460125627245,a,-0.14335282,10.090064,-2.7386675
1427388460125627245,r,0.5959016,0.43429428,0.39816007
1427388460125627245,g,-0.41576952,0.22191402,0.31045455
1427388460145641549,a,-0.028431145,9.898528,-2.5279777
1427388460145641549,r,0.59466773,0.4321978,0.4025893
1427388460145641549,g,-0.29543883,0.23788846,0.1954081
1427388460165655853,a,0.23014264,9.687838,-2.7913399
1427388460165655853,r,0.593171,0.43080246,0.40651134
1427388460165655853,g,-0.19849977,0.31991383,0.035618447
1427388460185670157,a,0.54378307,9.742905,-2.5040357
1427388460185670157,g,-0.40835688,0.3145875,-0.21045764
1427388460205684461,a,0.42167878,9.982325,-2.0371664
1427388460205684461,r,0.58850616,0.43254578,0.41188303
1427388460205684461,g,-0.7854605,0.26558533,-0.38303047
1427388460225698765,a,-0.14335282,9.553762,-1.6924013
1427388460225698765,r,0.5826013,0.4334604,0.4144912
1427388460225698765,g,-0.8738774,0.061054565,-0.3105925
1427388460245713069,a,0.005087679,9.414899,-1.4793174
1427388460245713069,r,0.57575744,0.43276107,0.41695538
1427388460245713069,g,-0.57773393,0.036553483,-0.13908492
1427388460265727373,a,-0.44981065,9.83149,-1.6038159
1427388460265727373,r,0.57105786,0.4315865,0.41883716
1427388460265727373,g,-0.47227272,0.12497043,-0.0527985
1427388460285741677,a,-0.0020949265,9.050981,-1.6062101
1427388460285741677,r,0.56781,0.43048632,0.42083076
1427388460285741677,g,-0.46801168,0.14840625,-0.08156064
1427388460305755981,a,-0.2534861,9.089288,-1.3284826
1427388460305755981,r,0.5649034,0.42952842,0.42302993
1427388460305755981,g,-0.6437803,0.046140864,-0.015514245
1427388460325770285,a,-0.3636194,9.309554,-0.45220485
1427388460325770285,g,-0.61182237,-0.01244868,-6.005428E-4
1427388460345784589,a,-0.37559038,9.187449,-0.16968904
1427388460345784589,r,0.5577179,0.42570478,0.42822435
1427388460345784589,g,-0.62993187,0.0013997575,-0.07729958
1427388460365798893,a,-0.2415151,8.84029,0.1774702
1427388460365798893,r,0.55408585,0.4231696,0.4304879
1427388460365798893,g,-0.566016,0.04294507,-0.15506388
1427388460385813197,a,-0.12180501,8.84029,1.2859856
1427388460385813197,r,0.55036235,0.42116028,0.43203333
1427388460385813197,g,-0.33165783,-0.07529928,-0.13801965
1427388460405827501,a,-0.29179335,10.343849,1.7025766
1427388460405827501,r,0.5470709,0.42008537,0.4329261
1427388460405827501,g,-0.10582177,-0.1317583,-0.08901749
1427388460425841805,a,-0.49051207,9.841066,2.38253
1427388460425841805,r,0.5457035,0.41909254,0.43287888
1427388460425841805,g,0.21695335,-0.07849508,-0.24667662
1427388460666005973,r,0.60469925,0.4582466,0.39219514
1427388460445856109,r,0.54555374,0.4195752,0.43112668
1427388460445856109,g,0.9402679,-0.12110565,-0.18382603
1427388460465869733,a,-0.46896425,9.240122,3.6035728
1427388460465869733,g,1.4835528,0.11751358,-0.015514245
1427388460485883357,a,-0.19841947,8.761282,3.6562452
1427388460485883357,r,0.55459774,0.4283461,0.42143473
1427388460485883357,g,1.6060581,-0.007122358,0.15599333
1427388460505896981,a,-0.35164836,10.815507,3.5556889
1427388460505896981,r,0.56314164,0.43477476,0.41623107
1427388460505896981,g,1.3610474,-0.14028041,0.24760607
1427388460525910605,a,-0.41868603,11.952753,2.66744
1427388460525910605,r,0.5720081,0.43845624,0.41103593
1427388460525910605,g,1.3333504,-0.11258353,0.13362278
1427388460545924229,a,-0.03561375,11.098022,1.6810288
1427388460545924229,r,0.58023614,0.44118327,0.40574834
1427388460545924229,g,1.4217675,0.20166947,-0.025101624
1427388460565937853,a,0.163105,10.104429,1.2644378
1427388460565937853,r,0.5872476,0.4465878,0.4005451
1427388460565937853,g,1.4622475,0.23575793,-0.053863764
1427388460585951477,a,0.7305308,9.659107,0.7281366
1427388460585951477,r,0.5936765,0.45375627,0.39531353
1427388460585951477,g,1.125624,0.19740841,0.001529986
1427388460605965101,a,1.0106524,9.783606,0.103249945
1427388460605965101,g,0.48433474,-0.0060570934,0.19753864
1427388460625978725,a,0.28520927,10.082881,-0.43544543
1427388460625978725,r,0.60321856,0.46173584,0.38915434
1427388460625978725,g,-0.0451017,-0.019905532,0.2827598
1427388460645992349,a,0.038606502,9.742905,-0.8759785
1427388460645992349,r,0.6052034,0.46022493,0.38995007
1427388460645992349,g,-0.3093464,-0.013519803,0.12616885
1427388460666005973,a,-0.026036944,9.675867,-1.0411785
1427388460666005973,r,0.60469925,0.4582466,0.39219514
1427388460666005973,g,-0.42439497,-0.049738795,-0.14014725
1427388460686019597,a,-0.030825347,9.534609,-0.86161333
1427388460686019597,r,0.60256284,0.45656377,0.39353862
1427388460686019597,g,-0.44037393,-0.018846126,-0.20832418
1427388460706033221,a,-0.02124854,9.706991,-0.7849989
1427388460706033221,r,0.5993324,0.45599538,0.39439526
1427388460706033221,g,-0.55968356,0.034417097,-0.19447574
1427388460726046845,a,-0.09546879,9.692626,-0.85682493
1427388460726046845,r,0.595753,0.4551006,0.3957688
1427388460726046845,g,-0.78445435,0.007785485,-0.2136505
1427388460746060469,a,-0.21996728,9.558551,-0.59585696
1427388460746060469,g,-0.97833246,-0.03908615,-0.17530099
1427388460766074093,a,-0.20560206,9.939229,-0.5719149
1427388460766074093,r,0.5851505,0.45110363,0.40111098
1427388460766074093,g,-1.0752715,-0.11791572,-0.07516612
1427388460786087717,a,-0.48572367,10.147525,-0.32770637
1427388460786087717,r,0.5792579,0.44718307,0.40478382
1427388460786087717,g,-1.1327958,-0.17117894,-0.033620812
1427388460806101341,a,-0.5360019,9.685444,-0.43544543
1427388460806101341,r,0.57361245,0.44185656,0.40848795
1427388460806101341,g,-0.9857893,-0.1424168,0.03562138
1427388460826114965,a,-0.6940192,9.776423,-0.081103586
1427388460826114965,r,0.56831694,0.43682688,0.4123303
1427388460826114965,g,-0.7162774,-0.122176774,0.10166777
1427388460846128589,a,-0.394744,9.886557,-0.2534861
1427388460846128589,r,0.5645286,0.43237442,0.41545966
1427388460846128589,g,-0.4531571,-0.08915358,0.15599626
1427388460866142213,a,-0.51924247,9.90571,-0.09307459
1427388460866142213,r,0.5624889,0.42871416,0.41796276
1427388460866142213,g,-0.15594833,0.0045896918,0.12190779
1427388460886155837,a,-0.61979896,9.6088295,-0.030825347
1427388460886155837,g,-0.011072358,-0.024172448,0.06970984
1427388460906169461,a,-0.6892308,9.774029,-0.09068039
1427388460906169461,r,0.56169397,0.42617643,0.42030802
1427388460906169461,g,0.23074266,-0.03375983,0.068644576
1427388460926183085,a,-0.20320787,9.469966,-0.30376434
1427388460926183085,r,0.56278294,0.42628157,0.4198055
1427388460926183085,g,0.41396815,-0.047608264,0.10912462
1427388460946196709,a,-0.09068039,9.668684,-0.45699325
1427388460946196709,r,0.5654616,0.42707318,0.41853032
1427388460946196709,g,0.3170291,-0.09874096,0.02922979
1427388460966210333,a,-0.358831,9.786,-0.2486977
1427388460966210333,r,0.5681886,0.4278522,0.41688743
1427388460966210333,g,0.29465854,-0.04121668,-0.07623139
1427388460986223957,a,-0.5000889,9.668684,-0.16490065
1427388460986223957,r,0.569955,0.4288671,0.4149684
1427388460986223957,g,0.34153017,0.046135005,-0.16358307
1427388461006237581,a,-0.48093528,9.441236,-0.2391209
1427388461006237581,r,0.57106245,0.43113953,0.41288128
1427388461006237581,g,0.3915976,0.10259402,-0.15293042
1427388461026251205,a,-0.23193829,9.570522,-0.3540426
1427388461026251205,g,0.3106375,0.11111613,-0.028294489
1427388461046264829,a,-0.052373163,9.836278,-0.5431845
1427388461046264829,r,0.5731566,0.43669885,0.40942684
1427388461046264829,g,0.1849363,0.046135005,0.154931
1427388461066278453,a,-0.18166006,9.786,-0.74669164
1427388461066278453,r,0.5745826,0.43753445,0.4093242
1427388461066278453,g,0.102910936,-0.025237713,0.1996721
1427388461086292077,a,-0.19841947,9.465178,-0.73232645
1427388461086292077,r,0.5761962,0.43697715,0.4098285
1427388461086292077,g,0.098649874,-0.0039324234,0.14427835
1427388461106305701,a,2.992752E-4,9.36462,-0.5790975
1427388461106305701,r,0.57766056,0.43627566,0.41009167
1427388461106305701,g,0.10504147,0.0035244273,0.14214782
1427388461126319325,a,-0.0020949265,9.86022,-0.6581062
1427388461126319325,r,0.57882303,0.435973,0.41043195
1427388461126319325,g,0.11782464,-0.018846126,0.1517352
1427388461146332949,a,-0.13856442,9.955989,-0.5431845
1427388461146332949,r,0.5801778,0.43547535,0.41069058
1427388461146332949,g,0.13059689,-0.01139034,0.09208092
1427388461166346573,a,-0.081103586,9.841066,-0.60064536
1427388461166346573,g,0.21901384,0.033350766,0.04307876
1427388461186360197,a,0.23971945,9.709386,-0.63416415
1427388461186360197,r,0.58257335,0.43578714,0.410305
1427388461186360197,g,0.24990651,-0.022042984,0.030295588
1427388461206373821,a,0.19901802,9.699809,-0.8137293
1427388461206373821,r,0.5841434,0.43654335,0.40942058
1427388461206373821,g,0.17107694,-0.07743674,0.0047292416
1427388461226387445,a,-0.07631518,9.790789,-0.85203654
1427388461226387445,r,0.58568037,0.43693107,0.4082221
1427388461226387445,g,0.09970422,-0.069979884,-0.024032898
1427388461246401069,a,-0.28700492,9.929652,-0.83527714
1427388461246401069,r,0.58657855,0.4371339,0.4071503
1427388461246401069,g,0.122074775,-0.0135208685,-0.06770874
1427388461266414693,a,-0.32052374,9.776423,-0.76345104
1427388461266414693,r,0.5871404,0.43768632,0.40610716
1427388461266414693,g,0.11568319,0.035481296,-0.11351511
1427388461286428317,a,-0.28221652,9.644742,-0.8209119
1427388461286428317,r,0.58725893,0.43897778,0.40505496
1427388461286428317,g,0.057093646,-0.009259811,-0.0389466
1427388461306441941,a,-0.30615854,9.778817,-0.72993225
1427388461306441941,g,0.034723092,-0.050805125,0.10273357
1427388461326455565,a,-0.5264251,10.054151,-0.84964234
1427388461326455565,r,0.58785385,0.4395743,0.40414533
1427388461326455565,g,0.026200978,0.009914949,0.17091049
1427388461346469189,a,-0.6940192,9.967959,-0.85682493
1427388461346469189,r,0.5887386,0.4387548,0.4045951
1427388461346469189,g,0.02193992,0.023763387,0.14321361
1427388461366482813,a,-0.62937576,10.003873,-0.6844424
1427388461366482813,r,0.58941805,0.43814588,0.4052979
1427388461366482813,g,0.028331507,0.033350766,0.12190833
1427388461386496437,a,-0.5623381,10.305542,-0.6700772
1427388461386496437,r,0.5899325,0.4377213,0.4059311
1427388461386496437,g,-0.03558436,0.075961344,0.086754605
1427388461406510061,a,-0.86400753,10.279205,-0.47375265
1427388461406510061,r,0.59000987,0.43749738,0.4067411
1427388461406510061,g,-0.14956765,0.13455088,0.0047292416
1427388461426523685,a,-0.8879495,10.188226,-0.6461352
1427388461426523685,r,0.58892256,0.4376588,0.4079785
1427388461426523685,g,-0.26994252,0.24320786,-0.11458038
1427388461446537309,a,-0.73472065,10.044574,-0.7730279
1427388461446537309,g,-0.39138266,0.26238263,-0.16890886
1427388461466550933,a,-0.9358336,9.896133,-0.48811787
1427388461466550933,r,0.58266056,0.43956906,0.41169193
1427388461466550933,g,-0.52347547,0.23681627,-0.09220982
1427388461486564557,a,-1.297358,9.850643,-0.3636194
1427388461486564557,r,0.57837707,0.43979824,0.41437402
1427388461486564557,g,-0.5351934,0.2059236,-0.01018446
1427388461506577417,a,-1.5774796,10.001478,-0.33967736
1427388461506577417,r,0.5741195,0.43917668,0.4176037
1427388461506577417,g,-0.4361238,0.21551098,0.0718409
1427388461526590277,a,-1.3907319,9.812336,-0.394744
1427388461526590277,r,0.57059866,0.43830347,0.4208472
1427388461526590277,g,-0.26994252,0.22935942,0.11871254
1427388461546603137,a,-1.2805986,9.857826,-0.44262803
1427388461546603137,r,0.5680554,0.43786573,0.4238957
1427388461546603137,g,-0.1303929,0.18142252,0.24334848
1427388461786757457,r,0.5466846,0.46018326,0.45017818
1427388461566615997,r,0.5669472,0.437333,0.4266126
1427388461566615997,g,-0.011083278,0.12283298,0.33922228
1427388461586628857,a,-1.2997522,10.140342,-0.3851672
1427388461586628857,g,0.14444533,0.22296783,0.25613165
1427388461606641717,a,-1.2590508,10.063727,-0.33967736
1427388461606641717,r,0.5681452,0.43619025,0.4311687
1427388461606641717,g,0.26162443,0.32736376,0.027099794
1427388461626654577,a,-1.3356652,10.080487,-0.07152677
1427388461626654577,r,0.56840706,0.43841368,0.4322891
1427388461626654577,g,0.19557802,0.42856386,-0.15399516
1427388461646667437,a,-1.2255319,9.955989,-0.117016606
1427388461646667437,r,0.5673959,0.44221228,0.43271008
1427388461646667437,g,0.09651935,0.51059055,-0.23602106
1427388461666680297,a,-0.9597756,9.544186,-0.370802
1427388461666680297,r,0.56492496,0.44673687,0.43340835
1427388461666680297,g,0.0038413436,0.4914158,-0.14227778
1427388461686693157,a,-0.928651,9.441236,-0.5000889
1427388461686693157,r,0.562059,0.45081252,0.43483976
1427388461686693157,g,-0.15807885,0.39767253,0.01964241
1427388461706706017,a,-1.1369466,9.685444,-0.45459905
1427388461706706017,r,0.55941427,0.45315814,0.43726167
1427388461706706017,g,-0.24969159,0.33375666,0.12723412
1427388461726718877,a,-1.3715783,10.073304,-0.50248307
1427388461726718877,g,-0.2614095,0.42323887,0.047339287
1427388461746731737,a,-1.2782044,9.836278,-0.46896425
1427388461746731737,r,0.55412877,0.4543048,0.44410953
1427388461746731737,g,-0.17405781,0.5500053,-0.111385114
1427388461766744597,a,-1.0555437,9.616012,-0.3851672
1427388461766744597,r,0.5503021,0.45666742,0.44734362
1427388461766744597,g,-0.017463945,0.5755717,-0.059187155
1427388461786757457,a,-1.0603321,9.917682,-0.46178165
1427388461786757457,r,0.5466846,0.46018326,0.45017818
1427388461786757457,g,0.09545408,0.5777022,0.066514045
1427388461806770317,a,-0.9118916,9.723751,-0.5575497
1427388461806770317,r,0.5443692,0.46364897,0.45302632
1427388461806770317,g,0.19771947,0.596877,0.01964241
1427388461826783177,a,-0.8257003,9.623195,-0.61740476
1427388461826783177,r,0.54258305,0.46751595,0.45563057
1427388461826783177,g,0.29678905,0.58302855,-0.028294489
1427388461846796037,a,-0.61740476,9.604041,-0.76345104
1427388461846796037,r,0.54109156,0.4720977,0.4573712
1427388461846796037,g,0.36816177,0.6043338,-0.020837637
1427388461866808897,a,-0.41389763,9.5370035,-0.7802105
1427388461866808897,g,0.4693619,0.5681148,4.676511E-4
1427388461886821757,a,-0.27024552,9.204209,-1.1872247
1427388461886821757,r,0.539612,0.48209536,0.45952204
1427388461886821757,g,0.5620399,0.54894006,0.0015329155
1427388461906834617,a,-0.12180501,9.228151,-1.0124481
1427388461906834617,r,0.5397719,0.48763573,0.45988807
1427388461906834617,g,0.7804191,0.5361569,-0.054926097
1427388461926847477,a,0.04818331,9.434052,-0.9262568
1427388461926847477,r,0.5407478,0.49390328,0.4591069
1427388461926847477,g,0.94340456,0.57131064,-0.1507999
1427388461946860337,a,0.55814826,9.395745,-0.988506
1427388461946860337,r,0.54191345,0.50137687,0.45725986
1427388461946860337,g,1.1266301,0.5063295,-0.17636624
1427388461966873197,a,1.24289,9.084499,-1.1704654
1427388461966873197,r,0.5439423,0.5095414,0.4540262
1427388461966873197,g,1.2278302,0.48608947,-0.20619364
1427388461986886057,a,1.5828665,9.374197,-1.3524247
1427388461986886057,r,0.5466253,0.5184015,0.44991842
1427388461986886057,g,1.097868,0.42217362,-0.28289267
1427388462006898917,a,1.9467852,9.256882,-1.3069348
1427388462006898917,g,0.92529505,0.35293144,-0.3542654
1427388462026911777,a,1.9491794,9.66629,-1.1848305
1427388462026911777,r,0.5503476,0.534485,0.4412389
1427388462026911777,g,0.76763594,0.28155872,-0.3670486
1427388462046924637,a,2.0784664,9.872191,-1.5056536
1427388462046924637,r,0.5509628,0.5411508,0.43733922
1427388462046924637,g,0.65045685,0.18994597,-0.28395796
1427388462066937497,a,2.0521302,10.509049,-1.6708535
1427388462066937497,r,0.5517514,0.54645514,0.4337639
1427388462066937497,g,0.4693619,0.15053119,-0.2711748
1427388462086950357,a,1.860594,10.276812,-1.831265
1427388462086950357,r,0.55226684,0.55062616,0.43100837
1427388462086950357,g,0.163631,0.22829549,-0.39474544
1427388462106963217,a,1.8198925,10.324696,-1.7666216
1427388462106963217,r,0.55105424,0.5541614,0.42943493
1427388462106963217,g,-0.07179243,0.24747024,-0.46398765
1427388462126976077,a,1.5804724,9.867403,-1.6421231
1427388462126976077,r,0.54770845,0.55752397,0.42921057
1427388462126976077,g,-0.34130433,0.15266171,-0.3478738
1427388462146988937,a,1.7121534,9.833884,-1.5128362
1427388462146988937,g,-0.6843304,0.15053011,-0.28928375
1427388462167001797,a,1.3171102,9.759664,-1.3380594
1427388462167001797,r,0.5390893,0.55879676,0.43322662
1427388462167001797,g,-1.0348024,0.01843733,-0.24134684
1427388462187014657,a,1.0322002,9.553762,-1.1034278
1427388462187014657,r,0.5333337,0.5561776,0.43788233
1427388462187014657,g,-1.1732868,0.010980479,-0.16997412
1427388462207027517,a,0.82629883,9.355043,-0.8759785
1427388462207027517,r,0.5270546,0.5519663,0.44361964
1427388462207027517,g,-1.0987183,0.05465632,-0.05599083
1427388462227040377,a,0.81432784,9.541792,-0.691625
1427388462227040377,r,0.52105814,0.5472882,0.44989446
1427388462227040377,g,-0.90164435,0.017372066,0.09527672
1427388462247053237,a,0.67306995,9.776423,-0.6940192
1427388462247053237,r,0.5165557,0.5426183,0.45588568
1427388462247053237,g,-0.7067009,-0.041217476,0.15706205
1427388462267066097,a,0.720954,9.991901,-0.8113351
1427388462267066097,r,0.5138099,0.5378741,0.4609399
1427388462267066097,g,-0.49045226,0.020567859,0.09101566
1427388462287078957,a,0.78320324,9.809942,-0.85443074
1427388462287078957,g,-0.41694903,0.015241537,0.056927197
1427388462307091817,a,0.64673376,9.661502,-0.8065467
1427388462307091817,r,0.51007855,0.53210187,0.4677582
1427388462307091817,g,-0.36581632,-0.035891157,0.038817704
1427388462327104677,a,0.55814826,9.50109,-0.73950905
1427388462327104677,r,0.5087192,0.5297861,0.47007582
1427388462327104677,g,-0.2763341,-0.02736904,-0.0016623451
1427388462347117537,a,0.44083238,9.496302,-0.72514385
1427388462347117537,r,0.50760007,0.527961,0.4717529
1427388462347117537,g,-0.2763341,-0.04228274,-0.05066451
1427388462367130397,a,0.14873978,9.774029,-0.5383961
1427388462367130397,r,0.5063424,0.5266377,0.4730173
1427388462367130397,g,-0.32853207,-0.051870123,-0.03362028
1427388462387143257,a,0.11282676,9.855432,-0.34925416
1427388462387143257,r,0.5048957,0.52509594,0.4742736
1427388462387143257,g,-0.38499108,-0.068914354,0.0079250345
1427388462407156117,a,0.05057751,9.86022,-0.18166006
1427388462407156117,r,0.50335497,0.5230869,0.47593245
1427388462407156117,g,-0.55969447,-0.114720725,0.08249354
1427388462427168977,a,-0.040402155,10.185832,-0.018854339
1427388462427168977,g,-0.819619,-0.1573313,0.2007379
1427388462447181837,a,-0.057161566,10.40131,0.15352818
1427388462447181837,r,0.49959573,0.51502514,0.48219606
1427388462447181837,g,-1.117893,-0.06252277,0.24228321
1427388462467194697,a,-0.32770637,10.339061,0.21577743
1427388462467194697,r,0.49609643,0.5085257,0.48813215
1427388462467194697,g,-1.3937966,-0.07317541,0.21778212
1427388462487207557,a,-0.38277298,10.248081,0.6275801
1427388462487207557,r,0.49110973,0.50057316,0.49546495
1427388462487207557,g,-1.6249589,-0.00819428,0.11019042
1427388462507219633,a,-0.27982232,10.173861,1.3554175
1427388462507219633,r,0.4841368,0.49197292,0.50358576
1427388462507219633,g,-1.9466687,3.2783512E-4,0.053731404
1427388462527231709,a,-0.18166006,10.181044,1.6499043
1427388462527231709,r,0.474902,0.48231494,0.51281744
1427388462527231709,g,-2.3035324,0.07489634,0.031360853
1427388462547243785,a,-0.069132574,9.932047,2.358588
1427388462547243785,r,0.46319756,0.47106582,0.5236599
1427388462547243785,g,-2.7157896,-0.00819428,0.05053561
1427388462567255861,a,-0.19123685,9.783606,2.6219501
1427388462567255861,g,-3.119525,0.017372066,0.07610196
1427388462587267937,a,-0.18884265,9.59207,2.844611
1427388462587267937,r,0.43291384,0.4405179,0.54993147
1427388462587267937,g,-3.498759,0.06637423,0.017512415
1427388462607280013,a,-0.5551555,9.515455,3.498228
1427388462607280013,r,0.41373602,0.42204368,0.56473404
1427388462607280013,g,-3.7022245,0.23788181,-0.12523302
1427388462627292089,a,-1.0507553,9.170691,4.424784
1427388462627292089,r,0.39135703,0.40293276,0.57991725
1427388462627292089,g,-3.7341824,0.18674912,-0.1465383
1427388462647304165,a,-0.5383961,8.612842,5.2244473
1427388462647304165,r,0.3672561,0.3829739,0.5943325
1427388462647304165,g,-3.7161283,0.13774136,-0.16784093
1427388462667316241,a,-0.31812954,8.011897,5.906795
1427388462667316241,r,0.34310964,0.36194658,0.60759455
1427388462667316241,g,-3.8460906,0.09086972,-0.24134418
1427388462907461153,r,0.005686178,0.034270085,0.7048971
1427388462687328317,r,0.31803414,0.33991247,0.6198985
1427388462687328317,g,-4.1432996,0.19420037,-0.23069154
1427388462707340393,a,-0.63176996,7.0829463,7.000945
1427388462707340393,g,-4.3978977,-0.034831483,-0.1987336
1427388462727352469,a,-0.8999206,6.1851206,7.544429
1427388462727352469,r,0.26103288,0.29002643,0.64407593
1427388462727352469,g,-4.520403,-0.20527379,-0.17316726
1427388462747364545,a,-0.9358336,5.5315037,7.8939824
1427388462747364545,r,0.23164137,0.26034153,0.6547962
1427388462747364545,g,-4.5118804,-0.20527379,-0.09646822
1427388462767376621,a,-0.5240309,4.5307274,8.588301
1427388462767376621,r,0.20179653,0.22959548,0.66467506
1427388462767376621,g,-4.8261337,-0.14455372,-0.06344502
1427388462787388697,a,-1.2183493,4.102165,8.782231
1427388462787388697,r,0.17032318,0.19744748,0.67380327
1427388462787388697,g,-4.804828,0.017366473,0.036689837
1427388462807400773,a,-0.9717466,3.4844613,9.196428
1427388462807400773,r,0.13638797,0.16403738,0.6825275
1427388462807400773,g,-4.1848445,-0.2798423,0.0228414
1427388462827412849,a,-0.26306292,2.42383,9.701605
1427388462827412849,r,0.10654406,0.13310456,0.68910426
1427388462827412849,g,-3.8727221,-0.18822956,0.070778295
1427388462847424925,a,-0.30855274,2.1317372,9.572318
1427388462847424925,g,-3.6522124,0.10578342,0.20393635
1427388462867437001,a,-0.34925416,1.6098014,8.997709
1427388462867437001,r,0.054182746,0.077472284,0.69820684
1427388462867437001,g,-3.3347638,0.15265505,0.19754477
1427388462887449077,a,-0.2391209,0.6952163,8.856451
1427388462887449077,r,0.028643396,0.054546982,0.7020773
1427388462887449077,g,-2.8585906,0.23361515,0.21991532
1427388462907461153,a,-0.18884265,0.9011177,8.655338
1427388462907461153,r,0.005686178,0.034270085,0.7048971
1427388462907461153,g,-1.9392673,0.21017933,0.23376375
1427388462927473229,a,0.100855745,0.83647424,9.189245
1427388462927473229,r,-0.011811887,0.019741107,0.70717365
1427388462927473229,g,-1.2021043,0.2080488,0.12830257
1427388462947485305,a,0.067336924,0.46297875,9.593865
1427388462947485305,r,-0.023031753,0.01079425,0.7085565
1427388462947485305,g,-0.59809935,0.04293282,-0.19660307
1427388462967497381,a,0.012270284,-0.058957215,9.962572
1427388462967497381,r,-0.029205665,0.0058924193,0.7082061
1427388462967497381,g,-0.11233879,-0.04867992,-0.44800547
1427388462987509457,a,-0.6892308,0.118213706,9.603442
1427388462987509457,g,0.29459223,-0.003938815,-0.47357184
1427388463007521533,a,-0.5503671,-0.317531,9.636961
1427388463007521533,r,-0.029468518,0.0042505767,0.7021864
1427388463007521533,g,0.43627238,-0.03163569,-0.43096125
1427388463027533609,a,-0.62937576,-0.3486556,10.027216
1427388463027533609,r,-0.026406959,0.006738809,0.6988947
1427388463027533609,g,0.37555233,0.089804456,-0.28928107
1427388463047545685,a,-0.9118916,0.015263036,10.099042
1427388463047545685,r,-0.02407024,0.009602172,0.69636923
1427388463047545685,g,0.5172325,0.02375806,-0.27436736
1427388463067557761,a,-0.51205987,0.17567454,9.86441
1427388463067557761,r,-0.021562146,0.013692843,0.69445986
1427388463067557761,g,0.45651242,-0.08383365,-0.42350438
1427388463087569837,a,-0.2439093,-0.087687634,9.680057
1427388463087569837,r,-0.01761232,0.016856067,0.6917551
1427388463087569837,g,0.27328694,-0.07957259,-0.5012687
1427388463107581913,a,-0.37798458,-0.40851066,10.010457
1427388463107581913,r,-0.014623788,0.018329259,0.6882108
1427388463107581913,g,0.028276112,-0.075311534,-0.45226654
1427388463127593989,a,-0.5360019,-0.42527008,10.403106
1427388463127593989,g,-0.081446126,0.041867554,-0.22429995
1427388463147606065,a,-0.32770637,-0.1834557,10.22354
1427388463147606065,r,-0.014138774,0.017942246,0.68235713
1427388463147606065,g,0.028246552,0.07914888,-0.08687924
1427388463167618141,a,-1.1728595,-0.116418056,10.88434
1427388463167618141,r,-0.014691232,0.018437237,0.681367
1427388463167618141,g,-0.052713543,-0.032703884,-0.06983501
1427388463187630217,a,-0.31334114,-0.6000468,10.154109
1427388463187630217,r,-0.0151356645,0.018504199,0.680875
1427388463187630217,g,-0.102780975,0.04079936,-0.13694666
1427388463207642293,a,-0.3875614,-0.7341221,9.950602
1427388463207642293,r,-0.015818015,0.01768985,0.67992896
1427388463207642293,g,-0.23487376,0.11856367,-0.0730308
1427388463227654369,a,-0.21757308,-0.8490438,10.003274
1427388463227654369,r,-0.017937407,0.016906802,0.67922145
1427388463227654369,g,-0.26150537,0.053582534,-0.033616018
1427388463247666445,a,-0.13617022,-1.1650784,9.960178
1427388463247666445,r,-0.020535417,0.015544165,0.678917
1427388463247666445,g,-0.31583387,0.10045417,0.024973527
1427388463267678521,a,-0.44981065,-1.5433623,10.21157
1427388463267678521,g,-0.29239804,0.24106908,0.15174
1427388463287690597,a,-0.84485394,-1.8186954,10.465355
1427388463287690597,r,-0.02712205,0.012723144,0.67966443
1427388463287690597,g,-0.18374106,0.34866077,0.280637
1427388463307702673,a,-1.1632828,-1.3566146,10.228329
1427388463307702673,r,-0.03121914,0.013284832,0.6813099
1427388463307702673,g,-0.007972439,0.37422714,0.31259492
1427388463327714749,a,-1.1680712,-1.4356232,9.941025
1427388463327714749,r,-0.034574963,0.015675243,0.6835069
1427388463327714749,g,-0.123021,0.24426487,0.2327001
1427388463347726825,a,-0.9956886,-1.9216461,10.008062
1427388463347726825,r,-0.03722448,0.017065432,0.68530864
1427388463347726825,g,-0.23487376,0.13773842,0.019647205
1427388463367738901,a,-0.45220485,-2.6423008,10.269031
1427388463367738901,r,-0.04043452,0.0167205,0.6860514
1427388463367738901,g,-0.01542929,0.046125684,-0.19340569
1427388463387750977,a,-0.6485294,-1.8929157,10.034399
1427388463387750977,r,-0.042192765,0.015711624,0.6850582
1427388463387750977,g,0.320129,0.055713065,-0.19234042
1427388463407763053,a,-1.1249756,-1.7396868,9.354445
1427388463407763053,g,0.43304703,-0.08596711,-0.29886687
1427388463427775129,a,-0.9717466,-1.967136,9.4143
1427388463427775129,r,-0.038786277,0.019591305,0.68169993
1427388463427775129,g,0.17312251,-0.30434632,-0.4469386
1427388463447787205,a,-0.50966567,-1.8857331,9.754277
1427388463447787205,r,-0.03571983,0.019328177,0.6786464
1427388463447787205,g,0.10281506,-0.20634198,-0.17103513
1427388463467799281,a,-0.47135845,-1.5481507,9.584289
1427388463467799281,r,-0.03371677,0.017905097,0.6766388
1427388463467799281,g,0.28923634,0.09299732,0.10806415
1427388463487811357,a,-0.9382278,-1.4715363,9.452607
1427388463487811357,r,-0.032009672,0.018723335,0.6766549
1427388463487811357,g,0.38084906,0.05251727,0.08888939
1427388463507823433,a,-0.71796125,-0.947206,9.514857
1427388463507823433,r,-0.030466454,0.021536507,0.67738503
1427388463507823433,g,0.46287444,-0.16905773,-0.012310728
1427388463527835509,a,-0.73711485,-0.41090485,9.153333
1427388463527835509,r,-0.0267337,0.023709785,0.6774687
1427388463527835509,g,0.45967865,-0.13283874,-0.06344342
1427388463547846817,a,-0.28700492,-0.8538322,9.335292
1427388463547846817,g,0.86128336,-0.37571904,-0.20618886
1427388463567858125,a,-0.17208324,-1.5457565,10.573094
1427388463567858125,r,-0.015882384,0.027999785,0.67581505
1427388463567858125,g,1.1116204,-0.3970243,-0.21151517
1427388463587869433,a,-0.20081367,-0.8466496,9.81892
1427388463587869433,r,-0.005817405,0.031686366,0.6740375
1427388463587869433,g,0.8911107,-0.24149571,-0.12735929
1427388463607880741,a,-0.34685996,-0.35823244,9.349657
1427388463607880741,r,0.0034150146,0.035610184,0.67244226
1427388463607880741,g,0.57685775,-0.24682203,-0.05172551
1427388463627892049,a,-0.12180501,-0.030226797,9.160515
1427388463627892049,r,0.009949274,0.038024783,0.67147607
1427388463627892049,g,0.5821841,-0.1488177,0.098476775
1427388463647903357,a,-0.22475569,0.32890347,9.814132
1427388463647903357,r,0.014963909,0.040425755,0.6716568
1427388463647903357,g,0.70682746,-0.19142748,0.14534788
1427388463667914665,a,-0.64134675,1.5690999,10.070312
1427388463667914665,r,0.020919207,0.043535486,0.67240113
1427388463667914665,g,0.4415766,-0.27664864,0.051604606
1427388463687925973,a,-0.07631518,2.3591864,9.852439
1427388463687925973,g,-0.25084528,-0.25853914,0.059061456
1427388463707937281,a,-0.26066872,2.2682068,9.347262
1427388463707937281,r,0.029322673,0.044088826,0.6730259
1427388463707937281,g,0.0069487197,-0.15307796,0.04308249
1427388463727948589,a,0.084096335,2.768595,9.093477
1427388463727948589,r,0.029622242,0.04170209,0.67340773
1427388463727948589,g,0.36274704,-0.06679155,-0.037877608
1427388463747959897,a,-0.15771803,3.9609075,8.195652
1427388463747959897,r,0.032770768,0.04327616,0.67328185
1427388463747959897,g,0.4383808,-0.18610117,-0.11883771
1427388463767971205,a,0.08888474,4.4229884,9.320927
1427388463767971205,r,0.03732471,0.045340285,0.6721882
1427388463767971205,g,0.37446496,-0.6271206,-0.18914516
1427388463787982513,a,-0.12180501,4.6504374,9.545981
1427388463787982513,r,0.04424455,0.045888275,0.67053586
1427388463787982513,g,0.14436783,-0.4545478,-0.17529672
1427388464028118209,r,0.057878725,0.04836019,0.6767641
1427388463807993821,r,0.050228357,0.043790646,0.6688828
1427388463807993821,g,0.39790076,-0.21592857,-0.24986523
1427388463828005129,a,-0.28939912,3.5706525,9.419088
1427388463828005129,g,0.5449073,-0.0060714744,-0.24240838
1427388463848016437,a,0.0362123,3.7741597,9.356839
1427388463848016437,r,0.059608597,0.047662556,0.6645909
1427388463848016437,g,0.25195953,0.005646434,0.0068634986
1427388463868027745,a,0.24929625,4.193145,9.924265
1427388463868027745,r,0.06309262,0.050130166,0.6635497
1427388463868027745,g,0.31800592,-0.049747314,0.2635922
1427388463888039053,a,0.24211365,4.1045594,9.668086
1427388463888039053,r,0.066127375,0.05193934,0.66466004
1427388463888039053,g,0.5161451,-7.451525E-4,0.29022384
1427388463908050361,a,0.12719196,3.541922,10.379164
1427388463908050361,r,0.07018163,0.055007413,0.66655904
1427388463908050361,g,0.3073533,-0.04335573,0.24122167
1427388463928061669,a,0.045789108,3.1803977,10.281001
1427388463928061669,r,0.07402347,0.057931885,0.66817015
1427388463928061669,g,-0.2380621,0.08660653,0.24228694
1427388463948072977,a,-0.028431145,2.945766,9.931448
1427388463948072977,r,0.0737933,0.058010563,0.66990405
1427388463948072977,g,-0.49692136,0.054648597,0.22950377
1427388463968084285,a,0.15113398,2.7709892,10.281001
1427388463968084285,g,-0.5310098,0.08234547,0.19115424
1427388463988095593,a,0.35464114,2.2969372,10.077495
1427388463988095593,r,0.066567406,0.05238194,0.6736972
1427388463988095593,g,-0.48733398,0.08234547,0.1506742
1427388464008106901,a,0.06254852,2.1269488,10.060735
1427388464008106901,r,0.06231347,0.0496208,0.67523426
1427388464008106901,g,-0.41489598,0.27409306,0.1687837
1427388464028118209,a,0.026635494,2.174833,9.773431
1427388464028118209,r,0.057878725,0.04836019,0.6767641
1427388464028118209,g,-0.4266139,0.2432004,0.095280446
1427388464048129517,a,0.3067571,1.5978304,9.644144
1427388464048129517,r,0.053177953,0.047643274,0.67805344
1427388464048129517,g,-0.57788146,0.15584871,0.032429844
1427388464068140825,a,0.20620061,1.5499463,9.299378
1427388464068140825,r,0.048392337,0.04545168,0.6787388
1427388464068140825,g,-0.5288793,0.20485088,0.059061456
1427388464088152133,a,0.08888474,1.4062942,9.665691
1427388464088152133,r,0.043052487,0.042652786,0.67938286
1427388464088152133,g,-0.29558638,0.29326782,0.07077936
1427388464108163441,a,-0.14814124,1.071106,9.900323
1427388464108163441,g,-0.116621956,0.26983202,0.02390773
1427388464128174749,a,-0.19841947,0.9442133,9.9673605
1427388464128174749,r,0.035379678,0.043084003,0.68068045
1427388464128174749,g,-0.13579671,0.075953886,-0.010180732
1427388464148186057,a,0.045789108,0.9944915,9.83568
1427388464148186057,r,0.033202,0.043601334,0.68086964
1427388464148186057,g,-0.10491896,0.07382203,0.005799033
1427388464168197365,a,0.009876082,1.178845,9.83568
1427388464168197365,r,0.032168604,0.043188967,0.68090945
1427388464168197365,g,0.030369624,0.09193152,-0.015506255
1427388464188208673,a,-0.038007952,1.1477205,9.514857
1427388464188208673,r,0.031248782,0.043466568,0.6809229
1427388464188208673,g,0.1241129,0.06316938,-0.01657152
1427388464208219981,a,-0.3660136,1.1979986,9.768642
1427388464208219981,r,0.031636946,0.044841103,0.68075806
1427388464208219981,g,0.24129198,-0.0092686,-0.029354693
1427388464228231289,a,-0.49769467,1.3248913,9.692028
1427388464228231289,r,0.032680243,0.04631736,0.6805236
1427388464228231289,g,0.40321216,-0.080641314,-0.08581371
1427388464248242597,a,-0.22954409,1.1261727,9.739912
1427388464248242597,g,0.13689606,-0.19036356,-0.15931696
1427388464268253905,a,0.1678934,1.0280104,9.952995
1427388464268253905,r,0.03875857,0.049348257,0.67864627
1427388464268253905,g,-0.117702134,-0.14775297,-0.19873174
1427388464288265213,a,-0.117016606,0.7023989,9.850045
1427388464288265213,r,0.03967405,0.047629423,0.67721134
1427388464288265213,g,-0.29666656,-0.024182301,-0.14866431
1427388464308276521,a,0.20859483,0.9466075,9.799767
1427388464308276521,r,0.038226426,0.045569047,0.67595214
1427388464308276521,g,-0.4607173,-0.066792876,-0.06663895
1427388464328287829,a,-0.13617022,1.071106,9.933842
1427388464328287829,r,0.03552037,0.04252205,0.6754901
1427388464328287829,g,-0.4841531,-0.024182301,-0.017636783
1427388464348299137,a,-0.11462241,0.64254385,10.233117
1427388464348299137,r,0.0323223,0.03911639,0.6754386
1427388464348299137,g,-0.4660436,0.04612515,-0.0016578177
1427388464368310445,a,0.019452889,0.5228338,9.838074
1427388464368310445,r,0.028656693,0.03589295,0.6755256
1427388464368310445,g,-0.3701698,-0.008203335,0.010060091
1427388464388321753,a,-0.069132574,0.9825205,9.68724
1427388464388321753,g,-0.40425825,-0.066792876,-0.031485222
1427388464408333061,a,-0.1074398,0.71436995,9.636961
1427388464408333061,r,0.02289931,0.030202925,0.67572767
1427388464408333061,g,-0.26896968,-0.098750815,-0.09007476
1427388464428344369,a,0.09367314,0.6497265,9.775825
1427388464428344369,r,0.021296397,0.027518667,0.6752741
1427388464428344369,g,-0.15605165,-0.1530793,-0.16783907
1427388464448355677,a,-0.09307459,0.5683236,9.689633
1427388464448355677,r,0.020758813,0.024880115,0.67424875
1427388464448355677,g,-0.13794215,-0.095555015,-0.199797
1427388464468366985,a,-0.22954409,0.21398178,10.082283
1427388464468366985,r,0.020627651,0.023108277,0.6728439
1427388464468366985,g,-0.09213579,-0.08809817,-0.14440325
1427388464488378293,a,0.3426701,8.9782564E-4,10.242694
1427388464488378293,r,0.020133859,0.021815002,0.6715837
1427388464488378293,g,-0.0378073,-0.041226532,-0.082617916
1427388464508389601,a,-0.004489128,0.58508307,9.62499
1427388464508389601,r,0.019866033,0.020759813,0.67078155
1427388464508389601,g,0.1986814,0.06743044,-0.05705157
1427388464528400909,a,-0.28461072,0.7814076,10.017639
1427388464528400909,g,0.1507445,-0.006072806,-0.07196527
1427388464548412217,a,-0.18166006,0.48692077,10.039187
1427388464548412217,r,0.021642555,0.02321729,0.6697238
1427388464548412217,g,0.106003396,-0.040161267,-0.04533366
1427388464568428913,a,-0.27263972,0.61860186,10.003274
1427388464568428913,r,0.02274175,0.023642763,0.66923887
1427388464568428913,g,0.09961181,-0.0113991285,-0.0037883467
1427388464588445609,a,-0.026036944,0.74788874,10.012851
1427388464588445609,r,0.023491783,0.024184205,0.66909975
1427388464588445609,g,-0.0047841026,-0.0018117485,0.007929562
1427388464608462305,a,0.19662382,0.5779004,10.036793
1427388464608462305,r,0.023973389,0.02439478,0.6691311
1427388464608462305,g,0.042087533,0.03653777,0.018582206
1427388464628479001,a,-0.0020949265,0.84365684,9.45979
1427388464628479001,r,0.023977732,0.024613809,0.669269
1427388464628479001,g,0.078306526,0.0386683,0.0026032398
1427388464648495697,a,-0.066738375,0.71915835,9.917083
1427388464648495697,r,0.024387814,0.025583308,0.6693316
1427388464648495697,g,-0.062363774,0.0130963605,0.004736432
1427388464668512393,a,-0.14814124,0.70958155,9.69921
1427388464668512393,g,-0.07301642,0.048250087,0.055869125
1427388464688529089,a,-0.17926586,0.50846857,10.142138
1427388464688529089,r,0.023362651,0.02542096,0.66964394
1427388464688529089,g,-0.04105849,0.06955537,0.10487129
1427388464708545785,a,0.052971713,0.8077438,9.873987
1427388464708545785,r,0.02250683,0.025508687,0.6703649
1427388464708545785,g,0.013269999,0.03972797,0.10806708
1427388464728562481,a,-0.15771803,0.86999303,9.665691
1427388464728562481,r,0.022571692,0.025935736,0.671192
1427388464728562481,g,0.07825113,0.042923763,0.038824894
1427388464748579177,a,-0.29179335,0.6640917,9.991303
1427388464748579177,r,0.02274676,0.026868809,0.6716811
1427388464748579177,g,0.034575287,0.019487947,0.006866961
1427388464768595873,a,-0.28939912,0.60663086,9.914688
1427388464768595873,r,0.022874601,0.02733035,0.67176324
1427388464768595873,g,-0.032536373,0.016292155,0.03349857
1427388464788612569,a,-0.20081367,0.6760627,9.8715925
1427388464788612569,r,0.022768948,0.027435727,0.6718835
1427388464788612569,g,-0.20084815,0.048250087,0.099544965
1427388464808629265,a,-0.045190558,0.9035119,9.759066
1427388464808629265,g,-0.25730717,0.0056395098,0.11765446
1427388464828645961,a,0.12240356,0.46297875,10.096648
1427388464828645961,r,0.019561492,0.025244355,0.67348593
1427388464828645961,g,-0.094321705,0.0045742453,0.10274076
1427388464848662657,a,0.09606735,0.31932664,10.170868
1427388464848662657,r,0.018442683,0.024029437,0.6743248
1427388464848662657,g,0.005813148,0.055706937,0.0984797
1427388464868679353,a,-0.14574704,0.5228338,9.964967
1427388464868679353,r,0.018217552,0.024156254,0.6750526
1427388464868679353,g,-0.07514695,0.09192593,0.11232814
1427388464888696049,a,-0.100257196,0.61141926,9.876381
1427388464888696049,r,0.017479623,0.024455644,0.67583495
1427388464888696049,g,-0.20937027,0.08553434,0.086761795
1427388464908712745,a,-0.05955577,0.573112,9.80695
1427388464908712745,r,0.015705012,0.023918115,0.6766071
1427388464908712745,g,-0.29033035,-0.033775274,0.048412275
1427388465148913097,r,0.009249898,0.0195027,0.6801477
1427388464928729441,r,0.0137378285,0.022171006,0.67716366
1427388464928729441,g,-0.27328613,-0.01353525,0.044151217
1427388464948746137,a,0.12479776,0.26426002,9.993697
1427388464948746137,g,-0.14758493,3.1318775E-4,0.01645434
1427388464968762833,a,0.086490534,0.17088614,9.95539
1427388464968762833,r,0.01042507,0.01844189,0.67779547
1427388464968762833,g,-0.07301642,0.018422684,0.034563836
1427388464988779529,a,-0.13138182,0.26186582,10.041581
1427388464988779529,r,0.009700471,0.017821588,0.67800564
1427388464988779529,g,-0.07621221,0.035466913,0.06758703
1427388465008796225,a,-0.16729484,0.38157588,9.890746
1427388465008796225,r,0.008949041,0.017601144,0.67842585
1427388465008796225,g,-0.09964803,0.022683742,0.072913356
1427388465028812921,a,-0.040402155,0.30974984,9.885958
1427388465028812921,r,0.007969425,0.017048646,0.67898244
1427388465028812921,g,0.026053172,0.023749005,0.0654565
1427388465048829617,a,0.009876082,0.51086277,9.708787
1427388465048829617,r,0.0074770916,0.017022334,0.67951936
1427388465048829617,g,0.08996904,0.038662706,0.046281744
1427388465068846313,a,-0.19363107,0.537199,9.756671
1427388465068846313,r,0.007975164,0.01779382,0.6799192
1427388465068846313,g,0.1719944,-0.006078399,0.011128019
1427388465088863009,a,-0.14814124,0.32650927,9.979332
1427388465088863009,g,0.07718586,-0.0209921,-0.025090972
1427388465108879705,a,-0.03561375,0.3576339,10.036793
1427388465108879705,r,0.01000239,0.019478038,0.6799161
1427388465108879705,g,-0.047450073,0.04718482,0.0132585475
1427388465128896401,a,-0.097862996,0.5539584,9.692028
1427388465128896401,r,0.009932124,0.019590132,0.6799018
1427388465128896401,g,-0.05810272,0.038662706,0.038824894
1427388465148913097,a,-0.2391209,0.42945993,9.991303
1427388465148913097,r,0.009249898,0.0195027,0.6801477
1427388465148913097,g,-0.093289465,0.02161528,0.0356307
1427388465168929793,a,-0.27982232,0.48931497,9.921871
1427388465168929793,r,0.00843648,0.019275762,0.6804654
1427388465168929793,g,-0.22005594,0.01948475,0.010064352
1427388465188946489,a,-0.09546879,0.28820202,9.976937
1427388465188946489,r,0.0069898954,0.01825834,0.6806906
1427388465188946489,g,-0.1763801,-0.054018494,-0.037872545
1427388465208963185,a,-0.069132574,-0.09487024,10.012851
1427388465208963185,r,0.0057427194,0.016633276,0.6805288
1427388465208963185,g,-0.13270426,-0.0028858013,4.7697214E-4
1427388465228979881,a,0.038606502,0.07511808,10.122984
1427388465228979881,g,-0.059201006,0.012027901,0.053740192
1427388465248996577,a,-0.06434417,0.16609775,10.04637
1427388465248996577,r,0.004284812,0.014810728,0.6806714
1427388465248996577,g,-0.045352567,0.029072132,0.06013178
1427388465269013273,a,-0.12659341,0.34326866,9.838074
1427388465269013273,r,0.003756999,0.014659902,0.68115336
1427388465269013273,g,-0.04854836,0.0067015784,0.034565434
1427388465289029969,a,-0.13377602,0.33129767,9.881169
1427388465289029969,r,0.0032864492,0.014504254,0.6814961
1427388465289029969,g,-0.034699924,-0.026321618,0.0058032945
1427388465309046665,a,-0.15292963,0.30496144,9.751883
1427388465309046665,r,0.003184406,0.014141256,0.6815997
1427388465309046665,g,0.003649596,-7.5527246E-4,-0.008045143
1427388465329063361,a,-0.15053543,0.22834699,9.86441
1427388465329063361,r,0.0031259656,0.014005536,0.6815837
1427388465329063361,g,0.01643277,-0.019930033,-0.008045143
1427388465349080057,a,-0.069132574,0.30256724,9.873987
1427388465349080057,r,0.0032372419,0.014009703,0.68151385
1427388465349080057,g,0.006845389,-0.008212123,0.00473803
1427388465369096753,a,-0.17687166,0.32650927,9.869199
1427388465589280409,g,0.4702354,-0.07532378,-0.058112573
1427388465389113449,a,-0.22954409,0.34087446,9.866804
1427388465389113449,r,0.0038890457,0.014259664,0.68156403
1427388465389113449,g,0.06969599,-0.034843735,-0.018697787
1427388465409130145,a,-0.15053543,0.21398178,9.852439
1427388465409130145,r,0.0046908585,0.014692875,0.6815029
1427388465409130145,g,0.08567496,-0.016734239,-0.025089374
1427388465429146841,a,-0.18405426,0.28101942,10.04637
1427388465429146841,r,0.005389861,0.014948556,0.6812977
1427388465429146841,g,0.06969599,0.005636314,-0.029350432
1427388465449163537,a,-0.16250645,0.118213706,9.993697
1427388465449163537,r,0.0059846053,0.015578199,0.68108326
1427388465449163537,g,-0.013394635,0.0067015784,-0.03148096
1427388465469180233,a,-0.030825347,-0.025438393,10.034399
1427388465469180233,r,0.005985587,0.015665747,0.6808339
1427388465469180233,g,-0.0623968,0.018419487,0.0058032945
1427388465489196929,a,-0.16968904,0.34326866,10.122984
1427388465489196929,r,0.0054955035,0.015351698,0.68076867
1427388465489196929,g,-0.111398965,-0.0018205369,0.019651731
1427388465509213625,a,-0.09546879,0.07032967,10.106225
1427388465509213625,g,-0.2030117,-0.027386883,-5.8829226E-4
1427388465529230321,a,-0.09307459,0.07272387,10.218752
1427388465529230321,r,0.0035076234,0.013413398,0.6810029
1427388465529230321,g,-0.51087314,0.12920699,0.082502335
1427388465549247017,a,-0.11462241,0.30496144,10.130167
1427388465549247017,r,4.7793146E-4,0.0113067385,0.68132883
1427388465549247017,g,0.06436967,0.01415843,0.0686539
1427388465569263713,a,-0.2510919,0.33129767,9.890746
1427388465569263713,r,-8.9892745E-4,0.010573575,0.6819146
1427388465569263713,g,0.4137764,-0.012473181,-0.025089374
1427388465589280409,a,-0.32052374,0.44143093,9.857227
1427388465589280409,r,0.0014690077,0.012781864,0.681935
1427388465589280409,g,0.4702354,-0.07532378,-0.058112573
1427388465609299277,a,0.031423897,0.30496144,10.101437
1427388465609299277,r,0.0051840106,0.015511483,0.68151075
1427388465609299277,g,0.2039193,-0.08278064,-0.07089575
1427388465629318145,a,0.0074818805,0.32411507,10.170868
1427388465629318145,r,0.008081746,0.01711161,0.6809543
1427388465629318145,g,0.034542263,-0.051887967,-0.08900524
1427388465649337013,a,0.23732524,0.43664253,9.613019
1427388465649337013,g,0.011117366,-0.069996394,-0.11350685
1427388465669355881,a,0.009876082,0.27862522,9.727941
1427388465669355881,r,0.009620733,0.017038547,0.67955273
1427388465669355881,g,-0.010187923,-0.0050152647,-0.058113106
1427388465689374749,a,-0.16250645,0.27862522,10.041581
1427388465689374749,r,0.009721831,0.016668998,0.67892545
1427388465689374749,g,-0.09540908,0.0056373794,0.013259613
1427388465709393617,a,-0.100257196,0.22116438,9.964967
1427388465709393617,r,0.009256199,0.016201448,0.6788431
1427388465709393617,g,-0.15186809,0.028007932,0.052674398
1427388465729412485,a,-0.14095862,0.27862522,9.976937
1427388465729412485,r,0.008176606,0.015463293,0.6791579
1427388465729412485,g,-0.26798192,0.03866058,0.051609132
1427388465749431353,a,0.005087679,0.30735564,9.862016
1427388465749431353,r,0.0061853584,0.014264332,0.679609
1427388465749431353,g,-0.23389345,0.042921633,0.028173314
1427388465769450221,a,-0.11941081,0.33129767,9.792584
1427388465769450221,r,0.0041178837,0.012728523,0.6799229
1427388465769450221,g,-0.18276076,0.04718269,0.01752067
1427388465789469089,a,-0.15532383,0.2451064,9.976937
1427388465789469089,g,-0.114583835,0.017355287,-0.010176205
1427388465809487957,a,-0.20320787,0.07511808,10.022428
1427388465809487957,r,0.0011573881,0.011022819,0.6801383
1427388465809487957,g,-0.059190087,-0.018863702,-0.01869832
1427388465829506825,a,0.009876082,-0.008678981,9.95539
1427388465829506825,r,5.806042E-4,0.010456193,0.68002504
1427388465829506825,g,-0.09540908,-0.0018194716,0.011129084
1427388465849525693,a,-0.09307459,0.07032967,9.893141
1427388465849525693,r,1.5971437E-4,0.009778585,0.6800069
1427388465849525693,g,-0.019775303,-0.006080529,0.0345649
1427388465869544561,a,-0.18884265,0.13018471,9.92666
1427388465869544561,r,-2.938304E-4,0.00936906,0.68022317
1427388465869544561,g,0.011117366,0.006702644,0.040956486
1427388465889563429,a,-0.18884265,0.058358666,10.041581
1427388465889563429,r,-2.0457804E-4,0.009368736,0.68049735
1427388465889563429,g,-0.015514245,0.009898437,0.018585935
1427388465909582297,a,-0.11462241,0.15891513,9.960178
1427388465909582297,r,-3.3314433E-4,0.009354552,0.6807005
1427388465909582297,g,-0.07516905,-0.012472115,-0.013371998
1427388465929601165,a,-0.09546879,0.0104746325,9.876381
1427388465929601165,g,-0.06664694,-0.0039500003,-0.010176205
1427388465949620033,a,-0.1074398,0.1062427,9.826103
1427388465949620033,r,-0.0011092601,0.008324916,0.6805745
1427388465949620033,g,-0.038950063,-0.012472115,0.008998555
1427388465969638901,a,-0.03561375,0.09427169,9.854834
1427388465969638901,r,-0.0012706704,0.008016273,0.68056923
1427388465969638901,g,0.003660515,0.012028966,0.028173314
1427388465989657769,a,-0.12898761,0.065541275,9.93863
1427388465989657769,r,-0.0012720907,0.007959221,0.68074495
1427388465989657769,g,-0.059190087,0.018420553,0.03136911
1427388466009676637,a,-0.15292963,0.14215572,10.012851
1427388466009676637,r,-0.00159554,0.007897964,0.68096095
1427388466009676637,g,-0.06558167,0.018420553,0.021781728
1427388466029695505,a,-0.09307459,0.1110311,9.952995
1427388466029695505,r,-0.0022283,0.007521403,0.68114144
1427388466029695505,g,-0.049602706,0.014159495,0.020716464
1427388466269921921,r,-0.0017196815,0.008647831,0.681907
1427388466049714373,r,-0.0026237965,0.007278368,0.68128103
1427388466049714373,g,-0.014448981,0.002441586,0.0121943485
1427388466069733241,a,-0.13617022,0.16130935,9.93863
1427388466069733241,g,-0.010187923,0.006702644,-0.0027193537
1427388466089752109,a,-0.1050456,-0.018255789,9.905111
1427388466089752109,r,-0.0030008825,0.007115566,0.68143517
1427388466089752109,g,0.0068563083,0.0035068505,-0.0069804117
1427388466109770977,a,-0.16011223,-0.07332243,10.039187
1427388466109770977,r,-0.00298452,0.0071771676,0.68138343
1427388466109770977,g,-0.011253187,0.017355287,0.0121943485
1427388466129789845,a,-0.12659341,0.015263036,9.900323
1427388466129789845,r,-0.003207543,0.0071529998,0.68141645
1427388466129789845,g,0.005791044,0.012028966,0.028173314
1427388466149808713,a,-0.14814124,0.15412673,9.804555
1427388466149808713,r,-0.003198279,0.0072687855,0.68158275
1427388466149808713,g,-0.046447393,0.018416557,0.021783859
1427388466169827581,a,-0.045190558,0.11342531,10.034399
1427388466169827581,r,-0.003541302,0.0072425315,0.6817866
1427388466169827581,g,-0.029403163,0.0035028558,4.7857006E-4
1427388466189846449,a,-0.1050456,0.11581951,9.897929
1427388466189846449,r,-0.003883482,0.0069288714,0.6818406
1427388466189846449,g,0.051556934,-0.0071497886,-0.0059130164
1427388466209865317,a,-0.20081367,-0.12599486,9.881169
1427388466209865317,g,0.08564539,-0.008215053,0.0015438345
1427388466229884185,a,-0.07631518,0.029628245,9.993697
1427388466229884185,r,-0.0030862615,0.0075005814,0.68176466
1427388466229884185,g,0.090971716,0.0024375913,0.01965333
1427388466249903053,a,-0.19123685,0.0032920274,10.077495
1427388466249903053,r,-0.002357251,0.008025587,0.68183726
1427388466249903053,g,0.0824496,-0.009280317,0.0036743633
1427388466269921921,a,-0.1074398,0.022445641,10.051158
1427388466490129469,g,-0.19345388,0.0077639134,-0.021891983
1427388466269921921,g,-0.0038368162,0.0141555,0.0100659495
1427388466289940789,a,-0.20320787,0.13018471,9.749489
1427388466289940789,r,-0.0015832279,0.008771621,0.6819516
1427388466289940789,g,-0.0070326095,0.00456812,0.0175228
1427388466309959657,a,-0.03321955,0.14694414,9.974544
1427388466309959657,r,-0.0016685864,0.008965123,0.6820808
1427388466309959657,g,0.035577968,-0.029520342,0.0015438345
1427388466329978525,a,-0.0068833297,0.055964466,9.9434185
1427388466329978525,r,-0.0014534332,0.0087828,0.68212396
1427388466329978525,g,0.09629804,-0.019932961,0.0026090988
1427388466349997393,a,0.02184709,0.20440497,9.646538
1427388466349997393,g,-0.22115076,0.0620924,0.056937587
1427388466370016261,a,-0.097862996,-0.15472528,10.156503
1427388466370016261,r,-9.3044434E-4,0.009111324,0.68233496
1427388466370016261,g,-0.12101591,0.006698649,0.08463446
1427388466390035129,a,-0.22954409,0.32890347,10.00088
1427388466390035129,r,-0.0029828195,0.007951446,0.68296164
1427388466390035129,g,0.10801595,0.010959707,0.035632297
1427388466410053997,a,-0.15053543,0.18525136,10.027216
1427388466410053997,r,-0.0030193506,0.00819237,0.68345815
1427388466410053997,g,0.2741972,-0.040172987,-0.029348833
1427388466430072865,a,-0.33010057,0.37199908,9.81892
1427388466430072865,r,-0.0012910496,0.009470345,0.68333656
1427388466430072865,g,0.35941836,-0.034846663,-0.05491518
1427388466450091733,a,-0.21517888,0.22116438,9.445425
1427388466450091733,r,0.0013600867,0.011761719,0.6829781
1427388466450091733,g,0.090971716,-0.10621938,-0.09113417
1427388466470110601,a,-0.16250645,-0.15233108,10.386346
1427388466470110601,r,0.0036410755,0.012637436,0.6823748
1427388466470110601,g,-0.22967288,0.030134466,-0.010174074
1427388466490129469,a,-0.102651395,0.27144262,10.099042
1427388466710314969,g,0.18365718,-0.032715335,-0.016566193
1427388466730328325,a,-0.15532383,0.1038485,10.020034
1427388466730328325,r,0.002000112,0.011197228,0.6819795
1427388466730328325,g,0.13891608,-0.02206269,-0.002717756
1427388466530167205,a,-0.040402155,-0.12120646,9.854834
1427388466530167205,r,-3.2141246E-4,0.008583078,0.68176013
1427388466530167205,g,-0.16256122,0.029069202,0.0175228
1427388466550186073,a,-0.14814124,0.16370355,9.902718
1427388466550186073,r,-0.0018029669,0.007391383,0.68171567
1427388466550186073,g,-0.08266638,0.024808144,0.0324365
1427388466570204941,a,-0.12180501,0.14694414,9.890746
1427388466570204941,r,-0.0027844878,0.006906298,0.6819542
1427388466570204941,g,-0.028337898,0.0056333845,-5.866944E-4
1427388466590223809,a,-0.030825347,-0.07092822,9.9434185
1427388466590223809,r,-0.0032386351,0.0066356957,0.6820547
1427388466590223809,g,-0.011293667,-0.0050192596,-0.021891983
1427388466610242677,a,-0.100257196,-0.025438393,9.950602
1427388466610242677,r,-0.0033781147,0.006377682,0.6819257
1427388466610242677,g,0.041969553,-7.5820193E-4,4.7857006E-4
1427388466630261545,a,-0.1074398,0.0032920274,9.69921
1427388466630261545,g,0.09949383,0.00456812,0.020718595
1427388466650274901,a,-0.20081367,0.101454295,9.857227
1427388466650274901,r,-0.0026918426,0.007030247,0.68197066
1427388466650274901,g,0.124002375,-7.5740303E-4,0.0058043594
1427388466670288257,a,-0.16729484,0.16849194,9.8955345
1427388466670288257,r,-0.0019117957,0.007867573,0.682061
1427388466670288257,g,0.1591561,0.0056341835,0.0058043594
1427388466690301613,a,-0.14335282,0.26904842,9.780613
1427388466690301613,r,-8.49898E-4,0.008851975,0.6820701
1427388466690301613,g,0.18365718,-0.011410047,-0.0016524914
1427388466710314969,a,-0.1074398,0.099060096,9.931448
1427388466710314969,r,4.8989523E-4,0.010111382,0.68209916
1427388466710314969,g,0.18365718,-0.032715335,-0.016566193
1427388466730328325,a,-0.15532383,0.1038485,10.020034
1427388466730328325,r,0.002000112,0.011197228,0.6819795
1427388466730328325,g,0.13891608,-0.02206269,-0.002717756
1427388466750341681,a,-0.13617022,0.14454992,9.950602
1427388466750341681,r,0.0032807104,0.0119670965,0.68187314
1427388466750341681,g,0.06860862,0.004568919,0.035631765
1427388466770355037,a,-0.09307459,0.29777884,9.826103
1427388466770355037,g,-0.008090417,0.016286828,0.05906758
1427388466790368393,a,-0.100257196,0.44861355,9.792584
1427388466790368393,r,0.004069485,0.012839247,0.6824134
1427388466790368393,g,-0.02087359,0.006699448,0.047349673
1427388466810381749,a,-0.1074398,0.29777884,9.95539
1427388466810381749,r,0.0039084926,0.012853524,0.6828107
1427388466810381749,g,-0.01874306,-0.0071489895,0.014326475
1427388466830395105,a,-0.13377602,0.21877018,10.089465
1427388466830395105,r,0.0037195282,0.012648197,0.6829931
1427388466830395105,g,-0.052831523,-0.0071489895,0.0015433019
1427388466850408461,a,-0.22236149,0.18285716,10.060735
1427388466850408461,r,0.0035272455,0.0123520605,0.68302184
1427388466850408461,g,-0.07413681,0.009895241,0.016457004
1427388466870421817,a,-0.12180501,0.12539631,10.00088
1427388466870421817,r,0.0030299835,0.011963241,0.68311054
1427388466870421817,g,-0.08905052,-0.0071489895,0.02497912
1427388466890435173,a,-0.042796355,0.16370355,9.952995
1427388466890435173,r,0.0024456698,0.011420341,0.68327695
1427388466890435173,g,-0.13911794,0.009895241,0.0494802
1427388466910448529,a,-0.14814124,0.2451064,9.948207
1427388466910448529,g,-0.0805284,0.0056341835,0.046284407
1427388466930461885,a,-0.13617022,0.19961657,10.024822
1427388466930461885,r,7.0410874E-4,0.009959891,0.68394834
1427388466930461885,g,-0.045374673,0.008829976,0.04202335
1427388466950475241,a,-0.17447744,0.16370355,9.929053
1427388466950475241,r,1.9038655E-4,0.009543568,0.6842789
1427388466950475241,g,0.0014969629,-0.010344783,0.026044384
1427388466970488597,a,-0.081103586,0.07751228,10.053553
1427388466970488597,r,1.3431627E-4,0.009421693,0.6845109
1427388466970488597,g,0.025998045,-0.006083725,-0.012305136
1427388466990501953,a,-0.085891984,0.21398178,9.929053
1427388466990501953,r,2.4806242E-4,0.00942966,0.68452126
1427388466990501953,g,0.056890715,-0.010344783,-0.04000201
1427388467010515309,a,-0.042796355,0.27383682,9.9194765
1427388467010515309,r,6.811116E-4,0.009743445,0.68431014
1427388467010515309,g,0.045172803,-0.019932162,-0.04000201
1427388467030528665,a,-0.069132574,0.28101942,9.656115
1427388467030528665,r,0.0011312906,0.0098974,0.6840088
1427388467030528665,g,0.10163182,-0.0071489895,-0.010174607
1427388467050542021,a,-0.09546879,0.12300211,9.878776
1427388467050542021,g,0.08458759,-0.025258485,-0.0016524914
1427388467070555377,a,-0.14095862,0.065541275,10.09186
1427388467070555377,r,0.002683645,0.010784525,0.6838129
1427388467070555377,g,0.17513506,-0.012475312,0.0026085663
1427388467090568733,a,-0.09068039,0.14933833,9.993697
1427388467090568733,r,0.0037086485,0.011569317,0.6837798
1427388467090568733,g,0.08352233,0.017352093,0.006869624
1427388467110582089,a,-0.081103586,0.046387658,10.055946
1427388467110582089,r,0.004541794,0.012458451,0.6837942
1427388467110582089,g,-0.01128621,-0.020997427,0.010065417
1427388467130595445,a,-0.15053543,0.22355859,9.969755
1427388467130595445,r,0.0047134673,0.012478994,0.6838437
1427388467130595445,g,-0.06774522,0.014156299,0.033501234
1427388467150608801,a,-0.052373163,0.34087446,9.924265
1427388467150608801,r,0.004379633,0.012140194,0.6840412
1427388467150608801,g,-0.067782246,-0.008217982,-0.009107478
1427388467270688937,a,-0.42826283,0.6616975,9.761459
1427388467270688937,r,0.0032620532,0.011711229,0.68382376
1427388467270688937,g,0.5245048,-0.100895986,-0.025086444
1427388467290702293,a,-0.11222821,0.2570774,9.842862
1427388467290702293,r,0.0076124044,0.015179357,0.6836398
1427388467290702293,g,-0.008127435,-0.06574226,-0.055979114
1427388467310715649,a,-0.07631518,0.022445641,10.312126
1427388467310715649,r,0.010007535,0.015900984,0.68320113
1427388467310715649,g,-0.19880977,-0.011413775,-0.022955915
1427388467110582089,a,-0.081103586,0.046387658,10.055946
1427388467110582089,r,0.004541794,0.012458451,0.6837942
1427388467110582089,g,-0.01128621,-0.020997427,0.010065417
1427388467130595445,a,-0.15053543,0.22355859,9.969755
1427388467130595445,r,0.0047134673,0.012478994,0.6838437
1427388467130595445,g,-0.06774522,0.014156299,0.033501234
1427388467150608801,a,-0.052373163,0.34087446,9.924265
1427388467150608801,r,0.004379633,0.012140194,0.6840412
1427388467150608801,g,-0.067782246,-0.008217982,-0.009107478
1427388467070555377,r,0.002683645,0.010784525,0.6838129
1427388467070555377,g,0.17513506,-0.012475312,0.0026085663
1427388467090568733,a,-0.09068039,0.14933833,9.993697
1427388467090568733,r,0.0037086485,0.011569317,0.6837798
1427388467090568733,g,0.08352233,0.017352093,0.006869624
1427388467110582089,a,-0.081103586,0.046387658,10.055946
1427388467110582089,r,0.004541794,0.012458451,0.6837942
1427388467110582089,g,-0.01128621,-0.020997427,0.010065417
1427388467130595445,a,-0.15053543,0.22355859,9.969755
1427388467130595445,r,0.0047134673,0.012478994,0.6838437
1427388467130595445,g,-0.06774522,0.014156299,0.033501234
1427388467150608801,a,-0.052373163,0.34087446,9.924265
1427388467150608801,r,0.004379633,0.012140194,0.6840412
1427388467150608801,g,-0.067782246,-0.008217982,-0.009107478
