1425162206091,a,0.0,0.0,9.883265
1425162206094,r,-0.04801321,-0.4408624,-0.009041905
1425162206111,a,0.19153613,0.038307227,10.228029
1425162206115,r,-0.050456673,-0.056017295,0.010505782
1425162206132,a,-0.11492168,0.038307227,9.576807
1425162206135,r,-0.05534359,0.3764753,0.012949244
1425162206151,a,-0.038307227,0.038307227,9.730036
1425162206154,r,-0.04801321,-0.102443054,0.0068405913
1425162206172,a,0.11492168,0.0,10.113108
1425162206175,r,-0.050456673,-0.3492326,-0.0065984437
1425162206192,r,-0.051678397,0.25308052,0.011727514
1425162206212,a,-0.076614454,0.038307227,9.653421
1425162206220,r,-0.059008785,0.08692518,0.005618861
1425162206232,a,0.038307227,0.038307227,9.959879
1425162206236,r,-0.050456673,-0.2808157,-0.004154983
1425162206252,a,0.11492168,0.0,10.113108
1425162206256,r,-0.052900128,-0.109773435,-4.897914E-4
1425162206272,a,0.038307227,0.0,9.921572
1425162206277,r,-0.061452247,0.22253726,0.011727514
1425162206292,a,-0.038307227,0.038307227,9.80665
1425162206296,r,-0.052900128,-0.06579114,0.005618861
1425162206312,a,0.076614454,0.038307227,9.998186
1425162206317,r,-0.05534359,-0.23438995,-4.897914E-4
1425162206332,a,0.076614454,0.0,10.036493
1425162206337,r,-0.045569748,0.02583865,-0.0017115222
1425162206358,a,0.0,0.0,9.883265
1425162206361,r,-0.044348016,0.15900728,0.0043971306
1425162206372,a,0.0,0.038307227,9.883265
1425162206376,r,-0.04679148,-0.1244342,-0.0029332526
1425162206392,a,0.076614454,0.038307227,9.998186
1425162206395,r,-0.05534359,-0.15742092,0.0019536694
1425162206412,a,0.076614454,0.0,9.998186
1425162206415,r,-0.057787053,0.089368634,0.0043971306
1425162206432,a,0.0,0.038307227,9.883265
1425162206437,r,-0.05534359,0.1040294,-4.897914E-4
1425162206452,a,0.0,0.038307227,9.844957
1425162206455,r,-0.059008785,-0.093890935,-0.004154983
1425162206472,a,0.038307227,0.038307227,9.959879
1425162206476,r,-0.043126285,-0.12199074,-0.0029332526
1425162206493,r,-0.05412186,0.030725572,0.0043971306
1425162206512,a,0.0,0.038307227,9.921572
1425162206516,r,-0.04679148,0.075929604,0.005618861
1425162206533,a,0.0,0.038307227,9.844957
1425162206537,r,-0.045569748,-0.021808837,0.005618861
1425162206553,a,0.0,0.038307227,9.921572
1425162206555,r,-0.045569748,-0.1085517,-0.0065984437
1425162206575,a,0.038307227,0.038307227,9.959879
1425162206579,r,-0.04923494,-0.0034828791,0.0031754
1425162206593,a,0.038307227,0.0,9.921572
1425162206596,r,-0.057787053,0.090590365,0.0019536694
1425162206612,a,-0.11492168,0.076614454,9.883265
1425162206614,r,-0.04679148,-0.07678671,-0.018815748
1425162206632,a,-0.19153613,0.076614454,9.998186
1425162206638,r,-0.050456673,-0.03280441,-0.09822823
1425162206653,a,-0.038307227,0.038307227,9.921572
1425162206656,r,-0.045569748,0.077151336,-0.18374938
1425162206676,a,0.30645782,-0.076614454,9.691729
1425162206682,r,-0.04679148,-0.2771505,-0.02125921
1425162206692,a,0.15322891,0.038307227,10.113108
1425162206695,r,-0.052900128,-0.3492326,-0.004154983
1425162206712,a,0.11492168,0.0,9.921572
1425162206714,r,-0.05534359,0.01728654,0.0068405913
1425162206733,a,0.11492168,0.038307227,9.921572
1425162206736,r,-0.051678397,0.0478298,0.008062322
1425162206752,a,0.2681506,-0.076614454,9.883265
1425162206757,r,-0.04923494,0.042942878,0.12534845
1425162206778,a,-0.076614454,0.15322891,9.921572
1425162206783,r,-0.04923494,-0.053573832,0.231639
1425162206792,a,-0.19153613,0.61291564,9.921572
1425162206798,r,-0.04801321,0.007512694,0.18276978
1425162206812,a,0.2681506,0.6512229,9.883265
1425162206833,a,0.2681506,0.5363012,9.883265
1425162206838,r,-0.043126285,-0.06579114,0.31227323
1425162206841,r,-0.05534359,-0.070678055,0.3147167
1425162206852,a,0.11492168,0.49799395,9.921572
1425162206859,r,-0.04923494,-0.010813263,0.34281647
1425162206878,a,0.11492168,0.38307226,9.883265
1425162206882,r,-0.051678397,0.029503845,0.39412916
1425162206896,a,0.076614454,0.5746084,9.883265
1425162206913,a,0.038307227,0.61291564,9.921572
1425162206916,r,-0.04923494,-0.007148071,0.4759851
1425162206932,a,0.0,0.7661445,9.883265
1425162206936,r,-0.057787053,-0.02791749,0.5822757
1425162206940,r,-0.06511743,0.04049942,0.64091873
1425162206952,a,0.038307227,0.5363012,9.921572
1425162206957,r,-0.05534359,-0.009591532,0.66535336
1425162206972,a,0.076614454,0.49799395,9.883265
1425162206993,a,0.038307227,0.6512229,9.844957
1425162206995,r,-0.052900128,0.007512694,0.7215529
1425162207013,a,0.34476504,0.5746084,9.883265
1425162207016,r,-0.059008785,-0.12932113,0.7765308
1425162207032,a,0.49799395,0.6512229,9.883265
1425162207035,r,-0.041904554,-0.07189979,0.8278435
1425162207039,r,-0.06267397,0.007512694,0.7838612
1425162207052,a,0.5746084,0.80445176,9.883265
1425162207072,a,0.30645782,0.5363012,9.883265
1425162207075,r,-0.056565322,0.013621347,0.7398789
1425162207095,a,-0.038307227,0.49799395,9.883265
1425162207097,r,-0.05534359,0.0014040424,0.7117791
1425162207112,a,0.15322891,0.45968673,9.921572
1425162207118,r,-0.061452247,-0.023030568,0.7569831
1425162207133,a,0.2681506,0.38307226,9.883265
1425162207138,r,-0.051678397,0.0026257727,0.8107393
1425162207145,r,-0.050456673,-0.056017295,0.8473912
1425162207156,a,0.30645782,0.5363012,9.921572
1425162207172,a,-0.038307227,0.30645782,9.921572
1425162207175,r,-0.04923494,0.003847503,0.8962604
1425162207192,a,0.11492168,0.4213795,9.883265
1425162207195,r,-0.056565322,0.033169035,0.87304753
1425162207213,a,0.076614454,0.38307226,9.844957
1425162207218,r,-0.06267397,-0.0034828791,0.9316906
1425162207236,a,0.15322891,0.5363012,9.921572
1425162207241,r,-0.06267397,-0.06701287,0.970786
1425162207253,a,-0.076614454,0.038307227,9.844957
1425162207261,r,-0.05534359,0.028282113,1.006216
1425162207272,r,-0.061452247,-0.040134795,1.0147682
1425162207282,a,-0.30645782,0.7278373,9.921572
1425162207296,r,-0.066339165,0.031947304,1.0721896
1425162207302,a,-0.22984336,0.45968673,9.883265
1425162207316,r,-0.06267397,0.05271672,1.1271673
1425162207322,a,0.2681506,0.22984336,9.844957
1425162207333,r,-0.061452247,-0.09755613,1.323866
1425162207347,a,0.45968673,0.15322891,9.883265
1425162207352,r,-0.060230516,-0.14764708,1.464365
1425162207366,a,0.11492168,0.2681506,9.959879
1425162207372,r,-0.051678397,-0.09511267,1.4423739
1425162207385,a,0.0,0.49799395,9.921572
1425162207397,r,-0.051678397,0.02217346,1.3641831
1425162207403,a,0.038307227,0.45968673,9.921572
1425162207415,r,-0.0638957,0.056381915,1.2713315
1425162207422,a,0.038307227,0.45968673,9.883265
1425162207433,r,-0.0675609,0.05149499,1.2334579
1425162207445,a,0.5363012,0.19153613,9.883265
1425162207452,r,-0.0638957,0.014843077,1.2737751
1425162207464,a,0.45968673,0.15322891,9.768343
1425162207472,r,-0.051678397,-0.062125944,1.4252696
1425162207483,a,0.7661445,0.4213795,9.959879
1425162207494,r,-0.056565322,-0.064569406,1.5388906
1425162207502,a,0.22984336,0.34476504,9.883265
1425162207512,r,-0.06267397,-0.035247874,1.4399304
1425162207522,a,0.30645782,0.6895301,9.921572
1425162207532,r,-0.0675609,0.077151336,1.3776221
1425162207542,a,0.30645782,0.49799395,9.883265
1425162207552,r,-0.08588685,0.08081652,1.2957662
1425162207563,a,0.38307226,0.19153613,9.883265
1425162207572,r,-0.0638957,0.04049942,1.2224624
1425162207582,a,0.49799395,0.34476504,9.921572
1425162207592,r,-0.07611301,0.01728654,1.3030965
1425162207602,a,0.076614454,0.30645782,9.883265
1425162207615,r,-0.06511743,-0.0242523,1.577986
1425162207622,a,-0.11492168,0.076614454,9.921572
1425162207642,a,0.38307226,0.2681506,9.959879
1425162207647,r,-0.07122609,-0.012034993,1.6671723
1425162207651,r,-0.07611301,0.07837306,1.6427376
1425162207667,a,0.45968673,0.34476504,9.768343
1425162207670,r,-0.052900128,-0.14398189,1.5132343
1425162207683,a,0.22984336,0.30645782,9.921572
1425162207686,r,-0.052900128,-0.054795563,1.3776221
1425162207702,a,-0.038307227,-0.038307227,9.883265
1425162207722,a,0.0,-0.19153613,10.036493
1425162207727,r,-0.04679148,-0.026695762,1.4900213
1425162207742,a,-0.038307227,-0.49799395,9.959879
1425162207748,r,-0.06267397,0.21642861,1.6793896
1425162207753,r,-0.08710858,0.223759,1.7074894
1425162207769,a,0.4213795,0.7278373,9.768343
1425162207775,r,-0.08099993,0.09303383,1.6977155
1425162207789,a,-0.038307227,0.91937345,9.883265
1425162207799,r,-0.08099993,-0.036469605,1.5071256
1425162207809,a,-0.38307226,0.5746084,9.921572
1425162207824,a,-0.5746084,0.30645782,9.959879
1425162207827,r,-0.07855647,0.024616921,1.4142741
1425162207842,a,-0.076614454,-0.34476504,9.921572
1425162207854,r,-0.07000436,-0.0034828791,1.424048
1425162207858,r,-0.07000436,-0.020587109,1.4423739
1425162207868,a,-0.038307227,-0.11492168,9.883265
1425162207869,r,-0.073669545,-0.0083698025,1.2945445
1425162207883,a,-0.2681506,0.2681506,9.883265
1425162207902,a,-0.2681506,0.45968673,9.844957
1425162207904,r,-0.06511743,0.029503845,1.1674845
1425162207921,a,-0.22984336,0.45968673,9.80665
1425162207923,r,-0.08099993,-0.02913922,1.2811054
1425162207941,a,-0.19153613,0.2681506,9.921572
1425162207943,r,-0.08466513,-0.09022575,1.3483006
1425162207962,a,-0.34476504,-0.2681506,9.921572
1425162207964,r,-0.07000436,-0.14642535,1.323866
1425162207984,a,-0.11492168,-0.15322891,9.921572
1425162207986,r,-0.060230516,-0.04746518,1.3507441
1425162208001,a,-0.15322891,-0.22984336,9.80665
1425162208004,r,-0.073669545,0.22620246,1.3629614
1425162208022,a,0.30645782,0.0,9.80665
1425162208024,r,-0.09199551,0.18222016,1.6439594
1425162208043,a,0.0,0.30645782,9.768343
1425162208045,r,-0.089552045,-0.0034828791,1.7209284
1425162208062,a,-0.38307226,0.49799395,9.844957
1425162208064,r,-0.0797782,-0.03280441,1.6891634
1425162208083,a,-0.6895301,-0.038307227,9.921572
1425162208086,r,-0.08710858,-0.05113037,1.5889815
1425162208101,a,-0.45968673,0.38307226,9.921572
1425162208105,r,-0.08588685,-0.023030568,1.4069437
1425162208123,a,-0.11492168,0.842759,9.730036
1425162208127,r,-0.07733474,0.013621347,1.0892937
1425162208143,a,-0.15322891,0.91937345,9.921572
1425162208146,r,-0.04801321,-0.21728572,0.7594266
1425162208162,a,-0.61291564,0.38307226,9.883265
1425162208166,r,-0.060230516,-0.14276016,0.38069013
1425162208187,a,-0.2681506,0.5746084,9.883265
1425162208191,r,-0.044348016,-0.13542977,0.3232688
1425162208202,a,-0.45968673,0.2681506,9.883265
1425162208205,r,-0.057787053,-0.1366515,0.4564374
1425162208222,a,-0.11492168,0.076614454,9.921572
1425162208225,r,-0.045569748,-0.12687767,0.5602845
1425162208242,a,-0.22984336,0.15322891,9.921572
1425162208245,r,-0.044348016,-0.12199074,0.46010262
1425162208262,a,-0.49799395,0.19153613,9.883265
1425162208265,r,-0.050456673,-0.08167363,0.3672511
1425162208282,a,-0.4213795,0.22984336,9.844957
1425162208286,r,-0.05534359,-0.026695762,0.3953509
1425162208303,a,-0.22984336,0.11492168,9.921572
1425162208306,r,-0.057787053,-0.035247874,0.42467242
1425162208322,a,-0.2681506,-0.19153613,9.921572
1425162208325,r,-0.057787053,-0.05968248,0.358699
1425162208342,a,-0.45968673,-0.076614454,9.959879
1425162208345,r,-0.057787053,-0.015700184,0.43688974
1425162208362,a,-0.49799395,0.15322891,9.80665
1425162208367,r,-0.060230516,0.08203825,0.40512475
1425162208382,a,-0.5363012,0.19153613,9.998186
1425162208387,r,-0.04679148,-0.02791749,0.4906459
1425162208406,a,-0.6512229,0.0,9.921572
1425162208412,r,-0.056565322,-0.02547403,0.5969364
1425162208422,a,-0.7278373,-0.076614454,9.921572
1425162208426,r,-0.0638957,-0.035247874,0.6800141
1425162208442,a,-0.6512229,-0.11492168,9.883265
1425162208445,r,-0.0675609,-0.018143646,0.74598753
1425162208462,a,-0.7661445,0.11492168,9.883265
1425162208469,r,-0.051678397,0.013621347,0.8241783
1425162208483,a,-0.49799395,-0.11492168,9.883265
1425162208488,r,-0.057787053,-0.036469605,0.83761734
1425162208509,a,-0.8810662,-0.038307227,9.998186
1425162208519,r,-0.0638957,-0.040134795,0.69345313
1425162208527,a,-0.9959879,0.30645782,9.844957
1425162208534,r,-0.06267397,-0.034026142,0.53462815
1425162208550,a,-0.7278373,0.7278373,9.844957
1425162208556,r,-0.060230516,-0.02547403,0.2963907
1425162208565,a,-0.9959879,0.15322891,9.883265
1425162208568,r,-0.057787053,-0.0682346,0.21697824
1425162208584,a,-0.842759,-0.11492168,9.921572
1425162208590,r,-0.04923494,-0.046243448,0.23530419
1425162208611,a,-0.30645782,-0.2681506,9.921572
1425162208619,r,-0.056565322,-0.070678055,0.13878748
1425162208626,a,-0.5363012,-0.15322891,9.921572
1425162208628,r,-0.04679148,-0.057239026,0.12412672
1425162208644,a,-0.8810662,0.45968673,9.921572
1425162208649,r,-0.05534359,-0.009591532,0.22553034
1425162208662,a,-0.9959879,0.22984336,9.883265
1425162208665,r,-0.050456673,-0.053573832,0.28295168
1425162208682,a,-0.61291564,0.11492168,9.883265
1425162208687,r,-0.056565322,-0.014478455,0.26462573
1425162208702,a,-0.34476504,-0.19153613,9.883265
1425162208706,r,-0.056565322,-0.049908638,0.16933075
1425162208722,a,-0.6512229,0.11492168,9.921572
1425162208726,r,-0.051678397,-0.07434325,0.02883174
1425162208742,a,-0.9576807,0.30645782,9.883265
1425162208746,r,-0.04923494,-0.04379999,-0.05058074
1425162208762,a,-0.8810662,0.34476504,9.921572
1425162208765,r,-0.061452247,-0.018143646,-0.093341306
1425162208784,a,-0.6512229,0.15322891,9.921572
1425162208788,r,-0.056565322,-0.026695762,0.06548365
1425162208803,a,-0.5746084,0.19153613,9.844957
1425162208805,r,-0.05412186,-0.03280441,0.11679634
1425162208823,a,-0.11492168,0.076614454,9.883265
1425162208825,r,-0.06267397,-0.07189979,-0.02248094
1425162208842,a,0.076614454,0.11492168,9.883265
1425162208846,r,-0.038239367,-0.09877786,-0.1605365
1425162208863,a,-0.4213795,0.30645782,9.921572
1425162208873,r,-0.044348016,-0.053573832,-0.16297995
1425162208889,a,-0.2681506,0.19153613,9.844957
1425162208896,r,-0.05534359,0.0026257727,-0.03591998
1425162208906,a,-0.2681506,-0.11492168,10.0748005
1425162208910,r,-0.04679148,0.04049942,0.09358346
1425162208923,a,-0.076614454,0.19153613,9.883265
1425162208926,r,-0.045569748,0.17122458,0.0043971306
1425162208942,a,-0.2681506,0.076614454,9.653421
1425162208946,r,-0.057787053,-0.036469605,-0.028589593
1425162208962,a,-0.038307227,0.076614454,9.844957
1425162208965,r,-0.04679148,-0.31013724,-0.0053767134
1425162208983,a,0.11492168,0.11492168,10.266336
1425162208987,r,-0.04801321,-0.016921915,7.31939E-4
1425162209003,a,-0.076614454,0.11492168,9.883265
1425162209006,r,-0.057787053,0.20421131,0.009284053
1425162209025,a,-0.11492168,0.11492168,9.768343
1425162209028,r,-0.05412186,-0.11466035,0.0019536694
1425162209042,a,-0.038307227,0.11492168,9.921572
1425162209046,r,-0.051678397,-0.31868935,-0.009041905
1425162209063,a,0.076614454,0.11492168,10.189722
1425162209067,r,-0.05412186,0.17244631,7.31939E-4
1425162209083,a,-0.11492168,0.11492168,9.768343
1425162209087,r,-0.056565322,0.10158594,7.31939E-4
1425162209103,a,-0.076614454,0.11492168,9.80665
1425162209107,r,-0.038239367,-0.1647513,0.0043971306
1425162209126,a,0.038307227,0.11492168,10.113108
1425162209129,r,-0.04679148,-0.14520362,0.0031754
1425162209143,a,-0.038307227,0.11492168,9.959879
1425162209162,a,-0.076614454,0.11492168,9.768343
1425162209166,r,-0.04679148,0.15289862,0.005618861
1425162209170,r,-0.05412186,-0.019365378,7.31939E-4
1425162209182,a,0.0,0.11492168,9.959879
1425162209186,r,-0.056565322,-0.22339436,-0.0065984437
1425162209202,a,0.038307227,0.11492168,10.036493
1425162209207,r,-0.05534359,0.1516769,0.005618861
1425162209222,a,-0.076614454,0.11492168,9.80665
1425162209242,a,-0.076614454,0.11492168,9.768343
1425162209247,r,-0.040682822,0.0014040424,-0.0029332526
1425162209265,a,0.0,0.11492168,10.036493
1425162209276,r,-0.0394611,-0.1720817,-0.0053767134
1425162209287,r,-0.05534359,0.05149499,0.008062322
1425162209291,a,-0.076614454,0.11492168,9.768343
1425162209295,r,-0.051678397,0.011177886,0.0043971306
1425162209311,a,-0.076614454,0.076614454,9.80665
1425162209322,a,0.0,0.11492168,9.998186
1425162209325,r,-0.0394611,-0.15131228,7.31939E-4
1425162209343,a,-0.076614454,0.11492168,9.80665
1425162209346,r,-0.061452247,0.09547729,0.010505782
1425162209363,a,-0.038307227,0.11492168,9.921572
1425162209366,r,-0.050456673,-0.056017295,-0.0017115222
1425162209368,r,-0.050456673,-0.12199074,-0.0029332526
1425162209383,a,0.0,0.11492168,9.959879
1425162209386,r,-0.04679148,0.06615576,0.005618861
1425162209403,a,-0.076614454,0.11492168,9.80665
1425162209423,a,0.0,0.11492168,9.998186
1425162209426,r,-0.043126285,-0.09755613,7.31939E-4
1425162209445,a,-0.076614454,0.076614454,9.80665
1425162209449,r,-0.056565322,0.042942878,0.0043971306
1425162209462,a,-0.038307227,0.11492168,9.883265
1425162209465,r,-0.05534359,-0.042578258,0.0019536694
1425162209484,a,0.076614454,0.11492168,10.228029
1425162209487,r,-0.050456673,-0.07556498,0.0043971306
1425162209502,a,-0.5746084,0.22984336,9.653421
1425162209505,r,-0.045569748,0.50231355,0.016614435
1425162209522,a,-0.5746084,0.11492168,9.844957
1425162209526,r,-0.051678397,-0.10610824,-0.1605365
1425162209542,a,-0.6512229,0.11492168,9.921572
1425162209545,r,-0.051678397,-0.2844809,-0.26804876
1425162209566,a,-0.5363012,0.11492168,10.036493
1425162209570,r,-0.04923494,-0.14398189,-0.28637472
1425162209582,a,0.076614454,0.11492168,9.844957
1425162209585,r,-0.056565322,-0.018143646,-0.2656053
1425162209602,a,0.076614454,0.19153613,9.883265
1425162209611,r,-0.04923494,0.0014040424,-0.17886245
1425162209625,a,-0.4213795,0.2681506,9.921572
1425162209630,r,-0.05412186,-0.02913922,-0.15442784
1425162209649,a,-0.9959879,0.4213795,9.921572
1425162209654,r,-0.04923494,0.027060382,-0.42320853
1425162209666,a,-0.842759,0.4213795,9.844957
1425162209670,r,-0.051678397,0.04416461,-0.74941057
1425162209678,r,-0.045569748,0.030725572,-0.8776923
1425162209684,a,-0.49799395,0.30645782,9.883265
1425162209702,a,-0.45968673,0.2681506,9.883265
1425162209706,r,-0.0394611,0.012399617,-0.97665244
1425162209722,a,-0.6512229,0.2681506,9.883265
1425162209727,r,-0.035795905,-0.019365378,-1.0890517
1425162209742,a,-0.6895301,0.19153613,9.883265
1425162209747,r,-0.045569748,0.016064808,-1.2063378
1425162209769,a,-0.7278373,0.11492168,9.921572
1425162209772,r,-0.0394611,0.0087344255,-1.2771982
1425162209785,a,-0.6895301,-0.038307227,9.883265
1425162209791,r,-0.041904554,0.029503845,-1.2222203
1425162209809,a,-0.49799395,-0.15322891,9.883265
1425162209813,r,-0.045569748,0.0087344255,-1.0071957
1425162209822,a,-0.15322891,-0.038307227,9.844957
1425162209825,r,-0.03213071,-0.0242523,-0.8813575
1425162209842,a,-0.38307226,0.15322891,9.883265
1425162209846,r,-0.041904554,-0.04379999,-0.8251579
1425162209871,a,-0.4213795,0.30645782,9.883265
1425162209875,r,-0.034574173,-0.05113037,-0.9167876
1425162209890,a,-1.0726024,0.38307226,9.883265
1425162209896,r,-0.033352442,-0.062125944,-0.9265615
1425162209909,a,-1.0726024,0.2681506,9.883265
1425162209912,r,-0.043126285,-0.048686907,-0.9302267
1425162209922,a,-0.91937345,0.19153613,9.921572
1425162209925,r,-0.041904554,-0.02791749,-0.9974219
1425162209942,a,-0.5363012,0.34476504,9.883265
1425162209945,r,-0.033352442,0.0478298,-1.0475129
1425162209964,a,-0.45968673,0.38307226,9.80665
1425162209967,r,-0.044348016,-0.02547403,-1.1134863
1425162209983,a,0.038307227,-0.076614454,9.844957
1425162209986,r,-0.0235786,-0.063347675,-1.1281471
1425162210002,a,-0.34476504,-0.038307227,9.883265
1425162210005,r,-0.034574173,-0.08167363,-1.0768344
1425162210022,a,-0.49799395,0.038307227,9.959879
1425162210026,r,-0.037017636,1.8231105E-4,-0.94244397
1425162210042,a,-0.6512229,0.22984336,9.883265
1425162210046,r,-0.044348016,0.039277688,-0.7921711
1425162210067,a,-0.34476504,0.38307226,9.844957
1425162210073,r,-0.034574173,-0.057239026,-0.8996834
1425162210076,r,-0.037017636,-0.10366478,-1.0829431
1425162210086,a,-0.19153613,0.19153613,9.883265
1425162210093,r,-0.0394611,-0.17452516,-1.0743909
1425162210103,a,-0.45968673,0.15322891,9.883265
1425162210122,a,-0.6895301,0.076614454,9.921572
1425162210132,r,-0.043126285,-0.14153843,-0.9461092
1425162210142,a,-0.5363012,0.15322891,9.998186
1425162210153,r,-0.040682822,-0.11832555,-0.95710474
1425162210162,a,-0.61291564,0.076614454,9.921572
1425162210173,r,-0.038239367,-0.0047046104,-1.069504
1425162210177,r,-0.037017636,0.038055956,-1.1305906
1425162210183,a,-0.30645782,0.2681506,9.883265
1425162210202,a,0.19153613,0.34476504,9.80665
1425162210212,r,-0.04801321,0.036834225,-1.1745728
1425162210222,a,-0.2681506,0.45968673,9.768343
1425162210233,r,-0.043126285,-0.042578258,-1.2271073
1425162210242,a,-0.6895301,0.4213795,9.844957
1425162210252,r,-0.033352442,-0.18796419,-1.3798236
1425162210262,a,-0.45968673,0.30645782,9.921572
1425162210272,r,-0.034574173,-0.14153843,-1.3847104
1425162210282,a,0.0,0.19153613,9.959879
1425162210292,r,-0.038239367,-0.056017295,-1.2857503
1425162210302,a,0.2681506,0.38307226,9.80665
1425162210312,r,-0.040682822,-0.0242523,-1.241768
1425162210322,a,-0.22984336,0.15322891,9.844957
1425162210337,r,-0.038239367,-0.049908638,-1.2368811
1425162210342,a,-0.49799395,-0.038307227,9.883265
1425162210356,r,-0.0394611,-0.06701287,-1.2527636
1425162210362,a,-0.22984336,-0.11492168,9.959879
1425162210383,a,0.0,0.15322891,9.883265
1425162210389,r,-0.040682822,-0.014478455,-1.1904553
1425162210395,r,-0.040682822,-0.07312152,-1.2771982
1425162210411,a,0.34476504,0.2681506,9.844957
1425162210416,r,-0.035795905,-0.02547403,-1.1293688
1425162210433,a,0.38307226,0.19153613,9.844957
1425162210437,r,-0.05534359,-0.13542977,-1.1366992
1425162210452,a,0.0,0.19153613,9.844957
1425162210456,r,-0.05534359,-0.1244342,-1.246655
1425162210483,a,0.0,0.2681506,9.883265
1425162210488,r,-0.037017636,-0.087782286,-1.2332159
1425162210495,r,-0.05534359,-0.07434325,-1.169686
1425162210506,r,-0.06511743,-0.04379999,-1.169686
1425162210512,a,0.15322891,0.22984336,9.883265
1425162210523,r,-0.061452247,-0.0242523,-1.2222203
1425162210542,a,-0.30645782,0.34476504,9.844957
1425162210545,r,-0.0394611,-0.0523521,-1.1489165
1425162210562,a,-0.15322891,0.4213795,9.883265
1425162210567,r,-0.057787053,-0.05846075,-1.0633954
1425162210584,a,0.076614454,0.5746084,9.80665
1425162210587,r,-0.057787053,-0.109773435,-1.0976038
1425162210603,a,-0.038307227,0.45968673,9.959879
1425162210608,r,-0.06511743,0.007512694,-1.1819032
1425162210625,a,0.038307227,0.22984336,9.883265
1425162210628,r,-0.04801321,-0.086560555,-1.2307725
1425162210644,a,-0.2681506,0.038307227,9.921572
1425162210649,r,-0.050456673,-0.02547403,-1.2234421
1425162210662,a,-0.49799395,-0.076614454,9.883265
1425162210666,r,-0.043126285,-0.063347675,-1.1428078
1425162210682,a,-0.2681506,-0.11492168,9.844957
1425162210685,r,-0.04923494,-0.12199074,-1.0548433
1425162210705,a,-0.34476504,-0.19153613,9.883265
1425162210708,r,-0.057787053,-0.15742092,-0.9913132
1425162210722,a,-0.38307226,0.0,9.883265
1425162210725,r,-0.0638957,-0.1769686,-0.90701383
1425162210742,a,0.19153613,0.34476504,9.883265
1425162210745,r,-0.04679148,-0.11343862,-1.0267434
1425162210762,a,0.19153613,0.5746084,9.921572
1425162210782,a,0.0,0.30645782,9.883265
1425162210787,r,-0.066339165,0.02217346,-1.1024908
1425162210792,r,-0.04923494,0.014843077,-1.2173334
1425162210810,a,-0.038307227,-0.15322891,9.883265
1425162210814,r,-0.052900128,-0.009591532,-1.0914952
1425162210826,a,0.19153613,-0.076614454,9.883265
1425162210832,r,-0.051678397,0.012399617,-0.99253494
1425162210845,a,0.4213795,0.11492168,9.844957
1425162210862,a,0.6895301,0.7278373,9.844957
1425162210865,r,-0.060230516,-0.07800844,-1.0035306
1425162210883,a,0.30645782,0.6895301,9.844957
1425162210892,r,-0.0638957,-0.20751187,-1.1599121
1425162210897,r,-0.060230516,-0.25393763,-1.201451
1425162210903,a,-0.19153613,0.30645782,9.959879
1425162210922,a,-0.2681506,0.4213795,9.883265
1425162210925,r,-0.061452247,-0.117103815,-1.1403644
1425162210942,a,0.34476504,-0.11492168,9.921572
1425162210945,r,-0.057787053,-0.092669204,-1.1354774
1425162210962,a,0.38307226,-0.22984336,9.883265
1425162210968,r,-0.059008785,-0.092669204,-1.101269
1425162210984,a,0.22984336,-0.076614454,9.883265
1425162210989,r,-0.06267397,-0.11954728,-1.0035306
1425162210992,r,-0.06878263,-0.10732997,-0.97787416
1425162211008,a,0.6895301,0.22984336,9.883265
1425162211024,a,0.5746084,0.34476504,9.844957
1425162211028,r,-0.082221664,-0.031582683,-0.8630315
1425162211046,a,0.38307226,0.38307226,9.921572
1425162211057,r,-0.0638957,-0.04746518,-0.69198924
1425162211070,a,0.5363012,0.5363012,9.844957
1425162211073,r,-0.06511743,-0.012034993,-0.49773407
1425162211082,a,-0.076614454,0.0,9.921572
1425162211087,r,-0.06511743,-0.05113037,-0.47207776
1425162211102,a,0.4213795,0.11492168,9.80665
1425162211106,r,-0.06267397,0.0014040424,-0.41465643
1425162211125,a,0.6512229,-0.038307227,9.883265
1425162211128,r,-0.066339165,0.011177886,-0.39266527
1425162211142,a,0.6512229,0.076614454,9.80665
1425162211145,r,-0.06511743,-0.0047046104,-0.31203106
1425162211162,a,0.2681506,0.2681506,9.921572
1425162211165,r,-0.0638957,-0.15742092,-0.18252765
1425162211182,a,-0.076614454,0.038307227,9.883265
1425162211186,r,-0.056565322,-0.1329863,-0.24605761
1425162211202,a,0.038307227,0.0,9.921572
1425162211207,r,-0.060230516,-0.069456324,-0.35967854
1425162211226,a,0.30645782,0.2681506,9.844957
1425162211230,r,-0.056565322,0.009956155,-0.3816697
1425162211242,a,0.49799395,0.5746084,9.883265
1425162211247,r,-0.06511743,-0.021808837,-0.34868297
1425162211262,a,0.7661445,0.6512229,9.883265
1425162211266,r,-0.057787053,0.01728654,-0.20329706
1425162211282,a,0.7661445,0.6895301,9.883265
1425162211285,r,-0.060230516,0.15534209,-0.011485366
1425162211302,a,0.49799395,0.38307226,9.921572
1425162211307,r,-0.04923494,0.31416705,-0.045693822
1425162211327,a,0.91937345,0.49799395,9.500193
1425162211331,r,-0.06267397,0.49742663,0.06426193
1425162211342,a,0.80445176,0.4213795,9.883265
1425162211346,r,-0.060230516,-0.33457184,0.09358346
1425162211362,a,0.8810662,0.61291564,10.036493
1425162211366,r,-0.061452247,-0.54593116,-0.16542341
1425162211382,a,1.2641385,0.6895301,10.457873
1425162211387,r,-0.0675609,0.72100335,-0.20329706
1425162211402,a,1.0726024,0.45968673,9.002198
1425162211407,r,-0.07000436,0.8761631,-0.22406648
1425162211422,a,0.19153613,-0.076614454,10.534488
1425162211426,r,-0.043126285,-0.9283328,-0.08967611
1425162211446,a,0.2681506,0.038307227,10.419566
1425162211450,r,-0.04679148,0.17122458,0.0031754
1425162211462,a,-0.19153613,0.0,9.461885
1425162211466,r,-0.073669545,0.6354822,0.022723088
1425162211482,a,0.15322891,0.0,10.342952
1425162211487,r,-0.052900128,-0.7389646,-0.024924401
1425162211502,a,0.2681506,0.0,10.381259
1425162211507,r,-0.04679148,-0.38588452,-0.0065984437
1425162211522,a,-0.11492168,0.038307227,9.730036
1425162211525,r,-0.06267397,0.6965687,0.02638828
1425162211546,a,-0.22984336,0.0,9.155427
1425162211549,r,-0.050456673,-0.31013724,-4.897914E-4
1425162211562,a,0.22984336,0.038307227,10.342952
1425162211565,r,-0.050456673,-0.44819278,-0.004154983
1425162211582,a,-0.076614454,0.0,9.844957
1425162211588,r,-0.060230516,0.56950873,0.017836165
1425162211608,a,-0.19153613,0.0,9.270349
1425162211614,r,-0.04801321,0.121133626,0.0043971306
1425162211622,a,0.038307227,0.0,10.0748005
1425162211627,r,-0.052900128,-0.5593702,-0.0065984437
1425162211643,a,0.0,0.038307227,9.883265
1425162211646,r,-0.052900128,0.33860165,0.015392705
1425162211668,a,-0.15322891,0.038307227,9.346964
1425162211671,r,-0.04801321,0.17733324,0.010505782
1425162211683,a,0.0,0.0,9.921572
1425162211688,r,-0.052900128,-0.47995776,-0.004154983
1425162211702,a,0.15322891,0.0,10.228029
1425162211707,r,-0.050456673,-0.016921915,0.008062322
1425162211722,a,-0.15322891,0.076614454,9.500193
1425162211727,r,-0.051678397,0.332493,0.0141709745
1425162211747,a,-0.038307227,-0.038307227,9.80665
1425162211751,r,-0.052900128,-0.30280685,-0.0029332526
1425162211763,a,0.15322891,0.0,10.189722
1425162211768,r,-0.052900128,-0.17452516,-0.0017115222
1425162211783,a,0.076614454,0.038307227,10.036493
1425162211788,r,-0.056565322,0.31416705,0.0043971306
1425162211802,a,-0.076614454,0.038307227,9.691729
1425162211807,r,-0.05534359,-0.0083698025,7.31939E-4
1425162211822,a,0.076614454,0.0,10.036493
1425162211829,r,-0.061452247,-0.33945876,-0.0065984437
1425162211847,a,0.076614454,0.038307227,10.0748005
1425162211852,r,-0.052900128,0.18588534,0.009284053
1425162211864,a,-0.076614454,0.038307227,9.730036
1425162211866,r,-0.05412186,0.11013805,-0.0017115222
1425162211882,a,0.038307227,0.038307227,9.921572
1425162211886,r,-0.05534359,-0.28692436,-0.009041905
1425162211902,a,0.11492168,0.0,10.151415
1425162211905,r,-0.045569748,-0.115882084,7.31939E-4
1425162211922,a,0.038307227,0.0,9.844957
1425162211927,r,-0.061452247,0.21154168,0.005618861
1425162211952,a,0.0,0.0,9.844957
1425162211955,r,-0.04923494,-0.11954728,-0.004154983
1425162211973,a,0.076614454,0.038307227,10.0748005
1425162211976,r,-0.052900128,-0.19529457,0.0031754
1425162211993,a,-0.076614454,0.0,9.691729
1425162211995,r,-0.04801321,0.17488977,0.008062322
1425162212017,a,-0.038307227,0.0,9.844957
1425162212020,r,-0.052900128,0.0478298,0.0019536694
1425162212032,a,0.4213795,-0.038307227,10.266336
1425162212035,r,-0.060230516,-0.19162938,0.005618861
1425162212052,a,1.4556746,-0.38307226,9.653421
1425162212056,r,-0.05534359,0.31905398,0.02638828
1425162212082,a,0.80445176,-0.30645782,9.844957
1425162212087,r,-0.044348016,0.16389419,-0.5893639
1425162212091,r,-0.035795905,0.0881469,-1.427471
1425162212102,a,0.6512229,-0.038307227,9.80665
1425162212105,r,-0.019913409,0.05271672,-1.6730388
1425162212123,a,0.61291564,1.340753,9.80665
1425162212129,r,-0.0235786,-0.10366478,-1.8245335
1425162212143,a,0.842759,0.5363012,9.844957
1425162212146,r,-0.0052526407,-0.15009055,-2.2643564
1425162212176,a,1.3024458,0.45968673,9.844957
1425162212182,r,-0.019913409,-0.15375572,-3.0340466
1425162212186,a,1.532289,0.5746084,9.80665
1425162212199,r,-0.008917835,-0.21972919,-4.1494865
1425162212213,a,1.4939818,0.22984336,9.921572
1425162212218,r,0.006964663,-0.20140322,-4.9240637
1425162212228,a,1.4939818,0.038307227,9.883265
1425162212243,r,-0.010139562,-0.12321247,-5.692532
1425162212250,a,1.3790601,-0.11492168,9.844957
1425162212269,a,0.8810662,-0.11492168,9.883265
1425162212272,r,-0.0052526407,-0.10732997,-6.07249
1425162212275,r,-0.006474372,-0.037691336,-6.15679
1425162212289,a,0.30645782,1.1109096,9.883265
1425162212302,a,0.4213795,1.1492168,9.883265
1425162212306,r,0.008186394,-0.07556498,-6.1066985
1425162212310,r,0.0045212023,-0.07189979,-5.9478736
1425162212322,a,0.6512229,1.2641385,9.921572
1425162212327,r,-0.0028091818,0.062490564,-5.6766496
1425162212342,a,0.9959879,0.6895301,9.80665
1425162212348,r,0.017960237,0.023395192,-5.1097665
1425162212362,a,0.6512229,-0.038307227,9.768343
1425162212382,a,0.49799395,0.19153613,9.883265
1425162212386,r,0.003299471,-0.1647513,-4.6381783
1425162212402,a,0.038307227,0.5746084,9.998186
1425162212405,r,-0.0015874505,-0.19040765,-4.3571806
1425162212415,r,-0.017469946,-0.040134795,-4.0896215
1425162212432,a,0.0,0.34476504,9.844957
1425162212436,r,-0.0015874505,0.08203825,-3.7328765
1425162212457,a,0.61291564,0.45968673,9.80665
1425162212462,r,-0.006474372,-0.021808837,-3.5386214
1425162212476,a,0.0,1.1492168,9.959879
1425162212481,r,-0.0015874505,-0.07556498,-3.449435
1425162212497,a,0.34476504,0.6512229,9.883265
1425162212500,r,0.0020777415,0.01728654,-3.5984862
1425162212514,a,0.8810662,0.4213795,9.844957
1425162212517,r,0.011851585,-0.02547403,-3.6815639
1425162212532,a,0.9576807,0.4213795,9.844957
1425162212536,r,0.010629855,-0.11832555,-3.7658632
1425162212557,a,0.45968673,0.7661445,9.921572
1425162212560,r,-0.0028091818,-0.16108611,-3.894145
1425162212577,a,0.15322891,0.49799395,9.844957
1425162212582,r,0.015516777,-0.14520362,-4.2618856
1425162212607,a,0.30645782,0.49799395,9.921572
1425162212612,r,0.010629855,-0.15497746,-4.6601696
1425162212618,a,0.49799395,0.49799395,9.844957
1425162212620,r,0.016738508,-0.14642535,-4.8324337
1425162212632,a,0.30645782,-0.30645782,9.959879
1425162212635,r,-0.0028091818,-0.07189979,-4.6931562
1425162212654,a,0.15322891,-0.49799395,9.883265
1425162212658,r,0.0057429336,-0.0022611497,-4.3779497
1425162212671,a,0.2681506,-0.61291564,9.883265
1425162212674,r,0.013073316,-0.02791749,-4.1995773
1425162212691,a,0.49799395,-0.34476504,9.768343
1425162212693,r,0.0057429336,-0.18429899,-4.247225
1425162212712,a,0.4213795,-0.11492168,9.998186
1425162212714,r,-0.0052526407,-0.34190223,-4.2679944
1425162212735,a,-0.15322891,0.4213795,9.998186
1425162212742,r,-0.0052526407,-0.27348533,-4.264329
1425162212752,a,0.0,0.30645782,9.730036
1425162212762,r,-0.041904554,-0.16963823,-4.2973156
1425162212771,a,0.2681506,-0.2681506,9.921572
1425162212784,r,-0.040682822,-0.1280994,-4.474467
1425162212791,a,0.61291564,-0.34476504,9.883265
1425162212802,r,-0.015026484,-0.07800844,-4.5221143
1425162212811,a,0.30645782,-0.4213795,9.883265
1425162212822,r,-0.02846552,-0.16108611,-4.508675
1425162212835,a,0.2681506,-0.4213795,9.844957
1425162212842,r,-0.038239367,-0.12932113,-4.623518
1425162212854,a,0.7278373,-0.30645782,9.844957
1425162212863,r,-0.0394611,-0.09877786,-4.6956
1425162212880,a,0.842759,-0.076614454,9.959879
1425162212887,r,-0.03090898,-0.16108611,-4.6198525
1425162212893,a,0.80445176,-0.076614454,9.883265
1425162212903,r,-0.038239367,-0.015700184,-4.2985373
1425162212912,a,0.7661445,-0.30645782,9.80665
1425162212923,r,-0.04679148,-0.023030568,-3.934462
1425162212934,a,1.0726024,-0.2681506,9.883265
1425162212943,r,-0.043126285,-0.036469605,-3.616812
1425162212952,a,0.5363012,-0.30645782,9.844957
1425162212962,r,-0.034574173,-0.2576028,-3.626586
1425162212973,a,0.22984336,-0.038307227,9.844957
1425162212983,r,-0.04923494,-0.19162938,-3.7365417
1425162212992,a,0.4213795,0.22984336,9.883265
1425162213002,r,-0.060230516,-0.09999959,-3.6522422
1425162213012,a,0.45968673,0.30645782,10.036493
1425162213022,r,-0.045569748,0.09914248,-3.5410647
1425162213032,a,-0.11492168,-0.038307227,9.921572
1425162213042,r,-0.041904554,0.12602055,-3.2979405
1425162213052,a,0.076614454,0.15322891,9.959879
1425162213062,r,-0.0394611,0.16511592,-3.1647718
1425162213076,a,0.15322891,-0.2681506,9.959879
1425162213082,r,-0.019913409,0.17122458,-3.095133
1425162213092,a,0.15322891,-0.49799395,9.883265
1425162213103,r,0.003299471,0.19321573,-3.250293
1425162213112,a,-0.34476504,-0.34476504,10.036493
1425162213124,r,0.015516777,0.11013805,-3.3785746
1425162213132,a,-0.2681506,0.30645782,9.768343
1425162213143,r,0.02651235,0.14068131,-3.4482133
1425162213154,a,0.076614454,0.11492168,9.80665
1425162213163,r,0.04483831,0.07104268,-3.2625103
1425162213175,a,-0.038307227,-0.49799395,9.768343
1425162213193,a,-0.2681506,-0.19153613,9.80665
1425162213197,r,0.038729656,-0.09877786,-3.0719204
1425162213213,a,-0.5746084,-0.30645782,10.151415
1425162213216,r,0.031399272,-0.1684165,-3.0438204
1425162213221,r,0.028955812,-0.06579114,-2.9888427
1425162213232,a,-0.91937345,0.19153613,9.80665
1425162213237,r,0.019181969,0.02583865,-2.8654478
1425162213262,a,-0.34476504,0.80445176,9.844957
1425162213277,r,0.033842735,0.061268836,-2.9082084
1425162213284,a,-0.038307227,0.038307227,9.80665
1425162213297,r,0.039951388,-0.0804519,-2.8178003
1425162213304,a,-0.22984336,-0.22984336,9.959879
1425162213314,r,0.02651235,-0.25027245,-2.6638622
1425162213322,a,-0.45968673,0.15322891,9.921572
1425162213332,r,0.013073316,-0.21606399,-2.7054012
1425162213343,a,-0.19153613,0.15322891,9.80665
1425162213353,r,0.020403698,-0.22217263,-2.6773014
1425162213364,a,-0.34476504,0.22984336,9.921572
1425162213373,r,-0.010139562,-0.22583783,-2.511146
1425162213382,a,-0.4213795,0.30645782,9.921572
1425162213392,r,-0.006474372,-0.15619919,-2.415851
1425162213402,a,-0.19153613,0.30645782,9.844957
1425162213412,r,-0.018691678,-0.17574687,-2.3743122
1425162213426,a,-0.19153613,0.2681506,9.959879
1425162213432,r,-0.022356868,-0.1329863,-2.325443
1425162213443,a,-0.4213795,0.7661445,10.113108
1425162213452,r,-0.022356868,0.17488977,-2.1763918
1425162213462,a,-0.38307226,0.45968673,9.691729
1425162213473,r,-0.022356868,0.1883288,-1.8233117
1425162213482,a,0.45968673,0.61291564,9.80665
1425162213492,r,-0.015026484,-0.13787323,-1.7121342
1425162213501,a,0.2681506,0.5746084,9.844957
1425162213522,a,-0.076614454,0.30645782,9.844957
1425162213526,r,-0.019913409,-0.16719477,-1.7072474
1425162213529,r,-0.022356868,-0.1403167,-1.7011387
1425162213542,a,-0.61291564,0.11492168,9.921572
1425162213548,r,-0.03090898,-0.1085517,-1.4225842
1425162213562,a,-0.38307226,0.0,9.921572
1425162213565,r,-0.037017636,0.030725572,-1.3028545
1425162213582,a,-0.4213795,0.0,9.844957
1425162213585,r,-0.029687252,0.02095173,-1.3126284
1425162213602,a,-0.34476504,-0.38307226,9.730036
1425162213609,r,-0.03090898,-0.16230784,-1.4604578
1425162213625,a,-0.15322891,-0.5746084,9.883265
1425162213628,r,-0.022356868,-0.1806338,-1.5337616
1425162213643,a,-0.22984336,-0.34476504,9.959879
1425162213646,r,-0.0394611,-0.22950302,-1.4946662
1425162213662,a,-0.038307227,-0.2681506,9.921572
1425162213665,r,-0.034574173,-0.13420804,-1.4519056
1425162213682,a,0.30645782,-0.038307227,9.80665
1425162213685,r,-0.041904554,-0.19162938,-1.7390124
1425162213702,a,1.1109096,0.34476504,10.151415
1425162213707,r,-0.050456673,-0.3724455,-2.0371146
1425162213723,a,1.3024458,1.5705963,10.228029
1425162213728,r,-0.057787053,0.42656624,-2.1006446
1425162213746,a,0.4213795,0.34476504,10.6877165
1425162213753,r,-0.006474372,1.1363916,-2.1739483
1425162213766,a,-0.842759,0.34476504,9.80665
1425162213769,r,0.060720805,0.59272164,-2.3181126
1425162213782,a,-1.3790601,0.9576807,10.764331
1425162213788,r,0.030177543,-3.1176739,-2.3523211
1425162213803,a,-1.5705963,0.6512229,11.568783
1425162213822,a,-1.685518,0.80445176,11.645397
1425162213825,r,-0.10421281,-0.3199111,-2.2680216
1425162213828,r,-0.082221664,2.811384,-2.1507356
1425162213842,a,-1.0342951,0.842759,8.925584
1425162213846,r,0.035064466,0.50109184,-2.0505536
1425162213862,a,-1.6089035,0.5363012,11.070788
1425162213867,r,0.008186394,-2.7352724,-2.0456667
1425162213882,a,-1.7621324,0.34476504,11.224017
1425162213902,a,-1.4173675,0.6512229,11.60709
1425162213907,r,-0.10054762,0.191994,-1.9479282
1425162213922,a,-0.6512229,0.5746084,8.0445175
1425162213926,r,-0.018691678,2.1650887,-1.6889213
1425162213932,r,0.008186394,-0.25393763,-1.5606396
1425162213945,a,-1.2641385,-0.6895301,11.645397
1425162213949,r,-0.02480033,-2.2844539,-1.4971097
1425162213964,a,-0.5746084,-0.49799395,10.764331
1425162213982,a,-0.30645782,0.076614454,10.764331
1425162213985,r,-0.0675609,0.9604625,-0.88746613
1425162214002,a,-0.842759,0.0,7.8912888
1425162214006,r,-0.037017636,1.2182477,-0.3108093
1425162214022,a,0.22984336,0.0,11.109096
1425162214026,r,-0.05534359,-1.4891071,-0.26804876
1425162214029,r,-0.041904554,-1.3046259,-0.037141703
1425162214042,a,0.45968673,-0.076614454,10.6877165
1425162214062,a,-0.2681506,0.076614454,9.730036
1425162214065,r,-0.050456673,1.3440859,0.037383854
1425162214083,a,-0.4213795,0.22984336,8.274361
1425162214089,r,-0.05534359,0.44122702,0.010505782
1425162214102,a,0.45968673,-0.11492168,10.764331
1425162214105,r,-0.0235786,-1.5062114,-0.032254785
1425162214122,a,0.19153613,0.11492168,10.534488
1425162214125,r,-0.045569748,0.21887207,0.0043971306
1425162214142,a,-0.4213795,0.15322891,8.887277
1425162214146,r,-0.07611301,1.3367555,0.047157697
1425162214165,a,-0.34476504,0.0,9.078813
1425162214170,r,-0.057787053,-0.388328,-0.0065984437
1425162214182,a,0.34476504,0.038307227,10.572795
1425162214186,r,-0.052900128,-1.0395103,-0.033476517
1425162214202,a,-0.15322891,0.038307227,9.653421
1425162214205,r,-0.052900128,0.9384714,0.037383854
1425162214222,a,-0.4213795,0.076614454,8.848969
1425162214227,r,-0.05534359,0.25552398,0.008062322
1425162214243,a,-0.7278373,0.19153613,10.534488
1425162214248,r,-0.040682822,-0.6387827,-0.109223805
1425162214265,a,-2.4516625,0.6895301,9.193734
1425162214271,r,-0.060230516,0.6904601,-0.53316426
1425162214282,a,-1.2641385,0.5746084,9.385271
1425162214287,r,-0.022356868,0.44611394,-0.89235306
1425162214302,a,0.15322891,0.0,9.730036
1425162214305,r,-0.037017636,-0.31624588,-0.53560776
1425162214322,a,0.61291564,-0.15322891,10.189722
1425162214327,r,-0.04801321,-0.1366515,-0.23506205
1425162214343,a,1.6089035,-0.7278373,10.572795
1425162214347,r,-0.038239367,-0.5984656,-0.15442784
1425162214364,a,0.49799395,0.22984336,9.844957
1425162214367,r,-0.051678397,-0.23316821,-0.1214411
1425162214387,a,1.0342951,-0.076614454,9.844957
1425162214391,r,-0.043126285,-0.069456324,-0.44886488
1425162214402,a,1.1492168,-0.19153613,9.844957
1425162214406,r,-0.045569748,-0.010813263,-0.9033486
1425162214422,a,0.076614454,0.0,9.844957
1425162214425,r,-0.043126285,0.02583865,-1.0682822
1425162214442,a,-0.11492168,0.11492168,9.921572
1425162214447,r,-0.044348016,0.0026257727,-1.0096393
1425162214465,a,-0.076614454,0.11492168,9.844957
1425162214467,r,-0.041904554,-0.062125944,-0.95954823
1425162214482,a,-0.038307227,0.0,9.883265
1425162214486,r,-0.043126285,-0.069456324,-1.0792779
1425162214502,a,0.11492168,0.038307227,9.921572
1425162214505,r,-0.038239367,-0.053573832,-1.1843467
1425162214522,a,0.11492168,-0.038307227,9.883265
1425162214525,r,-0.034574173,-0.06701287,-1.2344376
1425162214542,a,0.22984336,-0.038307227,9.883265
1425162214547,r,-0.04801321,-0.07556498,-1.318737
1425162214562,a,0.076614454,-0.19153613,9.883265
1425162214565,r,-0.04801321,-0.05846075,-1.4751185
1425162214582,a,-0.19153613,-0.038307227,9.883265
1425162214586,r,-0.033352442,-0.09511267,-1.2686461
1425162214602,a,-0.11492168,0.11492168,9.883265
1425162214615,r,-0.041904554,-0.117103815,-1.201451
1425162214622,a,0.19153613,-0.19153613,9.883265
1425162214633,r,-0.04679148,-0.09755613,-1.1867901
1425162214639,r,-0.04679148,-0.08167363,-1.1024908
1425162214642,a,0.15322891,-0.2681506,9.883265
1425162214654,r,-0.059008785,-0.069456324,-0.9497744
1425162214665,a,-0.30645782,0.076614454,9.883265
1425162214682,a,0.0,0.076614454,9.921572
1425162214692,r,-0.051678397,-0.06579114,-1.0120827
1425162214702,a,-0.15322891,-0.15322891,9.883265
1425162214716,r,-0.059008785,-0.0523521,-1.0487345
1425162214725,a,-0.38307226,-0.076614454,9.883265
1425162214737,r,-0.050456673,-0.04379999,-0.8630315
1425162214743,r,-0.05534359,-0.069456324,-0.66877633
1425162214749,a,-0.19153613,-0.038307227,9.921572
1425162214763,a,-0.30645782,-0.11492168,9.883265
1425162214772,r,-0.057787053,-0.026695762,-0.5258339
1425162214784,a,-0.49799395,0.038307227,9.921572
1425162214792,r,-0.05534359,-0.02913922,-0.22773167
1425162214802,a,-0.22984336,0.22984336,9.883265
1425162214812,r,-0.056565322,-0.063347675,-0.13976707
1425162214832,r,-0.05534359,-0.05113037,-0.093341306
1425162214842,a,0.0,0.076614454,9.883265
1425162214852,r,-0.057787053,-0.045021717,-0.046915554
1425162214862,a,0.15322891,0.038307227,9.883265
1425162214872,r,-0.04923494,-0.037691336,-0.05913285
1425162214889,a,0.076614454,0.038307227,9.921572
1425162214894,r,-0.05534359,-0.031582683,-0.062798046
1425162214906,a,0.038307227,0.0,9.883265
1425162214912,r,-0.052900128,-0.023030568,-0.0065984437
1425162214922,a,0.15322891,0.0,9.883265
1425162214934,r,-0.06511743,-0.018143646,-0.009041905
1425162214942,a,0.15322891,-0.038307227,9.883265
1425162214953,r,-0.059008785,-0.013256724,-0.04447209
1425162214962,a,0.038307227,0.0,9.883265
1425162214972,r,-0.05412186,-0.037691336,-0.037141703
1425162214986,a,0.15322891,-0.15322891,9.883265
1425162214992,r,-0.06511743,-0.049908638,-0.009041905
1425162215004,a,0.076614454,-0.076614454,9.921572
1425162215013,r,-0.04923494,-0.056017295,-0.004154983
1425162215022,a,0.11492168,-0.15322891,9.883265
1425162215035,r,-0.04801321,-0.054795563,-0.02248094
1425162215041,a,0.0,-0.076614454,9.883265
1425162215052,r,-0.045569748,-0.045021717,0.010505782
1425162215062,a,-0.038307227,-0.11492168,9.921572
1425162215073,r,-0.0638957,0.02217346,0.045935966
1425162215083,a,-0.038307227,-0.30645782,9.883265
1425162215093,r,-0.044348016,-0.035247874,0.05815327
1425162215107,a,0.0,-0.38307226,9.921572
1425162215113,r,-0.057787053,0.057603642,0.037383854
1425162215126,a,-0.15322891,-0.5746084,9.883265
1425162215137,r,-0.061452247,0.056381915,-0.07379362
1425162215142,a,-0.2681506,-0.5363012,9.921572
1425162215155,r,-0.06511743,0.042942878,-0.14831918
1425162215172,a,0.038307227,-0.2681506,9.883265
1425162215175,r,-0.060230516,0.0026257727,-0.1971884
1425162215192,a,0.11492168,-0.15322891,9.883265
1425162215195,r,-0.04923494,-0.0034828791,-0.19963187
1425162215212,a,0.11492168,0.038307227,9.883265
1425162215217,r,-0.050456673,-0.030360952,-0.123884566
1425162215233,a,0.038307227,0.15322891,9.921572
1425162215236,r,-0.061452247,-0.0034828791,0.039827317
1425162215256,a,0.11492168,0.2681506,9.844957
1425162215260,r,-0.051678397,-0.0059263417,0.06548365
1425162215272,a,-0.15322891,0.34476504,9.921572
1425162215276,r,-0.04679148,-0.06701287,0.059375003
1425162215302,a,-0.15322891,0.038307227,9.883265
1425162215305,r,-0.05534359,-0.040134795,0.08014442
1425162215308,r,-0.051678397,-0.0242523,0.07892269
1425162215322,a,-0.15322891,-0.15322891,9.883265
1425162215342,a,-0.076614454,-0.19153613,9.844957
1425162215345,r,-0.051678397,-0.070678055,0.08869654
1425162215348,r,-0.0394611,-0.09755613,0.047157697
1425162215362,a,-0.15322891,0.038307227,9.883265
1425162215365,r,-0.040682822,-0.11221689,-0.016372288
1425162215382,a,-0.15322891,0.076614454,9.883265
1425162215387,r,-0.043126285,-0.11343862,-0.055467665
1425162215402,a,-0.038307227,0.19153613,9.921572
1425162215422,a,-0.11492168,0.038307227,9.883265
1425162215425,r,-0.056565322,-0.049908638,-0.011485366
1425162215442,a,0.038307227,0.038307227,9.844957
1425162215445,r,-0.05412186,-0.064569406,-0.027367862
1425162215448,r,-0.060230516,-0.03280441,-0.04325036
1425162215462,a,0.11492168,-0.038307227,9.883265
1425162215465,r,-0.04801321,-0.086560555,0.054488078
1425162215482,a,0.076614454,0.038307227,9.883265
1425162215502,a,0.11492168,0.0,9.883265
1425162215512,r,-0.045569748,-0.0804519,0.14978306
1425162215516,r,-0.057787053,-0.0963344,0.17421766
1425162215532,a,-0.076614454,-0.038307227,9.883265
1425162215536,r,-0.056565322,-0.07678671,0.114352874
1425162215553,a,-0.11492168,-0.076614454,9.883265
1425162215556,r,-0.060230516,-0.0804519,0.11313114
1425162215582,a,-0.038307227,0.0,9.883265
1425162215586,r,-0.0394611,-0.09999959,0.17177421
1425162215603,a,-0.15322891,0.038307227,9.883265
1425162215606,r,-0.051678397,-0.07434325,0.12534845
1425162215634,a,-0.19153613,-0.076614454,9.883265
1425162215638,r,-0.05412186,0.0478298,0.07281404
1425162215642,r,-0.059008785,0.055160183,0.0141709745
1425162215653,a,-0.076614454,-0.2681506,9.883265
1425162215656,r,-0.04801321,0.02583865,0.02638828
1425162215672,a,-0.22984336,-0.19153613,9.921572
1425162215677,r,-0.05534359,-0.020587109,0.05815327
1425162215702,a,-0.038307227,0.0,9.883265
1425162215707,r,-0.05412186,-0.007148071,0.09847038
1425162215726,a,0.0,-0.076614454,9.883265
1425162215731,r,-0.052900128,0.05271672,0.12412672
1425162215742,a,0.2681506,0.0,9.883265
1425162215747,r,-0.037017636,0.012399617,0.21697824
1425162215762,a,-0.22984336,-0.19153613,9.883265
1425162215765,r,-0.0394611,0.0026257727,0.24141283
1425162215782,a,-0.30645782,-0.038307227,9.959879
1425162215785,r,-0.05534359,-0.035247874,0.28417343
1425162215802,a,-0.22984336,-0.15322891,9.80665
1425162215805,r,-0.040682822,0.04049942,0.14856133
1425162215822,a,-0.2681506,-0.30645782,9.959879
1425162215825,r,-0.056565322,-0.019365378,0.09602692
1425162215842,a,-0.038307227,0.038307227,9.883265
1425162215847,r,-0.052900128,-0.063347675,0.115574606
1425162215863,a,-0.076614454,-0.076614454,9.883265
1425162215867,r,-0.056565322,-0.038913064,0.107022494
1425162215884,a,0.11492168,-0.038307227,9.883265
1425162215889,r,-0.052900128,-0.086560555,0.17299594
1425162215902,a,0.0,0.076614454,9.883265
1425162215907,r,-0.04801321,-0.05968248,0.115574606
1425162215923,a,0.30645782,0.19153613,9.883265
1425162215926,r,-0.052900128,-0.063347675,0.07159231
1425162215946,a,0.19153613,0.15322891,9.883265
1425162215949,r,-0.04923494,-0.109773435,-0.004154983
1425162215962,r,-0.050456673,-0.064569406,-0.08234573
1425162215966,a,-0.038307227,0.11492168,9.921572
1425162215982,a,0.0,0.0,9.921572
1425162215985,r,-0.059008785,0.02095173,-0.16786687
1425162216002,a,0.11492168,-0.19153613,9.883265
1425162216005,r,-0.05534359,-0.013256724,-0.22162302
1425162216022,a,-0.076614454,0.0,9.921572
1425162216025,r,-0.056565322,-0.0059263417,-0.20329706
1425162216045,a,-0.15322891,0.0,9.883265
1425162216048,r,-0.056565322,-0.040134795,-0.3095876
1425162216062,a,-0.15322891,-0.038307227,9.844957
1425162216066,r,-0.05534359,-0.045021717,-0.30592242
1425162216083,a,0.076614454,0.0,9.883265
1425162216086,r,-0.059008785,-0.041356526,-0.33890912
1425162216102,a,0.22984336,0.19153613,9.921572
1425162216108,r,-0.057787053,-0.046243448,-0.3450178
1425162216124,a,0.0,0.038307227,9.80665
1425162216127,r,-0.052900128,-0.0804519,-0.30347896
1425162216147,a,-0.038307227,-0.11492168,9.921572
1425162216150,r,-0.061452247,-0.08533882,-0.3535699
1425162216166,a,-0.34476504,-0.038307227,9.883265
1425162216169,r,-0.04679148,-0.10122132,-0.31203106
1425162216182,a,-0.2681506,0.038307227,9.998186
1425162216184,r,-0.061452247,-0.035247874,-0.3095876
1425162216202,a,-0.19153613,-0.038307227,9.80665
1425162216204,r,-0.05534359,0.028282113,-0.2814878
1425162216222,a,0.19153613,-0.038307227,9.921572
1425162216225,r,-0.05412186,0.031947304,-0.20207533
1425162216241,a,0.076614454,0.0,9.883265
1425162216244,r,-0.051678397,-0.02913922,-0.08723266
1425162216262,a,-0.19153613,-0.15322891,9.921572
1425162216264,r,-0.060230516,-0.049908638,-4.897914E-4
1425162216281,a,-0.038307227,-0.11492168,9.921572
1425162216284,r,-0.052900128,0.04049942,0.14611787
1425162216301,a,-0.2681506,-0.15322891,9.959879
1425162216304,r,-0.04923494,0.09914248,0.23774765
1425162216322,a,-0.038307227,-0.11492168,9.883265
1425162216325,r,-0.052900128,0.10036421,0.27195612
1425162216342,a,0.0,-0.076614454,9.844957
1425162216345,r,-0.050456673,0.14312477,0.24141283
1425162216365,a,0.19153613,-0.11492168,9.844957
1425162216369,r,-0.059008785,0.121133626,0.30494285
1425162216387,a,0.2681506,-0.15322891,9.883265
1425162216390,r,-0.05412186,0.038055956,0.4026813
1425162216403,a,-0.038307227,-0.22984336,9.921572
1425162216406,r,-0.052900128,-0.038913064,0.34281647
1425162216422,a,0.038307227,-0.038307227,9.883265
1425162216427,r,-0.038239367,-0.0047046104,0.21331304
1425162216442,a,0.15322891,0.0,9.883265
1425162216448,r,-0.05534359,-0.0523521,0.16077863
1425162216466,a,0.34476504,0.11492168,9.883265
1425162216471,r,-0.0638957,0.012399617,-0.004154983
1425162216483,a,0.4213795,0.15322891,9.768343
1425162216489,r,-0.051678397,0.046608068,-0.011485366
1425162216502,a,0.22984336,0.15322891,9.959879
1425162216509,r,-0.051678397,0.0087344255,-0.054245934
1425162216534,a,-0.038307227,-0.2681506,9.921572
1425162216537,r,-0.05534359,0.089368634,-0.17886245
1425162216553,a,0.0,-0.38307226,9.844957
1425162216556,r,-0.04923494,0.058825374,-0.14831918
1425162216573,a,0.2681506,-0.22984336,9.844957
1425162216576,r,-0.04801321,0.030725572,-0.07501535
1425162216594,a,0.4213795,0.11492168,9.80665
1425162216597,r,-0.04679148,-0.1329863,0.21942168
1425162216613,a,0.49799395,0.2681506,9.921572
1425162216616,r,-0.052900128,-0.2490507,0.4393332
1425162216632,a,0.6512229,0.076614454,9.844957
1425162216636,r,-0.044348016,-0.29791993,0.23774765
1425162216652,a,0.38307226,-0.038307227,9.959879
1425162216655,r,-0.059008785,-0.27348533,0.13145709
1425162216672,a,0.30645782,0.30645782,9.883265
1425162216676,r,-0.051678397,-0.16719477,0.021501357
1425162216692,a,0.80445176,0.076614454,9.844957
1425162216697,r,-0.06267397,-0.016921915,-0.12999323
1425162216714,a,0.842759,0.15322891,9.844957
1425162216717,r,-0.056565322,-0.036469605,-0.04325036
1425162216734,a,0.7278373,0.19153613,9.844957
1425162216739,r,-0.059008785,-0.0682346,-0.07990227
1425162216756,a,0.11492168,-0.30645782,9.883265
1425162216765,r,-0.04679148,-0.070678055,-0.12021937
1425162216774,a,-0.15322891,-0.4213795,9.921572
1425162216778,r,-0.060230516,-0.010813263,-0.18985802
1425162216792,a,0.22984336,-0.30645782,9.844957
1425162216795,r,-0.059008785,0.003847503,-0.16664514
1425162216812,a,0.11492168,-0.2681506,9.921572
1425162216818,r,-0.041904554,-0.0682346,0.009284053
1425162216838,a,0.19153613,-0.30645782,9.921572
1425162216841,r,-0.044348016,-0.08900402,0.07159231
1425162216853,a,0.4213795,-0.11492168,9.883265
1425162216857,r,-0.04801321,-0.09144747,0.10946596
1425162216873,a,0.45968673,-0.038307227,9.883265
1425162216883,r,-0.04801321,-0.07312152,0.18887843
1425162216903,a,0.49799395,0.15322891,9.883265
1425162216906,r,-0.043126285,-0.031582683,0.16566555
1425162216912,a,0.49799395,-0.038307227,9.844957
1425162216915,r,-0.04923494,-0.035247874,0.13145709
1425162216932,a,0.49799395,0.15322891,9.921572
1425162216935,r,-0.04801321,-0.046243448,0.14611787
1425162216952,a,0.30645782,0.0,9.844957
1425162216955,r,-0.04679148,-0.013256724,0.05693154
1425162216972,a,0.22984336,-0.038307227,9.921572
1425162216975,r,-0.04923494,-0.041356526,-0.027367862
1425162216992,a,0.038307227,-0.038307227,9.883265
1425162216995,r,-0.056565322,-0.05968248,-0.08723266
1425162217012,a,0.19153613,-0.11492168,9.883265
1425162217016,r,-0.045569748,-0.041356526,-0.029811325
1425162217038,a,0.19153613,0.038307227,9.844957
1425162217041,r,-0.04923494,-0.026695762,-0.009041905
1425162217052,a,0.11492168,0.038307227,9.883265
1425162217055,r,-0.057787053,-0.023030568,-0.017594019
1425162217072,a,0.076614454,0.076614454,9.921572
1425162217076,r,-0.051678397,-0.013256724,0.04960116
1425162217095,a,0.076614454,0.11492168,9.883265
1425162217099,r,-0.04923494,-0.046243448,0.0752575
1425162217113,a,0.4213795,0.2681506,9.883265
1425162217117,r,-0.05534359,-0.034026142,0.10457903
1425162217132,a,0.5746084,0.34476504,9.844957
1425162217137,r,-0.052900128,-0.046243448,0.16322209
1425162217155,a,0.7661445,0.80445176,9.844957
1425162217160,r,-0.045569748,-0.030360952,0.12657018
1425162217174,a,0.49799395,0.7278373,9.844957
1425162217180,r,-0.056565322,-0.012034993,0.052044623
1425162217195,a,0.6512229,0.49799395,9.844957
1425162217201,r,-0.05534359,-0.070678055,-0.017594019
1425162217212,a,0.8810662,0.7278373,9.921572
1425162217217,r,-0.051678397,-0.08900402,-0.034698248
1425162217238,a,1.1492168,1.0342951,9.80665
1425162217242,r,-0.041904554,-0.08900402,-0.038363434
1425162217256,a,1.1109096,0.8810662,9.844957
1425162217259,r,-0.04923494,-0.069456324,-0.07868054
1425162217273,a,1.6472107,0.7278373,9.80665
1425162217278,r,-0.060230516,-0.3003634,-0.0970065
1425162217294,a,1.532289,0.7278373,9.80665
1425162217299,r,-0.04923494,-0.31868935,-0.023702672
1425162217312,a,0.9959879,0.6512229,9.80665
1425162217316,r,-0.06267397,0.0637123,-0.15931477
1425162217332,a,0.61291564,0.30645782,9.883265
1425162217335,r,-0.060230516,0.28362378,-0.040806897
1425162217356,a,0.5746084,0.38307226,10.151415
1425162217360,r,-0.07855647,1.0863007,-0.04202863
1425162217373,a,1.0342951,0.38307226,10.113108
1425162217376,r,-0.0638957,0.97878844,-0.12021937
1425162217392,a,-0.22984336,0.0,9.576807
1425162217395,r,-0.052900128,-0.19773802,0.0019536694
1425162217412,a,0.19153613,0.038307227,10.304645
1425162217418,r,-0.04679148,-0.38710627,-0.0017115222
1425162217433,a,0.11492168,0.038307227,10.189722
1425162217436,r,-0.059008785,0.45466605,0.010505782
1425162217455,a,-0.11492168,0.0,9.500193
1425162217458,r,-0.05412186,-0.1806338,0.008062322
1425162217472,a,0.15322891,0.0,10.189722
1425162217475,r,-0.041904554,-0.41398433,-0.0017115222
1425162217492,a,0.076614454,0.0,10.0748005
1425162217495,r,-0.05412186,0.2970628,0.009284053
1425162217512,a,-0.11492168,0.038307227,9.576807
1425162217519,r,-0.059008785,-0.026695762,0.0043971306
1425162217532,a,-0.038307227,0.0,9.730036
1425162217537,r,-0.04923494,-0.2966982,-0.0017115222
1425162217557,a,0.038307227,0.0,9.959879
1425162217563,r,-0.051678397,0.25552398,0.011727514
1425162217576,a,-0.076614454,0.038307227,9.615114
1425162217586,r,-0.050456673,0.04905153,0.0019536694
1425162217604,a,0.0,0.038307227,9.844957
1425162217609,r,-0.052900128,-0.26004627,-0.0029332526
1425162217616,a,0.11492168,0.038307227,10.113108
1425162217620,r,-0.056565322,0.15656382,0.005618861
1425162217632,a,-0.076614454,0.038307227,9.691729
1425162217636,r,-0.04923494,-0.048686907,-0.0053767134
1425162217654,a,0.038307227,0.038307227,9.959879
1425162217672,a,0.076614454,0.038307227,10.036493
1425162217675,r,-0.05534359,-0.14764708,-0.0029332526
1425162217677,r,-0.056565322,0.11624671,7.31939E-4
1425162217693,r,-0.050456673,-0.041356526,7.31939E-4
1425162217706,a,-0.038307227,0.0,9.768343
1425162217713,r,-0.060230516,-0.11466035,0.0068405913
1425162217722,a,0.076614454,0.038307227,9.998186
1425162217742,a,-0.038307227,0.038307227,9.768343
1425162217763,a,0.038307227,0.038307227,9.883265
1425162217768,r,-0.05534359,0.06982095,0.0043971306
1425162217772,r,-0.04801321,-0.14642535,-0.0053767134
1425162217783,a,0.076614454,0.0,9.959879
1425162217791,r,-0.052900128,1.8231105E-4,-0.0029332526
1425162217802,a,0.0,0.038307227,9.80665
1425162217813,r,-0.052900128,0.012399617,0.011727514
1425162217824,a,0.038307227,0.0,9.959879
1425162217842,a,0.038307227,0.0,9.921572
1425162217848,r,-0.038239367,-0.0963344,-0.004154983
1425162217851,r,-0.045569748,0.053938452,0.0019536694
1425162217863,a,0.0,0.038307227,9.80665
1425162217867,r,-0.056565322,-0.070678055,-0.0017115222
1425162217882,a,0.038307227,0.0,9.959879
1425162217892,r,-0.05534359,-0.0523521,7.31939E-4
1425162217904,a,-0.038307227,0.0,9.80665
1425162217907,r,-0.05534359,0.018508269,0.0043971306
1425162217924,a,0.0,0.038307227,9.883265
1425162217927,r,-0.04801321,-0.079230174,0.0043971306
1425162217942,a,0.038307227,0.038307227,9.959879
1425162217946,r,-0.051678397,0.01973,-0.0017115222
1425162217962,a,0.038307227,0.038307227,9.844957
1425162217965,r,-0.04679148,-0.048686907,7.31939E-4
1425162217982,a,0.38307226,0.0,11.377247
1425162217988,r,-0.04923494,0.18710707,0.0068405913
1425162218002,a,-0.22984336,0.076614454,10.419566
1425162218008,r,-0.08466513,1.9586163,0.05815327
1425162218024,a,-0.8810662,0.038307227,7.3166804
1425162218028,r,-0.04679148,-0.09755613,0.0068405913
1425162218042,a,-0.6895301,0.038307227,8.082825
1425162218045,r,-0.026022062,-2.2392497,-0.05180247
1425162218062,a,0.5746084,0.0,11.109096
