146568808076293,a,-0.043843817,0.1261445,0.081702136
146568808105928,g,-0.0014314491,3.6618466E-4,-3.3289514E-4
146568523359366,a,-0.06120178,0.060902506,0.055365913
146568523659105,g,-0.003561978,3.6618466E-4,-7.656588E-4
146568525095772,a,-0.046686932,0.087538,0.1702876
146568525393845,g,-0.0056925067,-0.003894873,-0.0028961876
146568569520147,a,-0.008230069,0.05701193,0.098461546
146568569814261,g,-0.006757771,0.003561978,-7.656588E-4
146568570396553,a,-0.020051438,0.06239888,0.09606735
146568570645824,g,-0.004627242,-0.0017643442,2.9960563E-4
146568607741136,a,-0.0175076,0.05581483,0.12958616
146568608036605,g,-0.0024967135,0.0014314491,0.00136487
146568608535720,a,-0.034267012,0.053869538,0.11282676
146568608802751,g,-0.003561978,-0.0017643442,-7.656588E-4
146568653282074,a,-0.058209028,0.09247604,0.14155717
146568653581813,g,0.0017643442,0.0014314491,-3.3289514E-4
146568654162282,a,-0.004938041,0.08544307,0.15831658
146568654412178,g,6.9907977E-4,3.6618466E-4,-3.3289514E-4
146568715156657,a,-0.033668462,0.04249708,0.1822586
146568715449105,g,-3.6618466E-4,0.0014314491,7.323693E-4
146568716031241,a,-0.02124854,0.09053075,0.24690205
146568716284001,g,-0.003561978,3.6618466E-4,-0.0013981595
146568716770095,a,-0.042796355,0.068534024,0.09367314
146568717020043,g,-0.0014314491,0.0014314491,-3.3289514E-4
146568769598740,a,-0.013766659,0.06584055,0.081702136
146568770245511,g,-3.6618466E-4,0.0014314491,0.0017976337
146568770836918,a,-0.054019175,0.0724246,0.10803835
146568771088740,g,-0.0014314491,-6.9907977E-4,-0.0013981595
146568771585824,a,-0.055964466,0.065092355,0.20859483
146568772301032,g,0.0017643442,3.6618466E-4,-3.3289514E-4
146568805309886,a,-0.017208325,0.07407062,0.084096335
146568805601761,g,0.0017643442,-0.0049601374,-3.3289514E-4
146568808076293,a,-0.043843817,0.1261445,0.081702136
146568808105928,g,-0.0014314491,3.6618466E-4,-3.3289514E-4
146568848182699,a,-0.03172317,0.053869538,0.06015432
146568848478688,g,-0.0014314491,3.6618466E-4,0.0017976337
146568849057438,a,-0.03875614,0.07287352,0.12479776
146568849305511,g,6.9907977E-4,3.6618466E-4,0.0017976337
146568885629418,a,-0.038007952,0.04369418,0.14873978
146568885923949,g,-0.0024967135,3.6618466E-4,7.323693E-4
146568886428584,a,-0.027982233,0.05551555,0.15831658
146568886679782,g,0.0017643442,-0.0028296087,7.323693E-4
146568926896084,a,-0.013317747,0.054917,0.21098903
146568927190720,g,-0.0014314491,3.6618466E-4,-3.3289514E-4
146568927678949,a,-0.046686932,0.062099606,0.1894412
146568927926657,g,-3.6618466E-4,0.0014314491,-0.0013981595
146568973642386,a,0.006584055,0.049829323,0.13661914
146568973942386,g,-0.003561978,0.0024967135,7.323693E-4
146568974520876,a,-0.0047884034,0.040402155,0.124648124
146568974771449,g,0.0017643442,0.0014314491,0.0017976337
146569027393740,a,-0.028580783,0.011372458,0.17492636
146569027686188,g,-3.6618466E-4,0.0024967135,7.323693E-4
146569028194626,a,0.012868834,0.073621705,0.23956981
146569028448845,g,-3.6618466E-4,-0.0028296087,-3.3289514E-4
146569028935615,a,0.04623802,0.07796119,0.019303251
146569029185251,g,-0.0014314491,3.6618466E-4,-0.0013981595
146569095526813,a,-0.023044191,0.07272387,0.2515408
146569095816761,g,0.0017643442,0.0014314491,-0.0013981595
146569096375824,a,-0.03247136,0.050876785,0.13901334
146569096625772,g,0.0017643442,3.6618466E-4,7.323693E-4
146569097133688,a,-0.0058358666,0.04563947,0.18929157
146569097384157,g,-0.0014314491,-0.0028296087,-3.3289514E-4
146569125727386,a,-0.039205052,0.07182605,0.10788871
146569126022803,g,-3.6618466E-4,-0.0017643442,0.0017976337
146569137824105,a,0.0017956513,0.07377134,0.11028291
146569138183792,g,-3.6618466E-4,0.0024967135,-0.0013981595
146569163831501,a,-0.0026934769,0.06868366,0.06718729
146569164134417,g,6.9907977E-4,-0.0017643442,7.323693E-4
146569166135824,a,-0.01690905,0.10684125,0.16774376
146569166400355,g,-3.6618466E-4,-6.9907977E-4,-3.3289514E-4
146569210210251,a,-0.0338181,-0.006434417,0.27787703
146569210502594,g,0.0017643442,-0.006025402,-0.0013981595
146569211375459,a,-0.045789108,0.027084406,0.06479308
146569211630772,g,-0.0014314491,0.0024967135,7.323693E-4
146569250003063,a,-0.028431145,0.024690205,0.10310031
146569252352178,g,-0.0014314491,3.6618466E-4,-3.3289514E-4
146569253045407,a,-0.0664391,0.034267012,0.19647418
146569258856188,g,9.653959E-4,0.0013981595,-3.6618466E-4
146569288349469,a,0.0035913025,0.091578215,0.11028291
146569288646188,g,9.653959E-4,-0.0028628982,-0.0014314491
146569289160094,a,-0.008230069,0.071975686,0.20605098
146569289411188,g,-0.0022303974,3.3289514E-4,-3.6618466E-4
146569331566188,a,-0.022595279,0.093373865,0.14140753
146569331865094,g,9.653959E-4,0.0035286883,-3.6618466E-4
146569332440563,a,-0.0338181,0.04249708,0.019303251
146569332692542,g,-9.986854E-5,-0.0017976337,-3.6618466E-4
146569368469574,a,0.0,0.082899235,0.17956513
146569368764053,g,-9.986854E-5,3.3289514E-4,0.0017643442
146569369271553,a,-0.011971008,0.046387658,0.033518825
146569369519626,g,0.0020306604,0.0013981595,-0.0014314491
146569433386917,a,0.0025438394,0.02932897,0.074220255
146569433683740,g,-0.001165133,-7.323693E-4,-3.6618466E-4
146569434261969,a,0.026635494,0.02932897,-0.021547815
146569434521865,g,-9.986854E-5,-7.323693E-4,6.9907977E-4
146569435022803,a,4.4891282E-4,0.048482586,0.08379706
146569435275771,g,-0.0022303974,3.3289514E-4,-3.6618466E-4
146569490009209,a,-0.030526072,0.081702136,0.32321724
146569490410615,g,-0.0022303974,0.0013981595,6.9907977E-4
146569491086813,a,-0.05641338,0.08574235,0.062249243
146569491342907,g,0.0030959249,3.3289514E-4,6.9907977E-4
146569491853376,a,-0.08963293,0.07571663,0.076614454
146569492107959,g,0.0041611893,-0.0017976337,-3.6618466E-4
146569526404938,a,-0.029179333,0.036661215,0.1604115
146569526698844,g,-9.986854E-5,-0.0028628982,-0.0014314491
146569527208271,a,-0.0053869537,-0.030974984,0.09816227
146569527461240,g,9.653959E-4,0.0024634239,6.9907977E-4
146569567248115,a,0.0023942017,0.052822076,0.050278235
146569567545303,g,-9.986854E-5,-7.323693E-4,-0.0014314491
146569568048271,a,0.012270284,0.09801263,0.12210429
146569568298636,g,-0.001165133,-0.0017976337,-0.0024967135
146569608986449,a,0.007182605,0.08798691,0.11492168
146569609279001,g,-0.001165133,0.0013981595,-3.6618466E-4
146569609782959,a,0.028431145,0.08738836,0.062249243
146569610039313,g,-0.0022303974,3.3289514E-4,-0.0014314491
146569654247490,a,-0.005087679,0.04129998,0.10055647
146569654545980,g,-0.001165133,3.3289514E-4,6.9907977E-4
146569655120511,a,0.01690905,0.043544542,0.17238252
146569655370980,g,0.0020306604,3.3289514E-4,-3.6618466E-4
146569688845615,a,-0.019003976,0.03606266,0.110133275
146569689138219,g,0.0020306604,0.0024634239,0.0017643442
146569689638115,a,-0.03546411,0.06419453,0.17223288
146569689892751,g,-9.986854E-5,0.0013981595,-3.6618466E-4
146569726539313,a,-0.0017956513,0.054168813,0.16265608
146569726835511,g,-9.986854E-5,0.0024634239,6.9907977E-4
146569727342646,a,-0.032920275,0.048931498,0.11956045
146569729682126,g,-9.986854E-5,-0.0017976337,6.9907977E-4
146569774553792,a,-0.0067336923,0.04129998,0.09322423
146569774851084,g,9.653959E-4,3.3289514E-4,6.9907977E-4
146569786763219,a,0.022146367,0.06254852,0.22969373
146569787339209,g,-0.019274628,-0.0028628982,-0.0024967135
146569808318115,a,0.019153614,0.08334815,0.12195465
146569809783376,g,-0.0032956619,-0.0017976337,-0.004627242
146569810344001,a,-0.0863409,-0.12599486,-0.024091655
146569810965251,g,-0.024600951,-0.0017976337,-0.003561978
146569849376500,a,0.15562311,-0.22131401,0.33518824
146569849675823,g,-0.021405157,-0.011385013,-0.14737268
146569850165094,a,-0.04623802,-0.055216275,0.1412579
146569850416500,g,0.027597006,-7.323693E-4,0.003894873
146569894472542,a,0.015861586,0.07227496,0.08379706
146569894771084,g,0.014813834,0.0013981595,0.015612782
146569895347125,a,-0.07930793,0.068534024,0.17462708
146569895616240,g,0.0020306604,0.0035286883,-3.6618466E-4
146569928539313,a,-0.0525228,0.056114104,0.09322423
146569928833271,g,-9.986854E-5,0.0013981595,6.9907977E-4
146569929334313,a,0.20470424,0.10818799,0.69177467
146569929584313,g,-0.07573364,-0.016711336,-3.6618466E-4
146569968972073,a,-0.05865794,-0.02184709,0.06464344
146569969265563,g,0.010552776,0.0056592175,6.9907977E-4
146569969773219,a,-0.034267012,4.4891282E-4,0.02873042
146569970025875,g,-0.012883042,-0.0039281626,-3.6618466E-4
146570015284625,a,-0.022595279,0.092775315,0.14844051
146570015579105,g,0.03292333,0.009920275,0.0017643442
146570016161553,a,-0.009277532,0.039205052,0.14350246
146570016412959,g,-0.0032956619,-0.0028628982,6.9907977E-4
146570047947594,a,-0.004040215,0.08140286,0.07646482
146570048243167,g,0.0030959249,0.0035286883,-3.6618466E-4
146570048747490,a,-0.049081136,0.1237503,0.14350246
146570048996917,g,0.08405602,0.031225564,0.0028296087
146570089787073,a,-0.3103484,0.16519992,0.12419921
146570090082542,g,0.013748569,0.00885501,0.045440186
146570099597438,a,-0.020201078,-0.018255789,0.102651395
146570099637959,g,0.060620204,0.017377125,-0.025932532
146570130595563,a,-0.011372458,0.0935235,0.042646717
146570131196761,g,0.060620204,0.01844239,-0.0056925067
146570131787021,a,0.018854339,-0.68249714,0.13811551
146570132042282,g,0.064881265,0.039747678,-0.023802003
146570169160927,a,0.09756372,0.30526072,0.058957215
146570169456032,g,-0.04803677,-0.009254484,-0.013149357
146570169959677,a,-0.04833295,0.17208324,-0.015263036
146570170211136,g,-0.07573364,-0.038016625,0.07526759
146570209196865,a,0.025887307,-0.07930793,0.21472996
146570209487334,g,0.009487512,-0.0017976337,0.066745475
146570209976761,a,-0.010324995,0.28505963,-0.026934769
146570210223427,g,0.06168547,0.033356093,0.049701244
146570256578740,a,-0.040851068,0.052822076,-0.19243397
146570258919886,g,0.014813834,0.009920275,-0.0024967135
146570259613688,a,-0.05701193,0.12808979,0.085293435
146570259866500,g,0.0030959249,-0.010319749,-0.0110188285
146570289759729,a,0.016460137,-0.0338181,-0.13257892
146570290053688,g,-0.052297827,-0.025233451,-0.0014314491
146570290556813,a,-0.03067571,0.036810853,0.06628946
146570290883115,g,-0.04910203,-0.014580807,0.045440186
146570327513427,a,0.0043394906,0.047285482,0.013766659
146570327806240,g,0.03824965,0.017377125,0.016678046
146570328307698,a,-0.004040215,0.10100538,0.04249708
146570328556604,g,-0.03418833,-0.007123956,-0.004627242
146570374975563,a,-0.109534726,0.1467945,0.109534726
146570375269313,g,-0.08105996,-0.025233451,-0.055759937
146570375849938,a,-0.08963293,0.1695394,0.2486977
146570376100719,g,-0.0799947,0.0013981595,-0.12393686
146570409740354,a,-0.643741,2.5450363,0.26321256
146570410034365,g,-0.087451555,0.0056592175,-0.04510729
146570419528896,a,-0.41329905,1.9716251,-0.22266077
146570419567854,g,-0.05549362,0.010985539,-0.007823036
146570473074261,a,-0.5876269,2.1561282,-0.0935235
146570473364938,g,-0.021405157,0.00885501,0.066745475
146570473946761,a,-0.13123219,2.23394,0.27263972
146570474197750,g,-0.0118177775,0.022703448,-0.12713265
146570474681604,a,0.07167641,1.9087774,0.18629882
146570474929886,g,0.121340275,0.017377125,-0.30290127
146570507928896,a,0.3441665,0.006135142,-0.07511808
146570508221448,g,0.08192549,-0.0028628982,-0.21022327
146570508731188,a,0.5683236,1.0081085,-0.61650693
146570508981188,g,-0.20143485,0.032290827,0.15516242
146570548276448,a,0.4731541,3.1024365,-0.8005612
146570548588584,g,0.01907489,-0.03695136,0.37247637
146570549077386,a,-0.18869302,1.9610008,0.89198977
146570549324573,g,0.14264557,-0.035886094,0.33732265
146570591499313,a,-0.2160767,2.2638674,0.5541081
146570591792802,g,-0.0075567197,-0.009254484,0.25955835
146570592284729,a,0.87687635,-0.20275895,0.8173206
146570592533948,g,0.045706503,0.032290827,0.15942349
146570625807386,a,0.15173253,1.5849615,1.2506711
146570626105406,g,0.062750734,0.00885501,-0.15802532
146570626809729,a,-0.624737,1.510891,-0.1261445
146570627071865,g,-0.0118177775,0.02057292,-0.57028264
146570668824729,a,0.05746084,-0.27503392,1.4803648
146570669122750,g,0.10216552,0.019507654,-0.5947837
146570669614209,a,1.0214263,-0.37439328,-0.6027403
146570669865771,g,0.0116180405,0.012050804,-0.22513698
146570714395198,a,1.9883845,-1.7896658,-1.2731167
146570714687021,g,-0.036318857,-0.04014715,0.22333935
146570715247438,a,-0.42287588,0.96187055,-0.88510644
146570715501240,g,-0.059754677,-0.035886094,0.28938574
146570747826604,a,-0.9753379,-1.1653777,1.8252795
146570750082281,g,-0.08958208,0.022703448,0.39378166
146570750831188,a,-3.5166333,-0.7384616,-0.82510173
146570751085198,g,0.08512129,3.3289514E-4,0.43852276
146570787369156,a,0.08125322,0.3494038,1.0637738
146570787664052,g,0.11281816,0.021638183,0.020939104
146570788156865,a,1.9083284,0.47809216,-0.75836337
146570788410406,g,0.08512129,0.055726644,-0.5894574
146570831259833,a,0.648679,-1.5948377,-0.46387658
146570831555875,g,0.028662272,0.00885501,-1.188136
146570832137333,a,0.08798691,-3.045275,-0.26755205
146570832390250,g,0.15436347,0.04187821,-0.8419251
146570869778427,a,-1.4279916,-0.7866449,-0.32950202
146570870074677,g,-0.030992538,-0.10832407,0.44491434
146570870586656,a,-0.9689035,-1.3005004,0.94406366
146570870954000,g,-0.084255755,-0.033755567,0.88273805
146570909810667,a,0.63281745,0.51191026,1.7657237
146570910105458,g,0.07446864,0.033356093,0.3980427
146570910591656,a,0.4786907,-0.26515785,0.32920274
146570910910094,g,0.08299076,-0.0028628982,-0.3114234
146570955402229,a,-0.19123685,-2.7844565,0.62817866
146570955696344,g,0.022270685,-0.012450278,-0.25496438
146570956255458,a,0.34730887,-2.1033063,1.5405191
146570956507385,g,-0.07679891,-0.048669267,0.46835017
146570987892906,a,0.42287588,-1.2606969,0.8511387
146570988191135,g,-0.13645372,-0.013515542,0.80071265
146570988681656,a,-0.13033436,1.1468226,-1.2146084
146570988934313,g,-0.05123256,-0.013515542,0.7059041
146571028148115,a,-0.6271312,1.3769653,0.2359785
146571028444938,g,-0.06401573,-0.0017976337,0.6153567
146571028936552,a,-0.88031805,2.9095535,-1.5477017
146571029184625,g,-0.06401573,0.02802977,0.3170826
146571094818323,a,-1.7369933,-0.28909984,0.2861071
146571095116969,g,0.19164772,0.081292994,-0.09091366
146571095684104,a,0.4885668,-1.2621932,-0.7604583
146571095938427,g,0.1682119,0.26451847,-0.48399624
146571096423740,a,0.40372226,-1.1563994,1.0779893
146571096671917,g,0.07446864,-0.00818922,-0.3114234
146571128270771,a,1.0500071,-0.14469956,-0.6147113
146571128563427,g,0.035053857,-7.323693E-4,-0.07280417
146571129052594,a,0.96905315,0.4388871,-0.22445641
146571129305719,g,0.014813834,0.02057292,0.024134897
146571197424417,a,-0.29792848,-2.1930888,-0.6410475
146571197717490,g,-0.029927272,-0.08808405,0.1562277
146571198275979,a,0.16445173,-0.9871593,0.26396075
146571198526031,g,-0.20463064,-0.15626098,0.48859018
146571199011917,a,-0.57371056,1.4342765,0.8988731
146571199259469,g,-0.039514653,-0.031625036,0.37886795
146571253618323,a,-0.5337573,-0.4765958,-1.3732243
146571253913062,g,0.075533904,0.050400324,-0.034454647
146571254404573,a,-0.12943652,-2.6786628,0.4966472
146571256710562,g,0.026531743,0.123903565,-0.2272675
146571257386083,a,1.4758757,-1.9235914,0.058358666
146571257641292,g,-0.032057803,-0.09127984,0.0049601374
146571317500406,a,0.032770637,0.1479916,0.111180745
146571317796656,g,-0.0022303974,-0.00818922,0.1018992
146571318381708,a,0.15861586,-1.052102,0.2837129
146571318632854,g,0.0052264538,0.0067244815,0.034787543
146571319123844,a,-0.3482067,-2.3762453,-0.59974754
146571319373115,g,0.015879098,3.3289514E-4,0.018808575
146571350223740,a,-1.3374609,-2.7055976,-0.4727052
146571350519417,g,-0.05549362,-0.05825665,-0.05469467
146571351159052,a,-1.0188825,-4.8464627,0.76539636
146571351412490,g,-0.050167296,-0.038016625,-0.5042363
146571386054677,a,1.0441712,-0.801459,1.5227122
146571386353792,g,-0.038449388,-0.017776601,-0.40197086
146571387769312,a,0.6145617,-1.865981,0.7472902
146571388063479,g,0.0307928,0.03442136,-0.18998325
146571455285198,a,-0.4739023,-1.0081085,-0.43275195
146571455582698,g,-0.20036958,-0.12749884,0.21801302
146571456143479,a,-1.9783587,-1.6077064,0.7715315
146571456392177,g,-0.061885204,-0.0507998,0.26275414
146571456873635,a,-0.9463082,-1.5813702,0.7360674
146571457122021,g,0.02120542,0.013116068,-0.1409811
146571489713687,a,1.1755531,-0.23822308,2.0268414
146571490004677,g,0.14690663,0.38063228,-0.49464887
146571490500771,a,2.7403135,10.56651,-3.5776856
146571490874781,g,-0.28452548,0.2219079,-0.27946547
146571528356396,a,-0.04563947,-4.3746552,-0.6522703
146571528651864,g,0.5580987,-0.59728044,0.11468238
146571529147229,a,0.77976155,0.21622634,-1.6090531
146571529400667,g,-0.0949084,-0.07636614,0.47367647
146571575980458,a,-0.78694415,-0.56158996,0.29373863
146571576274781,g,-0.18012956,-0.016711336,0.41082588
146571576834000,a,0.7226,0.25647885,-1.2690766
146571577085458,g,-0.117278956,-0.15519571,-0.06215152
146571627677646,a,0.7423522,2.0593128,-2.2921488
146571628136135,g,0.18419088,-0.22337264,-0.4190151
146571628629260,a,-0.9983821,-0.03232172,2.8464065
146571628879052,g,-0.1460411,0.07064035,-0.724746
146571629365771,a,1.6995839,-1.2038345,1.5179238
146571629612802,g,-0.98759997,-0.1285641,-0.6650912
146571676072021,a,1.4721348,-0.72319853,-2.290802
146571676367333,g,-1.2581772,-0.7357648,0.13705292
146571676930823,a,-0.13138182,-1.7184383,1.1926117
146571677178375,g,-0.35696346,-0.70487213,0.26168886
146571728549989,a,-0.405069,-0.5647323,3.1570542
146571728847125,g,0.0968392,-0.07210509,-0.43286353
146571729461552,a,1.1240777,-1.365892,-0.6549638
146571729721135,g,-0.51036155,0.13136043,-0.44777724
146571730210406,a,0.9358336,0.06718729,-0.17357962
146571732551448,g,-0.56362474,-0.3948802,0.2158825
146571768118739,a,-1.7112557,0.06958149,-4.0617633
146571768409937,g,-0.017144099,-0.31285486,0.22866566
146571768903219,a,-0.27967268,0.23448212,-3.801693
146571769157125,g,0.23958462,0.3859586,-0.6192848
146571816171552,a,1.335815,-0.1038485,1.3214498
146571816464052,g,-0.12260528,0.06424876,-0.9132978
146571817024521,a,0.21398178,1.764377,-0.32172084
146571817276812,g,0.23958462,-0.45133922,-0.34338135
146571850689677,a,-0.5379472,2.1621137,-0.15487492
146571851108375,g,0.1117529,-0.5557351,0.13066134
146571851623427,a,-1.6895583,1.2373533,0.2638111
146571851874260,g,0.40896168,0.013116068,0.097638145
146571890777021,a,-0.82465285,0.5385457,0.40880993
146571891068791,g,0.47500807,-0.18182732,-0.066412576
146571891559989,a,-0.086490534,1.1067197,-0.630124
146571891809104,g,0.08086023,-0.0060586915,0.043309655
146571957021812,a,0.7914333,1.9572599,-0.12898761
146571957316864,g,0.15862453,-0.16691361,0.10296447
146571957898843,a,0.07287352,2.0123265,0.07586627
146571958151448,g,0.75623786,0.02802977,0.22333935
146571958656187,a,-0.99254626,1.7316064,0.61605805
146571958904208,g,0.8126969,0.20166788,0.5035039
146571989752906,a,-0.5636849,1.8670284,-0.99299514
146571990045041,g,0.7370631,0.4253734,0.4971123
146571990538635,a,0.89303726,1.9630958,-0.7254431
146571990917646,g,0.81056637,0.6043378,0.14877084
146572029738010,a,0.54408234,3.5730467,-0.020949265
146572030121448,g,-0.16841164,0.93670034,-0.03125885
146572030623948,a,-1.1073183,1.2195464,0.8122329
146572031151239,g,-0.18758641,0.6767758,-0.022736738
146572095868062,a,-1.0835259,3.4614172,0.40177697
146572096164104,g,0.10216552,0.08874984,0.36715004
146572096722437,a,-0.22789808,0.1467945,-0.1599626
146572096977645,g,0.25875938,0.1707752,0.21801302
146572097483010,a,-0.058508303,0.08544307,0.045938745
146572097730979,g,-0.050167296,-0.038016625,-0.009953564
146572129758270,a,-0.15113398,-0.24480712,0.2781763
146572130221656,g,-0.15030216,-0.096606165,-0.007823036
146572130832958,a,0.21173722,-0.002992752,0.17043723
146572131086500,g,-0.07573364,-0.04653874,-0.084522076
146572171066500,a,0.042646717,-0.011671733,0.13213001
146572171359104,g,-0.012883042,-0.0039281626,0.011351724
146572171862854,a,0.30615854,3.7608418,0.30226797
146572172114625,g,-0.12154001,0.062118232,0.0028296087
146572236546760,a,0.24256256,-1.5990275,0.87193835
146572236839781,g,-0.054428354,-0.015646072,-0.0024967135
146572237398375,a,-0.023193829,-0.039205052,0.13452421
146572237646656,g,0.010552776,0.03548662,-0.003561978
146572238155562,a,8.9782564E-4,-0.061052144,0.13452421
146572240466604,g,0.012683305,0.0035286883,-3.6618466E-4
146572294589468,a,-0.060902506,0.019153614,0.05312135
146572294883166,g,0.013748569,-0.0039281626,-0.0024967135
146572295385197,a,-0.030226797,-0.08454525,0.1225532
146572295635614,g,-0.0043609263,-0.0028628982,-0.0014314491
146572296136864,a,0.005087679,-0.051624972,0.09382278
146572296386291,g,-0.018209364,-0.014580807,0.006025402
146572358479416,a,-1.5830163,0.6835446,0.10339958
146572358773531,g,-0.029927272,0.0035286883,0.13279186
146572370682645,a,1.2856863,-0.40462008,0.42661682
146572371383791,g,0.041445445,0.02589924,0.013482253
146572372005458,a,-0.040402155,-0.2988263,0.46252984
146572372269364,g,-0.13645372,0.05892244,0.045440186
146572411651395,a,-0.15128362,-0.36945525,-0.40656537
146572411947437,g,-0.13858424,0.07596667,-0.01847568
146572412435510,a,-0.06314707,-0.2605191,-0.42556936
146572412684312,g,-0.005426191,-0.052930325,0.0070906663
146572413167020,a,0.009876082,0.058358666,0.1755249
146572413416812,g,0.020140156,-0.03695136,0.068876006
146572450418427,a,0.0034416649,-0.08245032,0.10594343
146572451005197,g,-0.02673148,0.0024634239,-0.0024967135
146572451520927,a,-0.26844987,0.10654198,0.07736264
146572451774416,g,-0.0064914552,-0.004993427,-0.021671474
146572496894885,a,-0.7860463,-0.12569559,0.19707273
146572497189989,g,0.015879098,-0.014580807,-0.23472436
146572497754208,a,-0.26485857,-0.044143096,-0.049530048
146572498004312,g,-0.024600951,0.0067244815,-0.31568447
146572550659520,a,-0.19108722,-8.9782564E-4,-0.21233577
146572551081760,g,-0.040579915,0.015246597,-0.1793306
146572551575458,a,-0.7718308,-0.15457565,0.18031332
146572551825822,g,0.022270685,-0.00818922,-0.18359166
146572552308999,a,-1.335366,-0.6206968,-0.32486326
146572552557854,g,-0.04377571,-0.015646072,-0.2155496
146572597006604,a,-0.6807015,-0.30466217,0.4388871
146572597303322,g,-0.05336309,0.016311862,-0.05149888
146572597863218,a,-0.49963996,-0.12389994,0.4364929
146572598111708,g,0.06168547,-0.11897672,0.14877084
146572653211343,a,-1.2291234,0.47614688,0.055964466
146572653505406,g,0.026531743,-0.024168186,0.04437492
146572654015718,a,-2.080711,0.05955577,0.06778584
146572654269260,g,0.018009627,-0.07636614,0.023069633
146572665983010,a,-2.887108,0.13991116,0.25692776
146572666312541,g,-0.032057803,-0.09127984,0.18925089
146572718931968,a,-1.0131962,0.49275663,0.23777416
146572719226291,g,-0.09171261,-0.02736398,0.22546987
146572719788114,a,-1.1956044,-0.8384195,0.5538088
146572720037958,g,-0.001165133,0.004593953,0.13918346
146572720521031,a,-1.5737387,-0.3119944,0.022445641
146572720911968,g,-0.06295047,0.015246597,0.097638145
146572751583114,a,-1.9219455,-0.1376666,0.07751228
146572753926395,g,0.22786672,0.26877952,0.17966351
146572754602906,a,0.15547347,0.3564368,0.32650927
146572754853583,g,0.035053857,0.012050804,0.25210148
146572819027437,a,-0.8620623,-0.22221185,0.7603087
146572819319364,g,0.024401214,0.026964506,0.108290784
146572819877541,a,-1.1719618,-0.84724814,-1.2413936
146572820128947,g,-0.13432318,0.054661382,-0.17613481
146572820612697,a,-1.3476362,0.19482817,-0.63296705
146572820935041,g,0.093643405,-0.049734533,-0.12606739
146572873552176,a,-0.5553052,0.08080431,0.07556699
146572873845197,g,-0.029927272,-0.0028628982,0.04863598
146572874356551,a,0.41868603,-0.2503437,0.4753987
146572874609989,g,0.06594653,0.0056592175,0.34691003
146572875090666,a,-0.3911527,0.6135142,1.0259154
146572875339781,g,-0.07786417,0.02589924,0.1381182
146572933363895,a,-0.5868787,-0.5395932,0.08035539
146572933658426,g,0.0073569827,0.0024634239,0.060353886
146572934176135,a,-0.91668,0.070180036,-0.38651395
146572934431499,g,-0.14391057,-0.031625036,0.51948285
146572934914728,a,1.4426562,0.6151602,-0.10160393
146572935161864,g,0.07659917,-0.013515542,0.5514408
146572971793947,a,1.1529578,0.91937345,0.42990884
146572972091447,g,0.048902296,-0.019907128,0.1679456
146572984100614,a,0.5295675,-1.3958195,-0.72439563
146572984467124,g,0.0041611893,-0.014580807,-0.16867797
146573010596291,a,0.556203,-1.2689269,0.5948095
146573011191603,g,-0.06614626,0.016311862,0.27340677
146573011685249,a,1.7194858,0.1285387,-0.075417355
146573011940145,g,-0.0032956619,0.02802977,0.7208178
146573057317489,a,1.1547534,0.3544915,-0.45624506
146573057614103,g,0.035053857,0.016311862,0.39378166
146573058175874,a,0.11372458,0.24525604,0.12794015
146573058424937,g,-0.0799947,0.046139266,-0.29650968
146573113655197,a,1.3675381,-1.4039,0.24286184
146573113948218,g,0.10216552,3.3289514E-4,-0.082391545
146573114437853,a,1.3091794,-0.521936,0.4870704
146573114690458,g,-0.07466838,-0.049734533,0.9370665
146573115173114,a,3.1838393,0.46327803,0.8916905
146573115421343,g,-0.13006213,-0.009254484,0.9402623
146573157437176,a,2.040608,0.37394437,-0.50637364
146573157734937,g,-0.0075567197,-0.004993427,0.110421315
146573158295353,a,1.5025113,-0.54887074,0.45834
146573158545405,g,0.0041611893,0.00885501,-0.036585175
146573213726343,a,0.981922,-0.79248077,-0.31259295
146573214021760,g,-0.073603116,0.007789746,0.5951166
146573214511447,a,2.2801778,-0.30032268,-0.19752164
146573214769416,g,0.010552776,0.0067244815,0.6355967
146573215275562,a,2.5748143,0.09651626,0.06344634
146573215524572,g,0.08299076,-0.00818922,0.08805076
146573279345510,a,2.3315036,0.09172785,0.027533319
146573281692958,g,0.025466477,-0.0028628982,0.1018992
146573282366395,a,0.79831666,0.5114613,0.10639234
146573282617905,g,-9.986854E-5,-7.323693E-4,0.20629512
146573283201655,a,0.0016460137,-0.39055416,-0.06120178
146573283454780,g,-0.10662631,0.01844239,0.04650545
146573330080510,a,2.2159834,0.011971008,0.28386253
146573330374885,g,0.042510707,-0.012450278,0.1945772
146573331005822,a,2.5932198,0.10968436,0.12599486
146573331254572,g,0.024401214,-0.011385013,0.3415837
146573331736760,a,1.7223289,-0.02633622,-0.09427169
146573331986603,g,-0.0075567197,-0.0060586915,0.19138141
146573371145353,a,0.7604583,0.0664391,0.09980828
146573371444103,g,0.008422247,0.004593953,-0.28905284
146573371949051,a,1.8064252,-0.5391443,0.3919009
146573372198218,g,-0.0064914552,-0.014580807,-0.28905284
146573416782489,a,2.7145758,-0.51325697,-0.3309984
146573417079572,g,-0.0032956619,-0.0060586915,-0.17187376
146573417656916,a,2.5495255,-0.3345897,-0.6085761
146573417909364,g,-0.017144099,-0.019907128,-0.2784002
146573452164468,a,2.915988,-0.31004912,-0.13901334
146573452460093,g,-0.061885204,0.024833977,-0.32420656
146573452948010,a,0.93358904,-0.011372458,0.19647418
146573453198791,g,-0.07466838,-0.009254484,-0.065347314
146573519536395,a,0.777517,0.24645314,0.29254153
146573519831187,g,0.018009627,-0.023102922,-0.45097303
146573520391187,a,2.4958057,-0.14080898,-0.2940379
146573520640770,g,0.06807706,-0.02949451,-0.7332681
146573521274937,a,1.2294226,-0.68967974,-0.20290859
146573521526916,g,-0.056558885,0.007789746,-0.6949186
146573574073009,a,0.42482117,-0.5614403,0.09427169
146573574368999,g,-0.08958208,-0.020972393,-0.39877507
146573574874416,a,-1.1089643,0.20051439,0.4321534
146573575124780,g,0.024401214,0.013116068,0.0028296087
146573575605926,a,0.14380173,-0.55964464,-1.3516765
146573575856082,g,-0.13751899,-0.004993427,-0.098370515
146573637322645,a,-0.9533412,0.29074585,-0.12808979
146573637785718,g,-0.024600951,-0.010319749,-0.3678824
146573649739364,a,-0.45055884,0.58657944,-0.36990416
146573650098166,g,0.08086023,-0.023102922,-0.4701478
146573651048791,a,-0.20964229,-0.1316811,-0.001496376
146573651324468,g,0.04996756,0.02057292,-0.188918
146573691222801,a,-0.15218145,0.71841013,0.41763857
146573691517645,g,0.026531743,0.0067244815,0.08592024
146573692008114,a,-1.6748937,-0.41748893,-0.2721908
146573692262384,g,0.053163353,-0.04014715,-0.09517472
146573692756551,a,-1.2735656,0.56682724,-1.335366
146573693007749,g,-0.07253785,-0.3022022,-0.34551185
146573731448947,a,-1.6060604,-0.626383,0.9234137
146573731742072,g,0.016944362,-0.19247997,-0.23578963
146573732232437,a,-0.3628712,-0.47764325,-0.31064767
146573737766707,g,0.091512874,0.23788686,0.03691807
146573772455666,a,-1.0681132,0.050278235,-0.69895726
146573772747124,g,-0.017144099,0.1079246,0.022004368
146573773236812,a,-1.3726257,-0.46103346,-1.5117887
146573773488530,g,-0.052297827,-0.434295,-0.13352424
146573812483895,a,-1.7705121,0.32022446,-0.3184288
146573812776551,g,0.006291718,-0.4310992,0.013482253
146573813266603,a,-0.42766428,-0.1894412,-0.17238252
146573813521134,g,-0.069342054,0.3145859,0.17753297
146573858086968,a,-2.6982653,-0.5945102,2.5879824
146573858385301,g,0.03824965,0.82591283,-0.10582736
146573858945145,a,1.5442601,-0.4575918,0.17283143
146573859199572,g,0.009487512,-0.034820832,-0.080261014
146573914418270,a,-0.7930793,-1.1629834,-0.2889502
146573918732332,g,-0.0064914552,-0.13602096,0.4438491
146573919293166,a,-1.9463364,0.24690205,-1.0093056
146573919552280,g,-0.08851682,-0.112585135,0.5184176
146573920214311,a,-1.8504187,0.4595371,0.36541504
146573920475666,g,0.05742441,-0.017776601,-0.09517472
146573947123322,a,-1.6181811,0.20754737,0.30765492
146573947444364,g,0.11281816,0.5883589,-0.5244763
146573948943374,a,-2.3249195,-0.39653966,0.3422212
146573949251134,g,0.031858064,0.04187821,-0.3114234
146573988608061,a,-3.1962593,0.16594811,0.24121583
146573988638582,g,-0.019274628,-0.004993427,0.17540245
146573988658166,a,-2.5807998,0.65750766,0.317531
146573988675509,g,-0.057624146,0.02057292,0.44917542
146574032687176,a,-1.0824784,-0.44457334,-8.9782564E-4
146574032981291,g,-0.13538845,0.04720453,0.10402973
146574033490874,a,-0.20620061,-0.10998364,-0.014963761
146574033740041,g,-0.12154001,0.039747678,-0.32207605
146574072753843,a,-0.06419453,0.33833063,0.13153146
146574073048426,g,0.10536131,-0.034820832,-0.29650968
146574073553895,a,0.05566519,-0.008828619,0.16250645
146574073806082,g,0.119209744,-0.03908189,-0.007823036
146574138943634,a,-1.18094,-0.1925836,0.13347675
146574139238947,g,0.0968392,-0.023102922,-0.021671474
146574139973061,a,0.76345104,-0.016011223,-0.03935469
146574140224988,g,0.013748569,-0.0017976337,-0.3082276
146574140855666,a,0.04623802,0.06479308,0.17133506
146574141104988,g,0.012683305,0.0035286883,-0.2933139
146574194731968,a,0.32291797,-0.019153614,0.05641338
146574195024780,g,0.0041611893,0.00885501,-0.31461918
146574195527749,a,-0.21742344,-0.38860887,0.09696517
146574195782176,g,-0.0064914552,3.3289514E-4,0.011351724
146574196281447,a,-0.07751228,-0.39369655,0.22864626
146574196529936,g,0.0030959249,0.0013981595,0.16048874
146574232990405,a,0.10519524,-0.6099229,0.07317279
146574233288061,g,-0.0075567197,-0.0017976337,0.2670152
146574233798634,a,0.2633622,-0.35868135,0.34371758
146574239216863,g,-0.016078835,-0.004993427,0.1860551
146574273430405,a,-0.07826047,-0.41210195,0.22161329
146574273726759,g,-0.032057803,-0.0017976337,0.08911603
146574275655040,a,-0.0676362,-1.4865,0.1810615
146574276826186,g,-0.010752513,0.0056592175,0.1860551
146574311082645,a,0.30705637,-1.7875708,0.08544307
146574311378374,g,0.02120542,-0.004993427,0.37567216
146574311867801,a,0.35344404,-1.5128362,0.3417723
146574312118061,g,0.036119122,0.007789746,0.34264895
146574360195197,a,-0.16101007,-1.8423382,0.037858315
146574360490145,g,0.090447605,-0.0039281626,0.15409715
146574361182332,a,-0.5150526,-2.391957,-0.057909753
146574361433113,g,0.21401829,0.023768712,0.13705292
146574414836655,a,0.18240824,-1.477821,0.12120646
146574415131447,g,-0.029927272,0.15479624,0.3351921
146574415619780,a,0.3824737,-1.4272435,1.5122377
146574415868270,g,-0.17693377,-0.033755567,0.40230376
146574416352020,a,-0.5717653,-1.6792332,0.61740476
146574416601030,g,-0.27280757,-0.082757734,0.037983336
146574480441655,a,-0.109534726,-0.02633622,0.11791443
146574480854415,g,0.022270685,-0.035886094,-0.28905284
146574481440092,a,-0.054617725,-1.0461165,-0.058807578
146574481691759,g,0.05529388,0.0035286883,-0.40197086
146574482192176,a,0.720954,-0.909647,-0.7553706
146574482439259,g,0.016944362,-0.017776601,-0.3923835
146574534909467,a,-0.3513491,-0.6640917,0.7459435
146574535202905,g,-0.054428354,0.03761715,-0.27946547
146574535694676,a,-0.008379706,-0.66244566,0.13332711
146574535944936,g,0.013748569,0.019507654,-0.28585705
146574536448530,a,0.20395605,-0.06299743,-0.35254622
146574536695717,g,-0.0118177775,0.06424876,-0.31674972
146574598024259,a,0.3552397,-0.8005612,1.158195
146574598318061,g,-0.018209364,0.012050804,-0.35083818
146574610412020,a,0.12479776,-0.8334815,-0.3139397
146574610888374,g,0.026531743,-0.03908189,-0.45416883
146574611505717,a,0.18255788,-0.18016368,1.3406034
146574611772645,g,0.04783703,0.013116068,-0.6373943
146574628144728,a,0.049530048,0.770933,0.9120412
146574628468530,g,-0.0075567197,0.01844239,-0.41475403
146574628992436,a,0.31139585,-0.38052842,-0.07212532
146574629247436,g,-0.069342054,0.031225564,-0.112218946
146574671638061,a,0.5645827,0.5199907,0.624737
146574671931134,g,-0.033123065,0.0035286883,0.083789706
146574672418322,a,-0.0070329676,0.8701427,1.4770728
146574672667905,g,0.09790446,-0.009254484,-0.029128324
146574717948999,a,-0.6744167,0.79517424,0.64359134
146574718245509,g,-0.05123256,-0.00818922,-0.17187376
146574718803686,a,-0.73352355,2.3006783,0.38980597
146574719053061,g,0.077664435,-0.06358297,-0.09304419
146574772733113,a,0.36436757,1.1441292,-0.23328502
146574773598686,g,-0.016078835,0.019507654,-0.019540945
146574774121811,a,-0.041000705,1.2937667,-0.030226797
146574774375040,g,-0.020339893,-0.013515542,-0.07599996
146574774880509,a,-1.1441292,1.4449008,-0.22176293
146574775131238,g,0.07233811,-0.0028628982,-0.21341906
146574818995874,a,-1.4471453,1.896956,1.0947487
146574819287905,g,-0.016078835,0.014181333,-0.23898542
146574819847749,a,0.100855745,1.9032407,-0.21772271
146574820098113,g,-0.037384123,0.017377125,-0.003561978
146574875300405,a,0.1086369,1.4736311,-0.91219085
146574875605092,g,0.037184387,-0.025233451,0.22227408
146574876094363,a,0.19587563,1.5993267,-0.4885668
146574876347644,g,-9.986854E-5,0.0024634239,0.18392456
146574876828582,a,0.3179799,0.8488941,-0.086490534
146574877077801,g,0.010552776,-0.00818922,0.045440186
146574921825301,a,-0.28431144,1.129764,-0.32845455
146574922152332,g,-0.013948306,-0.012450278,0.04437492
146574922737749,a,-0.22296004,1.8953099,0.43275195
146574922998374,g,-0.0075567197,0.0056592175,0.07100653
146574951054988,a,-0.78918874,2.2541409,-0.3024176
146574951348374,g,0.008422247,-0.0028628982,0.034787543
146574951862124,a,-0.46267948,2.2698529,0.30301616
146574952115144,g,0.0052264538,-7.323693E-4,-0.07280417
146574993556655,a,0.4499603,0.23582886,0.08259996
146574993850457,g,-0.0118177775,0.0056592175,-0.019540945
146574994363061,a,0.098461546,2.2584803,0.17357962
146574994614103,g,-0.029927272,0.014181333,0.027330691
146575060118530,a,-0.24705169,2.8259063,-0.13302784
146575060413946,g,-0.016078835,0.0056592175,0.0145475175
146575061102696,a,-0.786196,2.372654,-0.68623805
146575061350405,g,-0.012883042,3.3289514E-4,-0.003561978
146575061833530,a,-0.7721301,1.9934722,-0.018405426
146575062081238,g,9.653959E-4,0.0035286883,0.015612782
146575115465873,a,-0.240318,1.5485996,-0.2841618
146575115758530,g,-0.022470422,0.00885501,0.066745475
146575116265978,a,-0.68818337,1.8300679,-0.6290765
146575116516551,g,-0.023535686,0.03761715,0.18925089
146575116998061,a,-0.6398504,2.1778257,1.0564415
146575117251394,g,0.01907489,-0.009254484,0.37141111
146575151176134,a,-0.01436521,0.92775315,0.47689506
146575151473530,g,0.07020758,-0.02736398,0.3778027
146575151962071,a,0.90051913,0.84949267,-0.23418285
146575152212228,g,0.016944362,-0.0060586915,0.2158825
146575199313738,a,0.7472902,0.55126494,-0.32276833
146575199610457,g,-0.10769158,0.012050804,0.09976867
146575200163478,a,-0.24794951,0.5054758,0.13452421
146575200415873,g,0.028662272,-0.0017976337,0.25316674
146575251399519,a,-0.5009867,0.64448917,0.32127193
146575251691290,g,-0.035253596,-0.022037657,0.4225438
146575252190926,a,1.0254666,-0.32591072,0.13691841
146575254480405,g,-0.040579915,0.067444555,0.34691003
146575255152905,a,0.851438,-0.4161422,-0.39698857
146575255407748,g,-0.016078835,0.045074,0.066745475
146575299384571,a,-0.5918167,0.07990648,0.07466917
146575299677592,g,0.0020306604,0.01844239,-0.042976763
146575300258998,a,-0.030974984,-0.09008184,-0.1719336
146575300509728,g,0.07127285,0.0599877,0.13598767
146575354658061,a,0.7532757,-0.56518126,0.5056255
146575354950978,g,0.048902296,0.04720453,0.3234742
146575355441030,a,0.68384385,-1.0048165,0.5989993
146575355693686,g,0.10216552,0.042943474,0.37247637
146575356176707,a,-1.0986392,-0.5969044,0.0028431145
146575356423842,g,0.064881265,0.022703448,0.3085605
146575420876238,a,-1.0465654,-0.09636662,0.25902268
146575421169103,g,0.04038018,0.022703448,0.2638194
146575421728113,a,0.096815534,0.28550854,-0.25094226
146575421977175,g,-0.020339893,0.023768712,0.14557505
146575422460144,a,0.63521165,-0.51310736,1.5159786
146575422708165,g,0.107491836,0.036551885,0.10935605
146575475781342,a,0.5054758,-1.505504,1.2695254
146575476075821,g,-0.071472585,-0.018841865,0.049701244
146575476563321,a,-0.76539636,-1.1201872,0.065242
146575476817228,g,-0.20889169,-0.022037657,0.026265426
146575477320561,a,-0.3971382,-0.36900634,-0.87313545
146575477589988,g,-0.12580107,-0.0326903,0.14557505
146575540119155,a,0.08200141,0.42990884,1.0111012
146575540411863,g,0.08938234,-0.031625036,0.19990353
146575541165300,a,0.83138657,-0.8632594,0.3693056
146575541415769,g,-0.07892944,-0.068909295,0.025200162
146575553519884,a,0.2805705,-2.3056161,-0.3321955
146575553880352,g,-0.03418833,-0.067844026,-0.2698781
146575592968530,a,-0.102651395,-2.7419596,-0.74878657
146575593261967,g,0.006291718,0.00885501,-0.22939804
146575593754780,a,-0.61486095,-2.6431987,-0.41599256
146575594006759,g,0.15862453,-0.023102922,0.15303189
146575594504571,a,0.027832596,-2.9167361,-0.19587563
146575594751186,g,-0.2589591,-0.10086723,0.29577732
146575634148634,a,1.2786534,-3.5018194,-0.26755205
146575634442644,g,-0.060819943,-0.010319749,0.079528645
146575634932748,a,0.22505496,-2.853589,0.20201077
146575635180248,g,-0.05336309,0.0024634239,-0.2784002
146575695983113,a,-0.081702136,-1.6924013,0.42751464
146575696279727,g,-0.0075567197,-7.323693E-4,-0.32420656
146575696768061,a,0.01690905,-0.014963761,0.068534024
146575697014988,g,0.0073569827,-0.011385013,-0.0088883005
146575697519467,a,0.020949265,-0.0031423897,0.15711948
146575697769467,g,0.012683305,-0.0028628982,-3.6618466E-4
146575759844207,a,-0.001496376,-0.009576807,0.06135142
146575760140509,g,0.013748569,-7.323693E-4,0.006025402
146575760845769,a,0.02498948,0.011821371,0.11162966
146575763134936,g,0.0116180405,0.0024634239,0.011351724
146575763828946,a,0.051475335,-0.026785132,0.099658646
146575764086759,g,0.012683305,-7.323693E-4,0.032657012
146575816112227,a,0.07526772,-0.09591771,0.1834557
146575816408425,g,0.01907489,0.0024634239,0.079528645
146575816914311,a,0.60453594,-0.22535424,0.12584522
146575817163686,g,0.012683305,0.00885501,0.13385713
146575817664936,a,1.9916766,-0.011372458,-0.09920973
146575817913634,g,-0.0118177775,0.00885501,0.08272444
146575881728582,a,2.0320787,-0.4712088,0.13781624
146575882023529,g,-0.008621984,0.0056592175,0.019873839
146575893919519,a,1.3111247,0.022296004,0.25288755
146575894276602,g,0.0020306604,0.017377125,-0.09517472
146575895090144,a,1.2948142,0.18989012,-0.32890347
146575895363009,g,-0.027796743,0.012050804,-0.0717389
146575932209779,a,1.9120693,0.023044191,0.20754737
146575932508894,g,0.020140156,0.009920275,-0.16228637
146575933002019,a,2.133533,-0.41554365,-0.2665046
146575933253790,g,-0.0064914552,0.015246597,-0.3263371
146575933760457,a,2.6427498,-0.3636194,0.6242881
146575934009779,g,0.05529388,0.33482593,-0.34870765
146575971685352,a,1.0904093,-0.40761283,0.17163433
146575971984102,g,-0.2056959,-0.09447564,-0.11434948
146575972477279,a,-0.2057517,-0.19767128,1.7353473
146575972727696,g,-0.022470422,-0.06145244,-0.096239984
146576020031915,a,1.6404771,0.16849194,-1.6499043
146576020326654,g,-0.07040732,-0.007123956,-0.47334358
146576021013425,a,2.2153847,-1.0925041,1.3383588
146576021270561,g,-0.027796743,0.045074,-0.68320066
146576076330196,a,1.4443022,-0.40895957,0.9316437
146576076623061,g,-0.0064914552,3.3289514E-4,-0.27094334
146576077112748,a,1.2574048,0.9326912,-0.9187749
146576077363894,g,-0.008621984,-0.0028628982,-0.067477845
146576077847019,a,-0.074220255,0.5600936,0.93688107
146576078097540,g,0.0073569827,0.0056592175,-0.003561978
146576140607175,a,-1.2349591,-0.11611878,1.6192285
146576141044102,g,0.060620204,-0.018841865,-0.43179828
146576141603425,a,0.76449853,-0.45295304,-0.76315176
146576141854259,g,-0.0799947,-0.007123956,-0.6736133
146576142341602,a,0.81642276,-0.5574001,-0.13093291
146576142592748,g,-0.052297827,-0.025233451,-0.20702748
146576196487175,a,1.055394,0.36750996,-0.67187285
146576196784519,g,0.028662272,-0.019907128,-0.1409811
146576206920352,a,-0.22475569,-0.64014965,1.6291046
146576206960717,g,0.05422862,-0.049734533,-0.3231413
146576206989050,a,-0.6703765,-1.314716,-0.29343936
146576207014623,g,0.016944362,-0.011385013,-0.15482953
146576257486394,a,-1.0887632,0.101454295,0.4750994
146576257783425,g,0.009487512,0.023768712,-0.5361942
146576258343425,a,1.3986627,3.0238767,-1.6032174
146576259139883,g,-0.09277787,-0.61325943,-0.52873737
146576259632696,a,-0.6642413,0.27548283,-1.1164461
146576259883529,g,0.036119122,-0.00818922,-0.30077076
146576291971602,a,-0.84964234,-0.36616322,-0.16071078
146576292268425,g,-0.23445804,0.1707752,-0.113284215
146576292779675,a,-1.9478327,0.2677017,-0.04369418
146576293036446,g,0.051032823,0.17716679,0.23186146
146576334804883,a,1.3320739,2.6557682,0.08499416
146576335100561,g,0.2502373,0.54468304,0.25636253
146576335600821,a,-0.15592238,-1.6618752,1.5263035
146576335852904,g,-0.34524554,-0.6366952,-0.1708085
146576380374154,a,-2.2387283,-0.49290627,2.6743233
146576380668373,g,-0.0064914552,0.065314025,-0.3657519
146576381296342,a,0.57116675,-0.005087679,-3.9257426
146576381548165,g,0.046771765,0.14946991,-0.006757771
146576438319310,a,-1.5910966,-0.09591771,0.022744916
146576438616863,g,0.05955494,0.02589924,-0.13458951
146576439128633,a,-1.4185646,-0.11252748,0.32650927
146576439379415,g,0.11068763,0.022703448,-0.62248063
146576439866550,a,-0.43379942,0.28356326,-1.2877812
146576440115873,g,-0.025666215,-0.10086723,-0.37853506
146576473294935,a,-1.7757494,0.41674075,0.08619126
146576473588425,g,-0.16308533,0.0013981595,0.097638145
146576474076810,a,-2.036119,0.14021043,0.7282862
146576474326967,g,0.018009627,-0.043342948,0.20416458
146576531217175,a,-2.0189106,0.051774614,-0.11671733
146576531514102,g,-0.016078835,0.0013981595,-0.15696006
146576532362852,a,-1.9310733,0.0923264,-0.15741876
146576532616185,g,0.010552776,-0.0039281626,-0.18678746
146576533389988,a,-1.4224551,-0.0827496,0.11058219
146576533640977,g,0.014813834,-0.009254484,0.05609283
146576572050821,a,-0.06359598,-0.1654992,0.014814123
146576572348842,g,9.653959E-4,0.0013981595,-0.033389382
146576572864519,a,-0.34521395,-0.023642741,0.012419921
146576573117852,g,0.052098088,-0.02949451,0.0017643442
146576620825040,a,-1.7645266,-0.45938745,-0.030825347
146576621119467,g,0.060620204,-0.041212417,-0.14524214
146576621697592,a,-2.7225065,-0.32591072,0.8643068
146576621949415,g,0.15755926,-0.04014715,-0.42327616
146576677032019,a,-0.93134445,-0.13198037,1.335366
146576677325092,g,0.06807706,-0.017776601,-0.42434144
146576677812487,a,-1.75076,0.12195465,-0.53704935
146576678063894,g,-0.042710446,0.0930109,-0.3060971
146576678545925,a,-1.2753613,-0.4777929,-1.6552912
146576678794362,g,-0.06401573,0.054661382,0.032657012
146576740308685,a,-1.8840871,-0.79951376,-0.029478608
146576740602540,g,-0.036318857,0.07383614,0.13066134
146576741277435,a,-2.5971103,-0.6476316,1.591396
146576741529987,g,0.027597006,0.11431619,-0.28266126
146576742015873,a,-2.19668,-0.29328972,0.511611
146576744257644,g,-0.012883042,-0.007123956,-0.37214348
146576790123112,a,-2.1217117,0.41704002,-1.3221979
146576790414727,g,-0.009687249,0.0067244815,0.1349224
146576791048633,a,-1.2882302,0.21024084,1.4191631
146576791313529,g,-0.05123256,-0.00818922,0.3863248
146576791809102,a,-1.0353426,-0.682946,0.87119013
146576792057904,g,0.11068763,0.14733939,-0.08771787
146576852853946,a,-1.5113398,0.24899697,-0.67067575
146576852886602,g,0.056359146,-0.04440821,-0.30290127
146576852905925,a,-2.0763714,0.79846627,-0.393098
146576852923998,g,-0.03418833,-0.29154956,0.2158825
146576852941342,a,-0.70958155,0.29688102,0.25318682
146576852958164,g,-0.15882427,-0.17756626,0.5695503
146576895315769,a,1.3878888,0.48033673,0.23403321
146576895612539,g,0.079794966,0.16331835,0.31495208
146576896105092,a,-0.17238252,-0.712275,0.56667763
146576896352383,g,0.093643405,-7.323693E-4,-0.044042025
146576960995769,a,-0.19363107,-0.703596,-1.7438767
146576961292279,g,-0.084255755,0.08768458,0.10722552
146576961847383,a,-0.07332243,0.28042087,-0.2498948
146576962099310,g,-0.07786417,0.0056592175,0.48006806
146576962586706,a,1.233762,0.21936873,0.14784196
146576962835300,g,0.015879098,-0.047604006,0.34051844
146577017210873,a,1.0953473,-0.14410101,-0.9008184
146577017505717,g,-0.04910203,0.044008736,-0.08132628
146577017994310,a,0.9120412,-0.40566754,0.7079355
146577018246133,g,0.046771765,-0.0060586915,0.11468238
146577018729727,a,0.2641104,0.09891046,-0.067935474
146577018977852,g,-0.056558885,-0.0017976337,0.44597962
146577082807748,a,0.86595285,0.3410241,0.39414546
146577083102279,g,0.044641238,-0.022037657,0.27234152
146577083663841,a,1.6168343,-0.95827925,0.8680478
146577083914154,g,0.0030959249,0.03442136,-0.21661486
146577084394050,a,0.33758244,-0.7163152,0.4849755
146577084643685,g,0.020140156,-0.031625036,-0.338055
146577137300716,a,0.30585927,0.4369418,-0.0104746325
146577137593789,g,0.0116180405,-0.055060856,0.13918346
146577138105925,a,-0.3453636,0.3597288,-3.1684268
146577138358164,g,-0.4208793,0.46904925,0.59831244
146577147911862,a,3.4653077,-0.0712275,0.8807669
146577147951289,g,0.07446864,3.3289514E-4,0.39910796
146577199924935,a,2.8703485,0.22430678,0.9304466
146577200221446,g,0.11601395,0.032290827,0.028395955
146577200903737,a,0.80340433,0.5216367,0.50158525
146577201156602,g,-0.0799947,-0.17330521,0.049701244
146577202093216,a,2.7539306,-0.070778586,0.20440497
146577202351341,g,-0.038449388,-0.033755567,0.3415837
146577233705352,a,2.9281087,0.08065467,-0.005985504
146577233998529,g,0.0030959249,0.0035286883,0.3415837
146577234486706,a,2.9771898,0.06344634,0.16639702
146577236789675,g,0.015879098,-0.0028628982,0.035852805
146577275658164,a,1.103278,-0.362123,0.18570027
146577275953633,g,-0.0032956619,-0.00818922,-0.030193588
146577276442383,a,0.55485624,-0.12644377,0.17851767
146577276692591,g,0.006291718,-0.007123956,0.15090136
146577343016029,a,1.0274118,-0.002992752,0.22161329
146577343309675,g,-0.015013571,3.3289514E-4,0.14131398
146577343868060,a,0.8159739,-0.10923545,0.21458033
146577344122591,g,0.026531743,3.3289514E-4,0.024134897
146577344607748,a,-0.007930793,0.0034416649,0.1714847
146577344857123,g,0.009487512,0.0035286883,0.0017643442
146577375757435,a,0.41120413,0.11611878,1.4667478
146577376049831,g,0.018009627,0.18781944,0.027330691
146577376540091,a,-0.6266823,0.098461546,-0.044143096
146577376788008,g,0.25982466,-0.015646072,0.032657012
146577444876810,a,0.0011971008,-0.20859483,0.0537199
146577445171810,g,-0.06614626,-0.00818922,0.0017643442
146577445752591,a,5.985504E-4,-0.07466917,0.06569091
146577446004310,g,-0.021405157,0.0024634239,6.9907977E-4
146577446577643,a,-0.03247136,-0.032920275,0.09442133
146577446829050,g,-0.012883042,-0.0017976337,0.0017643442
146577497601498,a,-0.017806875,-0.014215573,0.056114104
146577497903164,g,-0.0118177775,0.0013981595,6.9907977E-4
146577498414987,a,-0.019452889,-0.023942016,0.10399814
146577498667331,g,-0.0064914552,0.0013981595,-3.6618466E-4
146577499162591,a,0.0,-0.055216275,0.08723872
146577499413268,g,-0.001165133,-0.0028628982,0.0017643442
146577535857227,a,0.0073322426,-0.029029695,0.15906477
146577536155143,g,-0.0022303974,3.3289514E-4,0.0017643442
146577536658216,a,-0.026036944,-0.0073322426,0.07047931
146577536909935,g,-9.986854E-5,0.0024634239,-3.6618466E-4
146577581615716,a,0.008379706,-0.016759412,0.09920973
146577581906914,g,-0.0032956619,0.007789746,-0.0014314491
146577582486602,a,-0.019602526,-0.019003976,0.15188217
146577582738112,g,-0.001165133,-0.0017976337,-3.6618466E-4
146577637779466,a,-0.017058687,0.021697452,0.13033436
146577638074310,g,9.653959E-4,0.0024634239,-0.0014314491
146577638581966,a,-0.025887307,-0.0070329676,0.13512276
146577638833789,g,-9.986854E-5,3.3289514E-4,-0.0014314491
146577639330404,a,8.9782564E-4,0.0025438394,0.13272856
146577639580612,g,0.0020306604,3.3289514E-4,-3.6618466E-4
146577680479310,a,-0.058807578,-1.496376E-4,0.16624738
146577680918581,g,-0.001165133,0.0013981595,0.0017643442
146577681501758,a,-0.057760116,-0.05761048,0.13512276
146577681751654,g,-9.986854E-5,-0.0028628982,6.9907977E-4
146577737829414,a,-0.019153614,-0.047884032,0.13991116
146577738122175,g,9.653959E-4,3.3289514E-4,6.9907977E-4
146577738620352,a,-0.023942016,-0.040551793,0.14694414
146577738872070,g,0.0020306604,-0.0028628982,6.9907977E-4
146577739367070,a,-0.0043394906,-0.02124854,0.15427637
146577739949154,g,-9.986854E-5,0.0013981595,6.9907977E-4
146577781694362,a,0.036810853,-0.028281508,0.1110311
146577782008425,g,9.653959E-4,3.3289514E-4,6.9907977E-4
