135949119891434,g,-0.06225139,-0.016844494,0.053213153
135949119928205,a,0.6013935,-0.537199,9.739613
135949119947736,g,-0.08994827,0.002330266,0.05214789
135949119965132,a,0.6277298,-0.72394675,9.832987
135949159512840,g,-0.088883,0.010852382,0.034038395
135949159549819,a,0.5678747,-0.71436995,9.595961
135949159568413,g,-0.10486197,0.025766084,0.027646808
135949159585705,a,0.6013935,-0.9992799,9.703699
135949206254767,g,-0.053729273,0.014048175,0.009537312
135949206689507,a,0.56548053,-1.011251,9.734824
135949207078257,g,0.0059255334,0.028961876,0.012733106
135949207364351,a,0.75941086,-1.0280104,9.40203
135949240519871,g,0.063449815,-8.6552737E-4,0.021255221
135949240879090,a,0.45295304,-0.5755062,9.758766
135949241141903,g,0.051731903,0.0055260593,-0.0043111253
135949241420444,a,0.5822399,-0.74788874,9.785102
135949310063726,g,0.02403503,0.0033955304,-5.006743E-5
135949310498153,a,0.5702689,-0.822109,9.574412
135949310761746,g,0.03894873,0.010852382,-0.016029034
135949311066278,a,0.5678747,-0.7885902,9.698911
135949311323934,g,0.047470845,1.9973709E-4,-0.018159563
135949311606434,a,0.49126026,-0.83647424,9.481039
135949339057892,g,0.04107926,0.009787117,0.008472048
135949339416278,a,0.55590373,-0.4127005,10.362105
135949339683673,g,0.036818203,-0.031758197,-0.0053763897
135949339965757,a,0.8192659,-1.272219,9.7563715
135949381177111,g,0.016578177,0.0065913238,0.0074067838
135949381536434,a,0.25662848,-0.46297875,9.085996
135949381801642,g,0.078363515,0.03215767,-0.0043111253
135949382082944,a,0.79532385,-0.7957728,10.500969
135949421204819,g,0.035752937,-0.039215047,-0.0043111253
135949421576798,a,0.64688337,-0.75267714,9.251195
135949425781434,g,-0.06544718,0.034288198,0.03297313
135949425813621,a,0.5822399,-0.70958155,9.742006
135949461506955,g,-0.0068576396,0.008721853,-0.0011153319
135949461543778,a,0.6397008,-0.8149264,9.923966
135949461563048,g,-0.032423984,0.034288198,0.029777337
135949461581278,a,0.49604866,-0.6952163,9.7084875
135949502154090,g,-0.005792375,0.046006106,0.044691037
135949502602736,a,0.5343559,-0.84844524,9.481039
135949502891225,g,-0.01431449,0.042810313,0.03510366
135949503110965,a,0.49126026,-0.8268974,9.821015
135949566408778,g,0.03362241,0.03641873,0.019124692
135949566841434,a,0.5774515,-0.84844524,9.811439
135949567185132,g,0.015512913,0.028961876,0.019124692
135949567467163,a,0.43379942,-0.72394675,9.363723
135949567724142,g,0.0219045,0.044940844,-0.009637447
135949568007736,a,0.5415385,-0.6521207,10.072407
135949601072996,g,0.09647301,0.023635555,-0.04585644
135949601429611,a,0.65885437,-0.76225394,9.598354
135949601694871,g,-0.0015313176,0.038549256,-0.04585644
135949601977580,a,0.3883096,-0.6976105,9.572019
135949640729507,g,0.03894873,0.050267164,-0.07355332
135949641089819,a,0.6229414,-0.6664859,9.801862
135949641357163,g,0.019773971,0.018309232,-0.04905223
135949641640757,a,0.42901102,-0.5707178,9.768343
135949687164298,g,0.015512913,0.06518087,-0.08101016
135949687597632,a,0.41704002,-0.5659294,9.634268
135949687860809,g,-0.029228192,0.028961876,-0.052248023
135949688140757,a,0.48168346,-0.7047931,9.861717
135949721185080,g,-0.020706078,0.027896613,-0.061835404
135949721541121,a,0.42182842,-0.6808511,9.64145
135949721804142,g,-0.05799033,0.050267164,-0.042660646
135949722095496,a,0.3954922,-0.70958155,9.65821
135949788745913,g,-0.06757771,0.024700819,-0.023485884
135949789180757,a,0.46252984,-0.70718735,9.758766
135949791512423,g,-0.0739693,0.007656588,0.0063415193
135949791894715,a,0.440982,-0.6616975,9.648633
135949792158309,g,-0.103796706,1.9973709E-4,0.003145726
135949792437632,a,0.49126026,-0.9178771,9.7324295
135949822185965,g,-0.08355668,-0.008322379,-5.006743E-5
135949822541329,a,0.5032313,-0.9083003,9.639056
135949822804975,g,-0.049468216,-0.014713965,0.010602577
135949823087267,a,0.48647186,-0.62578446,9.742006
135949861652007,g,-0.048402954,-0.014713965,0.019124692
135949862007736,a,0.47928926,-0.71676415,9.773131
135949862271954,g,-0.09420932,-0.0051265853,0.016994163
135949862553204,a,0.5032313,-0.85083944,9.713276
135949907656850,g,-0.1219062,-0.0051265853,0.0148636345
135949908093725,a,0.4385878,-0.9585785,9.68694
135949908358413,g,-0.11125355,-0.009387643,0.012733106
135949908643569,a,0.44577044,-1.0806828,9.696517
135949941121746,g,-0.06651245,-0.021105552,0.01379837
135949941500444,a,0.44816464,-0.84605104,9.691729
135949941767475,g,-0.042011365,-0.029627668,0.028712071
135949942051277,a,0.43140522,-0.84844524,9.718064
135949982166382,g,-0.05266401,-0.028562402,0.009537312
135949982524142,a,0.5104139,-0.9873089,9.730036
135949982787163,g,-0.051598746,-0.029627668,0.010602577
135949983069454,a,0.49844286,-0.9681553,9.588778
135950022150496,g,-0.048402954,-0.028562402,0.003145726
135950022510132,a,0.43619362,-0.9992799,9.727641
135950022767319,g,-0.02390187,-0.050932955,0.003145726
135950023047007,a,0.5678747,-0.83168584,9.7563715
135950061836277,g,-0.036685042,-0.058389805,0.027646808
135950062203048,a,0.56548053,-0.9968857,9.636662
135950067120184,g,-0.068642974,-0.028562402,0.0020804615
135950067153256,a,0.49604866,-1.1501147,9.643845
135950102668725,g,-0.03561978,-0.028562402,0.0063415193
135950102705496,a,0.6085761,-1.0758944,9.835381
135950102724923,g,0.011251856,-0.026431873,-0.0032458608
135950102742111,a,0.5128081,-0.82929164,9.562442
135950146797579,g,0.015512913,-0.024301345,0.001015197
135950147358986,a,0.5726631,-1.0040684,9.68694
135950147628309,g,0.006990798,-0.031758197,-0.0170943
135950147910652,a,0.55350953,-1.083077,9.7324295
135950181957944,g,0.016578177,-0.027497139,-0.008572183
135950182313100,a,0.5487211,-0.9729437,9.674969
135950182577527,g,0.022969764,-0.03495399,-0.0043111253
135950182862006,a,0.6037877,-0.9944915,9.821015
135950222107579,g,0.017643442,-0.036019254,-0.0043111253
135950222470600,a,0.5846341,-0.9298481,9.694122
135950222733413,g,0.01231712,-0.013648701,-0.0011153319
135950223015444,a,0.5391443,-1.0687118,9.600749
135950269243621,g,0.037883468,-0.017909758,0.001015197
135950269680392,a,0.5774515,-0.86759883,9.758766
135950272012840,g,0.05599296,-0.031758197,0.0074067838
135950272387892,a,0.5678747,-1.0256162,9.665392
135950302128986,g,0.04640558,-0.018975023,0.011667841
135950302488465,a,0.5750573,-0.9059061,9.662998
135950302752527,g,0.044275053,-0.021105552,0.0148636345
135950303039298,a,0.5391443,-0.85083944,9.68694
135950339996329,g,0.040013995,-0.031758197,0.008472048
135950340354767,a,0.6253356,-1.023222,9.828198
135950340620392,g,0.042144522,-0.030692931,0.01379837
135950340900444,a,0.6827964,-0.881964,9.782708
135950387612267,g,0.1508015,-0.06904245,-0.018159563
135950388058621,a,0.5487211,-0.8747814,9.940725
135950704689715,g,-0.01431449,0.09926933,0.047886834
135950704720704,a,0.4122516,-0.86281043,9.770737
135950422605131,g,0.06558034,-0.037084516,-0.016029034
135950422642215,a,0.5942109,-0.8891467,9.7563715
135950422661486,g,0.12097409,-0.06904245,0.011667841
135950423162111,a,0.75941086,-0.9178771,9.797073
135950462472058,g,0.02936135,0.008721853,0.0159289
135950462509142,a,0.713921,-1.071106,9.76116
135950462528517,g,0.07516772,0.021505026,0.03297313
135950462546225,a,0.7067384,-0.83647424,9.787497
135950507740235,g,0.12843095,0.008721853,0.04256051
135950508176017,a,0.91263974,-0.6688801,10.060435
135950508444350,g,0.14547518,-0.013648701,0.022320485
135950508723777,a,0.74743986,-0.49889177,9.854534
135950540379298,g,0.109256186,0.0673114,0.01379837
135950540731902,a,0.5487211,-0.7000047,9.785102
135950540996485,g,0.14867097,0.033222936,0.016994163
135950541281538,a,0.6037877,-0.71197575,9.840169
135950582338465,g,0.09647301,0.030027142,0.031907864
135950582717944,a,0.725892,-0.30256724,9.856929
135950582980965,g,0.09647301,0.030027142,0.026581543
135950583265704,a,0.5128081,-0.37918168,9.952697
135950621050392,g,0.047470845,0.07902931,0.05214789
135950621087631,a,0.46013564,-0.47973818,9.76116
135950621107527,g,-0.012183961,0.089681946,0.055343684
135950621125079,a,0.35000235,-0.5515642,9.581595
135950662432840,g,-0.019640813,0.0822251,0.051082626
135950662876173,a,0.47210664,-0.61381346,9.792285
135950663168881,g,-0.0260324,0.07157245,0.056408945
135950663387371,a,0.5152023,-0.45100775,9.938332
135950702128465,g,-0.07183877,0.08542089,0.047886834
135950702768621,a,0.46971244,-0.72634095,9.856929
135950704689715,g,-0.01431449,0.09926933,0.047886834
135950704720704,a,0.4122516,-0.86281043,9.770737
135950746141485,g,0.06238455,0.10885671,0.055343684
135950746577058,a,0.46013564,-0.7933786,9.797073
135950746839871,g,0.06664561,0.0822251,0.05747421
135950747200183,a,0.5104139,-0.6664859,9.722853
135950784308465,g,0.05812349,0.09926933,0.07451844
135950784685965,a,0.34042555,-0.5779004,9.639056
135950784949298,g,0.07729825,0.103530385,0.062800534
135950785229402,a,0.2614169,-0.5563526,9.7563715
135950822158829,g,0.06664561,0.088616684,0.07132265
135950822518048,a,0.41704002,-0.48931497,9.598354
135950822780079,g,0.06025402,0.07902931,0.048952095
135950823063204,a,0.42422262,-0.43185413,9.61272
135950868073412,g,-0.007922905,0.09181248,0.041495245
135950868508829,a,0.29972413,-0.59226567,9.449914
135950868772215,g,-0.059055597,0.10885671,0.03510366
135950869054923,a,0.29493573,-0.71436995,9.284714
135950902659767,g,-0.06970824,0.08648615,0.044691037
135950903015131,a,0.31408933,-0.71915835,9.167398
135950903285287,g,-0.055859804,0.06091981,0.018059427
135950903569714,a,0.2662053,-0.5515642,9.349358
135950940838152,g,-0.027097665,0.030027142,0.024451014
135950941355444,a,0.29972413,-0.41988313,9.394848
135950941619194,g,-0.037750307,-8.6552737E-4,0.010602577
135950941900548,a,0.34521395,-0.4103063,9.636662
135950988192058,g,-0.08462194,-0.031758197,-5.006743E-5
135950988631954,a,0.393098,-0.34326866,9.952697
135950988896694,g,-0.23908529,-0.047737163,-0.030942736
135950989176017,a,0.23747487,0.14036007,10.235212
135951022763829,g,-0.6545384,-0.031758197,-0.03839959
135951023131069,a,0.22310968,0.7436989,10.469844
135951027713256,g,-1.4204636,-0.06797719,-0.050117496
135951027746954,a,0.48647186,1.6989853,9.622296
135951063052058,g,-2.5038373,-0.015779229,-0.11829442
135951063090235,a,0.65406597,-0.4103063,9.425972
135951063108412,g,-3.2484572,0.17170732,-0.020290092
135951063125392,a,0.37633857,-3.6041713,9.222465
135951108328204,g,-2.8990505,0.2856906,-0.0170943
135951108768777,a,-0.03546411,-3.6903627,9.131485
135951109034350,g,-2.1373866,0.15572834,-0.27382302
135951109320027,a,0.33084875,-2.7494414,8.832211
135951141492839,g,-1.7219334,0.061985075,-0.40591583
135951141849662,a,0.5511153,-4.370316,8.59279
135951142111381,g,-1.2745223,0.072637714,-0.27169248
135951142393048,a,0.56548053,-6.2593412,8.595184
135951183172891,g,-0.5831657,0.06305034,-0.22588612
135951183209714,a,0.5726631,-5.3519387,8.62152
135951183228829,g,0.13482253,0.0129829105,-0.32815152
135951183246173,a,0.5247791,-4.015974,8.738836
135951222928777,g,0.35320175,-0.012583436,-0.24825668
135951223286433,a,0.47689506,-4.051887,8.446744
135951223662110,g,0.11351724,0.019374497,-0.18221028
135951223883256,a,0.34042555,-4.990414,8.106767
135951262674871,g,0.047470845,0.0129829105,-0.09272807
135951262711537,a,0.20395605,-5.098153,8.099585
135951264994506,g,0.44587973,0.0012650015,-0.09166281
135951265385235,a,0.20395605,-5.344756,8.413225
135951303810079,g,1.0956911,-0.054128747,-0.014963769
135951304171016,a,0.112976395,-4.547487,8.674192
135951304433048,g,1.4674684,-0.10739197,0.037234187
135951304758881,a,-0.04504092,-3.0918121,8.6813755
135951345970027,g,1.4450978,-0.12976253,0.07132265
135951346413725,a,0.09142858,-2.3639748,8.63828
135951665974975,g,0.27863324,0.0673114,0.11286796
135951666004506,a,0.90306294,-1.0280104,10.419566
135951383921589,g,0.8783771,-0.20326577,0.14908695
135951383958308,a,0.393098,-2.5579052,9.279925
135951383976954,g,0.7867644,-0.1936784,0.16080487
135951383994454,a,0.44816464,-2.6249428,9.5385
135951422386068,g,0.890095,-0.20752683,0.13523851
135951422423204,a,0.3978864,-2.2442648,9.473856
135951422443048,g,1.07119,-0.23096265,0.12778166
135951422460443,a,0.5247791,-1.2841899,9.674969
135951468676485,g,0.99022985,-0.2235058,0.1384343
135951469111537,a,0.689979,-0.5802946,9.988609
135951469378621,g,0.6962169,-0.20006998,0.13736904
135951469661433,a,0.76180506,-1.1764508,9.792285
135951502140548,g,0.29035112,-0.13721937,0.13949957
135951502499246,a,0.75701666,-1.7319057,9.785102
135951502763256,g,0.28076375,-0.10100038,0.05747421
135951503043048,a,0.85996735,-1.3775638,10.328587
135951542104298,g,0.44481447,-0.120175146,-5.006743E-5
135951542461693,a,0.9581296,-1.1046249,10.745177
135951542900912,g,0.44374922,-0.07010771,-0.02987747
135951543186225,a,0.88630354,-1.3488334,10.512939
135951588777423,g,0.37770283,-0.002996056,0.010602577
135951589214558,a,0.91742814,-1.1860276,10.254366
135951589478256,g,0.3926165,0.024700819,0.0074067838
135951589759558,a,0.9796774,-0.9011177,10.228029
135951623599506,g,0.28076375,0.034288198,0.04682157
135951623636589,a,0.86714995,-0.9609727,10.359711
135951623655339,g,0.06238455,0.06624613,0.08730162
135951623673673,a,0.7211036,-1.0878654,10.342952
135951663399350,g,0.1476057,0.07157245,0.04256051
135951663857475,a,0.78814125,-1.2530653,10.192117
135951665974975,g,0.27863324,0.0673114,0.11286796
135951666004506,a,0.90306294,-1.0280104,10.419566
135951707880600,g,0.33402696,0.089681946,0.13417324
135951708317423,a,0.5128081,-0.60184246,10.5440645
135951708581433,g,0.18808575,0.14614096,0.17252277
135951708867318,a,0.3883096,-0.5419874,10.448297
135951765470287,g,0.026165558,0.15253255,0.13523851
135951765507683,a,0.47928926,-0.4007295,10.386047
135951765526329,g,0.008056062,0.15785888,0.17678383
135951765543829,a,0.56069213,-0.59226567,10.524911
135951767836068,g,-0.12936305,0.23349264,0.2076765
135951768213100,a,0.4074632,-0.6832453,10.761936
135951830773568,g,-0.3946139,0.34108436,0.23537338
135951831210600,a,0.010025719,-0.74070615,11.152191
135951831478725,g,-0.5288372,0.46358976,0.2076765
135951831760495,a,-1.2780548,-1.356016,11.892
135951832024506,g,-0.43828973,0.57544255,0.22898178
135951832302995,a,-1.2014403,-1.415871,11.757924
135951863597006,g,-0.19967051,0.4476108,0.26307026
135951863957475,a,-0.27967268,-0.85323364,11.370064
135951864220287,g,-0.08249141,0.4263055,0.33870402
135951864501485,a,0.21113867,-0.30974984,10.91756
135951930935600,g,-0.38183072,0.5338972,0.3632051
135951931373464,a,0.15367782,-0.19482817,10.647015
135951931636329,g,-0.7674564,0.7117964,0.3056808
135951931916850,a,-0.1455974,-0.9202713,10.304645
135951932180183,g,-0.898484,0.82258385,0.27904922
135951932459141,a,-0.05701193,-1.415871,9.660604
135951963691433,g,-0.86333025,0.8279102,0.21726388
135951964053204,a,0.16804303,-1.5355811,8.963891
135951964321381,g,-0.7024753,0.8609334,0.12032481
135951964613672,a,-0.11207857,-1.427842,8.525752
135952030939089,g,-0.83882916,0.92804503,0.025516279
135952031377683,a,-0.6818986,-1.083077,8.439561
135952031647839,g,-1.3192635,0.9301756,-0.061835404
135952031933308,a,-1.2325649,-2.210746,7.93199
135952032193047,g,-1.5227289,0.9248493,-0.071422786
135952032474193,a,-1.2421417,-3.8483799,7.1251445
135952063767995,g,-1.2510865,0.8374976,-0.06396593
135952064127162,a,-1.0960954,-4.585794,6.7133417
135952064397318,g,-0.47770452,0.72777534,-0.13320813
135952064680704,a,-0.9931448,-3.2737715,6.8809357
135952131011641,g,0.07303719,0.5871604,-0.2386693
135952131449506,a,-0.8423101,-2.6057892,7.0724716
135952131712058,g,0.109256186,0.47956872,-0.24825668
135952131991797,a,-1.268478,-3.1684268,6.6726403
135952132251797,g,-0.042011365,0.45293713,-0.22588612
135952132533881,a,-1.3450924,-3.5323453,6.682217
135952163883777,g,-0.030293457,0.30166957,-0.18860187
135952164241693,a,-1.2086229,-3.494038,6.9000893
135952164508099,g,0.09540775,0.1812947,-0.21203768
135952164790339,a,-1.5150808,-3.1684268,7.2951326
135952227488881,g,0.018708706,0.09607354,-0.2418651
135952227848933,a,-2.183063,-3.44376,8.327033
135952228112683,g,0.032557145,0.011917646,-0.2567788
135952228399506,a,-2.621202,-3.668815,8.439561
135952228661693,g,0.1774331,-0.12976253,-0.19818924
135952228944922,a,-2.2716484,-3.8795047,8.643068
135952263992058,g,0.4927514,-0.29274797,-0.13427338
135952264348672,a,-1.8454806,-4.114136,8.9758625
135952266687006,g,0.6333663,-0.35985965,-0.043725908
135952267127735,a,-1.7736546,-3.6640265,9.205706
135952332991016,g,0.6738463,-0.36305544,-0.006441654
135952333436849,a,-2.0777183,-3.2115223,9.856929
135952338722943,g,0.7441538,-0.35027227,0.11819428
135952338755860,a,-2.2572832,-2.8212674,10.175357
135952338782735,g,0.8048739,-0.34920698,0.25667867
135952338807683,a,-2.0513818,-2.1532853,10.125079
135952382050651,g,0.67278105,-0.34494594,0.3248556
135952382087735,a,-1.8311154,-2.1484969,9.916783
135952382107318,g,0.5044693,-0.29274797,0.3237903
135952382124141,a,-1.4648025,-1.9904795,11.192893
135952382140860,g,0.5587978,-0.2235058,0.27691868
135952382157110,a,-2.0657473,-1.2865841,12.569559
135952423434922,g,0.8996824,-0.10739197,0.2524176
135952423471849,a,-2.6547208,-0.5539584,12.7730665
135952423491016,g,0.8964866,-0.0764993,0.31313768
135952423508724,a,-1.7114053,-0.31693244,12.466608
135952469166953,g,0.78143805,-0.11165303,0.3099419
135952469605964,a,-1.2205939,-0.47255555,12.650962
135952469871485,g,0.54175353,0.0065913238,0.29715872
135952470153256,a,-1.7305589,-0.59465986,13.385982
135952525508360,g,0.4863598,0.14614096,0.2641355
135952525863985,a,-1.9963154,-0.47973818,13.532028
135952526128203,g,0.6770421,0.17916416,0.3035503
135952526412631,a,-1.4576199,-0.6569091,13.022063
135952526669714,g,0.91566133,0.2079263,0.29609343
135952527066849,a,-1.4288895,-0.49170917,12.557588
135952590085599,g,1.0232531,0.35812858,0.22578599
135952590520860,a,-2.0657473,-0.12779051,12.6461735
135952590787474,g,1.079712,0.4508066,0.21832915
135952591074766,a,-2.0729299,0.042197805,12.595895
135952591333620,g,1.0296446,0.4838298,0.18743648
135952591612058,a,-1.6802807,-0.022445641,12.186486
135952646066797,g,1.0307099,0.60207415,0.048952095
135952646433151,a,-1.5222634,-0.18764555,11.992557
135952651738933,g,1.2150006,0.7469501,-0.026681678
135952651773151,a,-1.7114053,0.19542672,11.69807
135952651800130,g,1.4035524,0.83430177,-0.0799449
135952652029714,a,-1.4408605,0.90650463,11.365275
135952684881172,g,1.4493588,0.89715236,-0.24612615
135952684917526,a,-1.2756606,1.1435306,10.800244
135952684937422,g,1.2512196,1.0793126,-0.3973937
135952691343360,a,-1.7425299,0.47554833,10.278308
135952746544818,g,1.1500195,1.2359065,-0.45491797
135952746581641,a,-1.5821184,0.26485857,10.204087
135952746600808,g,1.2022175,1.2540159,-0.56250966
135952746618203,a,-1.1918635,0.82031333,9.382876
135952746634714,g,1.2469586,1.3520203,-0.79047626
135952746651016,a,-1.7353473,1.1938088,8.540117
135952791738776,g,1.1830428,1.495831,-0.84587
135952792177058,a,-2.2620716,1.2129624,8.1881695
135952792447995,g,1.1020826,1.5256584,-0.98009336
135952792729349,a,-2.1136312,1.0501567,8.331821
135952824520130,g,1.0275141,1.5171363,-1.0930114
135952824883151,a,-1.9364603,0.4468179,7.908048
135952825148672,g,1.0807773,1.5448332,-1.0621186
135952825429818,a,-2.5996542,0.81313074,7.041347
135952864578203,g,1.0307099,1.6300544,-1.1654494
135952864941745,a,-3.3346741,1.1794436,7.513005
135952865217683,g,0.84215814,1.5895742,-1.0983377
135952865500130,a,-4.0050507,0.43484688,7.383718
135952931817214,g,0.7888949,1.6343154,-1.1302956
135952932251797,a,-4.6730328,0.626383,7.1131735
135952932518776,g,0.80806965,1.5853132,-1.0770324
135952932801797,a,-4.5724764,0.7197569,7.050924
135952933060755,g,1.0594721,1.4979615,-1.1430788
135952933352057,a,-4.854992,0.9376292,6.4044895
135952986785287,g,1.2533501,1.5352458,-1.0376176
135952986820807,a,-5.175815,1.1076176,5.616797
135952986839818,g,1.2789165,1.4830478,-1.0930114
135952986856120,a,-5.539734,1.9000983,6.1411276
135952986872735,g,1.0328405,1.4010224,-1.1015335
135952986888985,a,-5.455937,1.5816694,6.1866174
135953046473360,g,0.8432234,1.4106098,-1.1537315
135953047237318,a,-5.8222494,1.4547768,5.973533
135953047271901,g,0.79209065,1.439372,-1.123904
135953047728203,a,-6.0951886,1.5792753,5.499481
135953047758620,g,0.7398927,1.3903698,-1.180363
135953047976693,a,-6.0712466,1.4260464,5.2504845
135953106540339,g,0.6536063,1.3616077,-1.1782326
135953107295234,a,-6.6410666,1.3135189,4.759673
135953107327682,g,0.5279051,1.3818477,-1.0855545
135953107782162,a,-7.1031475,1.2488755,4.853047
135953107812734,g,0.45866293,1.2593423,-1.1217735
135953108028776,a,-6.600365,1.2536639,4.8482585
135953172069609,g,0.30526483,1.1315106,-1.1409483
135953172511276,a,-6.9116116,0.77003515,4.367024
135953172774089,g,0.18169416,1.2327107,-1.0418787
135953173056641,a,-7.3497505,0.26246437,3.6631286
135953173316380,g,0.13695306,1.2348412,-1.047205
135953173599245,a,-7.617901,0.48991352,3.9264908
135953226586276,g,0.22750053,1.1187274,-1.0035292
135953227089662,a,-7.1989155,0.09726445,4.074931
135953227360755,g,0.3425491,1.0505505,-0.9470701
135953227642526,a,-7.706486,-0.3576339,3.6750996
135953227903932,g,0.4022039,1.1996875,-0.8650448
135953228186953,a,-7.977031,-0.19003975,3.323152
135953264945182,g,0.44907555,1.1304452,-0.84160894
135953265314609,a,-8.087165,0.054168813,3.691859
135953271661380,g,0.43416184,1.0441589,-0.7191036
135953271687474,a,-8.582765,-0.005686229,2.9975405
135953305248932,g,0.2733069,1.1666642,-0.676493
135953305285807,a,-8.680926,0.025438393,2.7222073
135953305304818,g,0.132692,1.0675946,-0.70738566
135953305322057,a,-8.367286,0.054168813,2.5234885
135953373941484,g,0.028296087,1.0111357,-0.6541224
135953374377057,a,-8.55164,-0.12539631,2.1332338
135953374643307,g,-0.11231882,1.0643989,-0.6179034
135953374923620,a,-8.618677,-0.6616975,1.8435353
135953375184505,g,-0.13255884,1.0036788,-0.6456003
135953375464818,a,-8.506149,-0.6808511,1.3383588
135953405112630,g,-4.660532E-4,0.9472198,-0.56677073
135953405469661,a,-8.882039,-0.015263036,1.3359646
135953405735911,g,-0.03348925,0.871586,-0.48900643
135953406017943,a,-9.566781,-0.0032920274,1.0749966
135953445153984,g,-0.14001569,0.85667235,-0.5081812
135953445516068,a,-9.243564,-0.3624223,0.20350714
135953445779766,g,-0.20819262,0.758668,-0.6360129
135953446064089,a,-9.370457,-0.4103063,0.41180268
135953490666328,g,-0.25826004,0.6840995,-0.6179034
135953491104818,a,-9.34412,-0.86999303,0.019153614
135953491367266,g,-0.2806306,0.6617289,-0.65731823
135953491648359,a,-9.399187,-1.1333553,-0.15322891
135953547083724,g,-0.30832747,0.61059624,-0.64133924
135953547440807,a,-9.652972,-1.083077,-0.49320555
135953547706172,g,-0.31578434,0.5062003,-0.61683816
135953547990599,a,-9.487772,-1.190816,-0.19393034
135953548256693,g,-0.310458,0.29314744,-0.59446764
135953548537682,a,-9.001749,-1.6337434,0.18435353
135953590801536,g,-0.18369153,0.1898168,-0.5774234
135953591247630,a,-8.862885,-1.9354128,0.17956513
135953595793151,g,0.0059255334,0.1898168,-0.547596
135953595826797,a,-9.006537,-1.7678187,-0.16519992
135953647367266,g,0.14547518,0.15253255,-0.4932675
135953647404661,a,-9.281871,-1.6505028,-0.04070143
135953647423463,g,-0.031358723,0.11737882,-0.44426534
135953647440599,a,-9.176526,-1.889923,-0.16519992
135953647731172,g,-0.15705992,0.007656588,-0.40698108
135953648016849,a,-9.052028,-1.7702129,0.2753332
135953690896120,g,-0.21564947,-0.073303506,-0.32921678
135953691330234,a,-9.923517,-1.9402012,0.19632454
135953691596380,g,-0.23695476,-0.004061321,-0.32708624
135953691879505,a,-9.772682,-2.7901428,0.16280572
135953747244974,g,-0.055859804,-0.14467622,-0.38354525
135953747603932,a,-9.169344,-2.3448212,0.29688102
135953747870182,g,0.11671303,-0.25759426,-0.31110728
135953748149922,a,-9.755923,-1.4948797,-0.088585466
135953748410130,g,-0.05053348,-0.13934991,-0.29086727
135953748690338,a,-10.146178,-1.8611926,-0.4189853
135953792777526,g,-0.42231077,-0.17663416,-0.37395787
135953793210182,a,-9.301024,-2.4262242,0.06464344
135953793479349,g,-0.40420127,-0.33322802,-0.3941979
135953793760807,a,-9.07597,-1.9090766,-0.24420857
135953847364193,g,-0.32217592,-0.33216277,-0.38141474
135953847747161,a,-9.339332,-1.4829087,-0.36631286
135953848009297,g,-0.39994022,-0.37264282,-0.418699
135953848290859,a,-9.162161,-1.3153145,0.01436521
135953848550495,g,-0.47344345,-0.45253766,-0.46557063
135953848828099,a,-8.870069,-1.5331869,0.1364695
135953885566745,g,-0.41485393,-0.478104,-0.5433349
135953885929140,a,-8.577976,-1.4230536,0.33039984
135953886194245,g,-0.31898013,-0.534563,-0.6189687
135953886483203,a,-8.561216,-1.2961609,0.15083471
135954229459088,g,0.19980367,-1.1023489,-1.087685
135953947861953,a,-8.242787,-1.4924855,0.23223756
135953947881588,g,-0.47983503,-0.6783737,-0.8746322
135953947898620,a,-7.668179,-1.68881,0.05746084
135953947915651,g,-0.5714478,-0.74548537,-0.9630491
135953947932734,a,-7.763947,-2.1101894,0.31124622
135953985653515,g,-0.5948836,-0.75187695,-1.026965
135953986011588,a,-7.452701,-2.8116906,0.62967503
135953986276745,g,-0.41059285,-0.901014,-1.0930114
135953986559245,a,-6.7511997,-3.041534,1.2473791
135954047539817,g,-0.15066834,-1.0160625,-1.1484051
135954047902786,a,-7.3042603,-2.744653,1.1180922
135954048279922,g,-0.05799033,-0.9894309,-1.1622535
135954048546692,a,-7.4215765,-3.8196495,1.8890251
135954048832942,g,-0.05266401,-1.0991532,-1.2453442
135954049048620,a,-6.7464113,-4.8635216,3.1244333
135954107587890,g,0.1390836,-1.2536165,-1.2922158
135954108391484,a,-6.6865563,-4.4948144,3.4811692
135954108423984,g,0.50873035,-1.2142017,-1.2570621
135954108450911,a,-7.048081,-4.2889132,3.6104562
135954108859661,g,0.44587973,-1.1470901,-1.2804979
135954108889713,a,-6.7511997,-5.4117937,4.1802764
135954172835703,g,0.2285658,-1.1928964,-1.3603927
135954173271328,a,-5.8246436,-6.132448,4.474763
135954173539140,g,0.25306687,-1.2173975,-1.2804979
135954173822161,a,-5.793519,-5.608118,4.1060557
135954174084609,g,0.40539968,-1.0948921,-1.2538663
135954174368307,a,-6.3753104,-5.521927,4.6351743
135954226284974,g,0.23389213,-1.0597384,-1.2240388
135954226645807,a,-5.8916817,-6.29286,4.5274353
135954227055338,g,0.15932362,-1.0789131,-1.1846241
135954227349713,a,-5.431995,-5.984008,4.1706996
135954229459088,g,0.19980367,-1.1023489,-1.087685
135954231999661,a,-4.8406267,-5.9049993,5.3845596
135954264140234,g,0.04107926,-1.2067449,-1.0322913
135954264177005,a,-4.931607,-6.81719,5.7149596
135954266603411,g,0.09434248,-1.0064751,-1.1015335
135954267046380,a,-5.1111717,-7.255329,5.106832
135954328085963,g,0.3958123,-0.9809088,-1.103664
135954328123099,a,-4.857386,-6.663961,5.559336
135954328141849,g,0.44801027,-1.0938268,-0.96198386
135954328159713,a,-4.347421,-6.3934164,5.9160724
135954328176380,g,0.31911328,-1.0693258,-0.9310912
135954328192994,a,-3.772813,-6.7381816,5.602432
135954394947474,g,0.11032145,-1.0288457,-0.92256904
135954395385547,a,-3.7225347,-6.9177465,5.4061074
135954395652369,g,0.006990798,-0.977713,-0.87569743
135954395937422,a,-4.6730328,-7.470807,6.519411
135954396198463,g,0.11138671,-0.9180582,-0.83521736
135954396479661,a,-3.9451954,-7.801207,6.3230867
135954426094609,g,0.66425896,-1.0469552,-0.789411
135954426451432,a,-3.2125697,-6.9273233,6.3063273
135954426720390,g,1.1169963,-1.1012837,-0.6946025
135954427132526,a,-3.0521584,-6.553828,6.7444663
135954465668463,g,0.93696666,-1.0767826,-0.6583835
135954466023828,a,-2.7361236,-7.0470333,6.9767036
135954466287578,g,0.8229833,-0.9873004,-0.67116666
135954466572734,a,-2.4009354,-6.9153523,6.6486983
135954533367578,g,1.0424278,-0.9990183,-0.6179034
135954533804140,a,-2.503886,-5.890634,6.849811
135954534070078,g,0.91566133,-1.0373678,-0.51244223
135954534349088,a,-2.4655788,-5.6105123,7.771579
135954534610703,g,0.60140836,-0.9670604,-0.4421348
135954534901380,a,-2.099266,-6.505944,7.00304
135954588343307,g,0.58755994,-0.89888346,-0.4453306
135954588379557,a,-1.7712604,-6.728605,6.88333
135954588398828,g,1.1542805,-0.9745172,-0.3973937
135954588416588,a,-1.9795558,-5.4237647,8.183381
135954588434192,g,1.3822472,-1.0469552,-0.31217253
135954588450546,a,-1.7425299,-4.5810056,8.12592
135954648035078,g,1.240567,-1.0629342,-0.27595356
135954648391223,a,-1.2014403,-4.7557826,7.4986396
135954648657057,g,0.9710551,-0.9894309,-0.28980199
135954648939869,a,-1.3881881,-4.98802,7.872135
135954649312734,g,0.8879645,-0.94788563,-0.35691366
135954649528619,a,-1.5007155,-4.858733,8.348581
135954686361796,g,0.946554,-0.9670604,-0.41124213
135954687064921,a,-1.0745476,-4.355951,7.9966335
135954687098046,g,1.0339057,-1.0565425,-0.44426534
135954687365494,a,-0.74654204,-3.7693713,8.343793
135954753591588,g,0.8964866,-1.0608037,-0.47622326
135954754028828,a,-0.7968203,-3.668815,8.968679
135954754292473,g,0.7260443,-0.957473,-0.49433276
135954754577057,a,-0.8423101,-4.250606,8.848969
135954754835859,g,0.79954755,-0.9489509,-0.54013914
135954755116901,a,-0.18629882,-4.135684,8.755595
135954788235494,g,1.0956911,-1.0778478,-0.58488023
135954788613203,a,0.44577044,-3.2977135,9.270349
135954788880755,g,1.0701247,-1.1598732,-0.6466656
135954789168359,a,0.74504566,-3.350386,9.5385
135954826466223,g,0.70900005,-1.0245847,-0.70418984
135954826827994,a,0.8096891,-4.01358,9.25359
135954827216223,g,0.5406883,-0.9265803,-0.7212341
135954827498984,a,0.8096891,-4.0878,9.64145
135954870047161,g,0.6834337,-0.95853823,-0.676493
135954870494453,a,1.0754455,-4.054281,10.029311
135954875038984,g,1.003013,-0.99475724,-0.6519919
135954875071015,a,1.6548423,-3.9273887,10.117896
135954928026588,g,1.256546,-1.018193,-0.6381435
135954928063255,a,1.7410336,-3.2378585,9.694122
135954928082005,g,1.2906344,-0.9915615,-0.58061916
135954928100078,a,1.8391958,-2.7039516,9.957485
135954928116223,g,1.1979564,-0.9031445,-0.4985938
135954928132890,a,1.8559552,-2.7542298,10.201694
135954993840130,g,1.2629375,-0.8669255,-0.44852638
135954994279088,a,2.1695957,-2.306514,9.825804
135954994549400,g,1.4131398,-0.93403715,-0.475158
135954994835703,a,2.590975,-1.5164275,9.320627
135954995099036,g,1.4504241,-0.98197407,-0.46663588
135954995378515,a,3.0554502,-0.9609727,8.085219
135955048437525,g,1.0946258,-1.0118015,-0.4357432
135955048797369,a,2.9022214,-0.83408004,10.395624
135955049068880,g,0.56518936,-1.1002184,-0.36224
135955049352213,a,2.08101,-6.278495,11.5951185
135955049615598,g,1.0935605,-0.2416153,0.13310799
135955049898932,a,3.0913632,-2.909853,11.267113
135955104812057,g,0.7910254,-0.46851662,0.26093972
135955105173307,a,3.3403602,0.9448118,9.186552
135955105444765,g,0.6237789,-0.5611946,0.24176496
135955105741327,a,4.1639657,-3.1444848,19.529503
135955106007630,g,0.9316403,-0.029627668,0.056408945
135955106291171,a,3.2924762,-2.4381952,12.727576
135955146500650,g,-0.24334635,0.23349264,0.28331026
135955146859296,a,0.29732993,1.2440871,11.528081
135955147182682,g,0.8389623,-0.026431873,-0.084205955
135955147464140,a,3.1488242,2.2688055,10.378864
135955186537005,g,0.42137867,-0.6059357,0.27904922
135955187017161,a,3.917363,-0.22116438,8.578424
135955191576171,g,-0.41059285,-0.030692931,-0.16836184
135955191608775,a,2.2773347,-2.615366,8.003817
135955247366744,g,-0.43509394,0.2558632,-0.019224826
135955247402994,a,2.792088,-2.2801778,8.513782
135955247421952,g,0.2551974,-0.041345574,0.17571856
135955247439192,a,3.1655836,-1.7055694,8.825027
135955247456223,g,0.43629235,0.026831347,0.19702385
135955247472890,a,2.8830678,-1.0423756,8.987833
135955288342161,g,0.38089862,0.13442306,0.24283022
135955288717629,a,2.590975,0.1858499,9.581595
135955288986640,g,0.3244396,0.130162,0.28011447
135955289268307,a,2.6077347,0.40372226,10.378864
135955327048202,g,0.11884356,0.130162,0.23111232
135955327404869,a,2.648436,-0.62099606,9.689334
135955327669713,g,-0.14640728,0.15892413,0.17252277
135955327950911,a,2.7849054,-1.5020623,9.179369
135955395929765,g,-0.15812519,0.121639885,0.20128492
135955396365129,a,2.5694273,-1.7678187,9.349358
135955396632629,g,0.07729825,0.09394301,0.20128492
135955396990963,a,2.660407,-1.1716624,8.9279785
135955397255859,g,0.23815317,0.035353463,0.20235017
135955397538463,a,2.8495488,-0.0032920274,8.848969
135955448823984,g,0.30419958,-0.021105552,0.09901953
135955449182421,a,1.7506104,-0.29538465,9.560047
135955449451223,g,0.053862434,0.20366524,0.23324284
135955449729557,a,2.9117982,-1.154903,9.859323
135955449986432,g,0.19447733,-0.16172045,0.096889
135955450266952,a,2.6197057,-0.8125322,9.471462
135955487227213,g,0.06771087,-0.014713965,0.09156267
135955487586223,a,2.4976013,0.14754269,9.43076
135955487849088,g,0.1774331,-0.0104529075,0.25135234
135955488143723,a,2.7035027,0.22894554,9.449914
135955531633359,g,0.09647301,-0.0061918497,0.23004705
135955531669609,a,2.7849054,-0.9250597,9.694122
135955531688931,g,-0.100600906,0.021505026,0.1778491
135955531707109,a,2.420987,-1.2219406,9.825804
135955588981171,g,-0.08249141,0.004460795,0.15015222
135955589339140,a,2.624494,-1.0615292,9.643845
135955589606379,g,0.20086892,-0.11165303,0.16187012
135955589891484,a,2.9884126,-0.86281043,9.244013
135955590150546,g,0.24774055,-0.10100038,0.13523851
135955590432473,a,2.933346,-0.9920973,9.169792
135955649029140,g,0.13375726,-0.07543404,0.11819428
135955649474088,a,2.672378,-0.537199,8.870518
135955649841379,g,0.06451508,0.007656588,0.12884693
135955649872786,a,2.219874,-0.28580782,9.035717
135955650323463,g,0.14440991,0.050267164,0.18530594
135955650353150,a,2.4281695,-0.501286,9.416395
135955687454921,g,0.16464993,-0.0051265853,0.15121748
135955687902681,a,2.9836242,-0.6616975,9.694122
135955688311067,g,0.06877614,-0.028562402,0.07132265
135955688342525,a,2.8088474,-0.9897031,9.933543
135955754595077,g,0.063449815,0.061985075,0.05001736
135955755031431,a,2.8136358,-1.2195464,9.634268
135955755299556,g,0.26052374,0.034288198,0.094758466
135955755583202,a,2.7896938,-0.48931497,9.490616
135955755841536,g,0.35959333,0.04387558,0.14482589
135955756124817,a,2.804059,-0.31693244,8.968679
135955789290390,g,0.22004369,0.08009457,0.16613118
135955789669452,a,2.9165866,-1.166874,9.054871
135955789934869,g,0.17636785,0.10885671,0.20874175
135955790217525,a,2.9644706,-1.5164275,9.160215
135955827531796,g,0.446945,0.08115983,0.2673313
135955827902994,a,2.9022214,-0.9681553,9.188946
135955832411848,g,0.58755994,0.057724018,0.34083456
135955832446431,a,3.1129112,-1.1501147,9.050082
135955891161171,g,0.4149871,0.10992197,0.49636316
135955891599765,a,3.1751604,-1.7917607,8.858546
135955891865390,g,0.410726,0.18662101,0.6987634
135955892149088,a,3.1991024,-1.68881,8.908825
135955892413463,g,0.7590675,0.1812947,0.88518465
135955892696431,a,3.2565632,-1.0327988,8.5473
135955947912681,g,0.9124656,0.20153472,1.0748017
135955948267525,a,3.359514,-1.1477205,8.607155
135955948531848,g,0.83257073,0.26225477,1.2889199
135955948815181,a,3.2972646,-1.1213843,8.944737
135955949076431,g,0.62803996,0.30486536,1.4455137
135955949359713,a,3.1775546,-0.58747727,9.591172
135955993096379,g,0.6333663,0.27716848,1.482798
135955993536483,a,3.5007718,-0.5707178,9.871294
135955993803150,g,0.5683851,0.2856906,1.5563012
135955994089140,a,3.7545571,-1.3177087,9.3182335
135956049420650,g,0.297808,0.3304317,1.7033077
135956049779869,a,3.3403602,-1.2339118,9.385271
135956050045702,g,0.09434248,0.3815644,1.8204868
135956050329400,a,2.708291,-1.2506711,9.92636
135956050586952,g,0.21791315,0.3240401,1.8929248
135956050868671,a,3.0554502,-1.2339118,10.012551
135956114966744,g,0.38835546,0.20899157,1.9515144
135956115401588,a,3.3499372,-0.86281043,9.325416
135956115667629,g,0.3148522,0.19514313,1.966428
135956115949088,a,3.0147488,-0.4007295,8.78672
135956116209713,g,-0.10273144,0.26118952,2.0772157
135956116489921,a,2.4904187,-1.1956044,9.902418
135956169527837,g,-0.18262628,0.3187138,2.2497885
135956169895129,a,2.195932,-1.3177087,10.527305
135956174957473,g,0.21152157,0.23349264,2.3350096
135956174990390,a,2.4377463,-0.7766192,10.208876
135956175017108,g,0.5939515,0.1780989,2.3073127
135956175042890,a,2.4640825,0.14754269,9.974244
135956232921587,g,0.48742506,0.21005683,2.25618
135956233354921,a,2.363526,0.36541504,10.589554
135956233623723,g,0.10179933,0.26118952,2.2987905
135956233905181,a,2.4569,-0.084694885,11.183316
135956234162369,g,-0.01857555,0.37836862,2.3435316
135956234444035,a,2.0953753,-0.2427122,10.431537
135956267459192,g,0.14227939,0.4891561,2.312639
135956267816327,a,1.1448773,0.2983774,10.117896
135956270085129,g,0.080494046,0.58609515,2.131544
135956270465129,a,1.4106337,0.2983774,10.654198
135956307956640,g,-0.09740511,0.54135406,2.159241
135956308313931,a,2.0379145,0.15472528,10.6877165
135956308577525,g,-0.2571948,0.6180531,2.1869378
135956308861171,a,1.5399206,0.28880057,9.835381
135956372879400,g,-0.2721085,0.7682554,2.1421967
135956373313879,a,0.5463269,0.48033673,9.279925
135956373577733,g,-0.27636954,0.82258385,2.0559103
135956373861327,a,0.5152023,0.65032506,8.717288
135956374120546,g,-0.36798227,0.7043395,1.9387312
135956374403879,a,0.41704002,1.0573393,8.844181
135956409731067,g,-0.31152326,0.6894258,1.8364658
135956410086952,a,-0.21742344,1.3422493,8.619126
135956410353150,g,-0.3701128,0.66066366,1.7874637
135956410638827,a,-0.76808983,1.0597335,8.046912
135956472954296,g,-0.2891527,0.50513506,1.6447182
135956473387733,a,-0.7154174,1.1674726,7.716512
135956473656171,g,-0.055859804,0.3240401,1.4700148
135956473949139,a,-0.45444942,1.6918027,7.848193
135956478716483,g,0.030426616,0.22603579,1.2111555
135956478750910,a,-0.65556234,2.1419127,8.013393
135956530277004,g,0.028296087,0.13974938,1.1184776
135956530313462,a,-0.8973767,1.9575591,7.587225
135956530333619,g,-0.048402954,-0.002996056,0.9863848
135956530350858,a,-1.0099041,2.1730373,6.6630635
135956530367108,g,-0.005792375,-0.21072263,0.75522244
135956530383931,a,-1.1439795,2.2352865,6.3589997
135956595430806,g,0.22643527,-0.4536029,0.60395485
135956595869400,a,-0.64837974,1.9024925,6.208165
135956596133931,g,0.33083117,-0.7550727,0.32272506
135956596415650,a,-0.07616554,1.777994,6.469133
135956596678931,g,0.79315597,-1.0927615,0.07664897
135956597087264,a,0.1225532,2.6159647,9.454702
135956650002264,g,1.4397714,-1.4805179,-0.21629874
135956650367056,a,7.788787,4.0883985,18.409018
135956650632108,g,1.2011522,-2.278401,-0.7244299
135956650918619,a,8.145523,1.3254899,14.95179
135956651188202,g,-0.32217592,-0.5654557,0.2854408
135956651468983,a,-3.619584,-1.3177087,4.6519337
135956688306796,g,-0.45320344,2.2788002,-0.60618556
135956688664035,a,-1.4743793,0.8658032,3.7205894
135956688933671,g,0.1955426,-0.6315021,0.5943675
135956689215962,a,4.2190323,1.7827824,11.542446
135956755552941,g,-0.5533383,-0.6357631,0.56773585
135956755990025,a,0.24226329,-1.8611926,13.005303
135956756258983,g,-0.27956533,0.46039397,-0.2056461
135956756541119,a,0.02439093,-0.84365684,8.4826565
135956756803150,g,-0.19434418,0.08115983,0.079844765
135956757213619,a,0.5032313,0.0134673845,9.148245
135956811934868,g,0.020839235,-0.102065645,0.034038395
135956812326223,a,0.8479963,-0.8197148,10.824186
135956817370285,g,0.14121412,-0.16598152,0.019124692
135956817403410,a,0.91503394,-0.33369187,9.459491
135956817431066,g,0.20512998,-0.07862983,0.028712071
135956817457004,a,0.89109194,-0.1062427,9.660604
135956874574921,g,0.24454476,-0.0946088,0.02338575
135956875011691,a,1.2430396,-0.17328034,9.68694
135956875280702,g,0.28395954,-0.017909758,-0.014963769
135956875736639,a,0.74504566,0.5186439,9.533711
135956876000598,g,0.19234681,0.05878928,-0.027746942
135956876285285,a,0.89109194,0.20739773,10.117896
135956908538202,g,0.13588779,0.002330266,0.009537312
135956908895754,a,0.89348614,-0.005686229,9.483433
135956909159296,g,0.122039355,0.023635555,0.018059427
135956909439764,a,0.79292965,0.12360066,9.7563715
135956948572837,g,0.13482253,-0.016844494,0.005276255
135956948932681,a,0.962918,0.20500351,9.782708
135956949196587,g,0.14654043,-0.037084516,0.018059427
135956949475806,a,0.8575731,0.28401217,9.610326
135956994077785,g,0.1145825,-0.030692931,0.010602577
135956994516171,a,0.87433255,0.44202948,9.8042555
135956994782993,g,0.043209787,-0.02536661,0.0042109904
135956995063202,a,0.86236155,0.1643021,9.742006
135957050377525,g,0.011251856,-0.002996056,0.009537312
135957050737368,a,0.8216601,-8.9782564E-4,9.727641
135957051000025,g,0.020839235,0.015113439,0.010602577
135957051282577,a,0.88151515,-0.13736732,9.871294
135957051542004,g,0.08155931,0.0065913238,0.010602577
135957051824191,a,0.90066874,0.037409402,9.765948
135957115912681,g,0.14227939,-0.008322379,0.025516279
135957116348827,a,0.9653122,0.66229606,9.842564
135957116616327,g,0.07729825,-0.037084516,-0.01283324
135957116981952,a,0.6804022,0.68863225,9.909601
135957121561275,g,-0.03348925,0.018309232,-0.044791173
135957121594400,a,0.91263974,0.15951368,9.749189
135957146584452,g,-0.0920788,-0.0104529075,0.016994163
135957146621483,a,0.974889,-0.43424833,9.67018
135957146640858,g,0.02403503,-0.032823462,0.011667841
135957146657837,a,0.98207164,-0.036810853,10.117896
135957189058045,g,0.17317204,-0.050932955,0.041495245
135957189095337,a,1.0754455,0.70299745,10.038888
135957189114504,g,0.1806289,-0.08395615,0.07238791
135957189132160,a,0.90545714,0.7389105,9.7563715
135957226889660,g,0.20512998,-0.18941733,0.079844765
135957227405650,a,0.6947674,0.6359598,10.3692875
135957227716587,g,0.20086892,0.021505026,0.07238791
135957227934764,a,0.9246108,-0.20201077,9.89763
135957265996743,g,-0.027097665,0.033222936,0.096889
135957266042889,a,0.88869774,-0.19243397,9.737218
135957266617733,g,0.17210679,0.040679786,0.11499849
135957266648097,a,1.0155904,0.59047,9.610326
135957336134920,g,0.2072605,0.02257029,0.08091003
135957336568983,a,0.962918,0.54498017,9.334992
135957336836431,g,0.11032145,0.07370298,0.024451014
135957337245181,a,0.9724948,0.54737437,9.409213
135957337504920,g,0.053862434,0.05878928,-0.021355355
135957337789139,a,1.1257237,0.6335656,9.610326
135957390726222,g,-0.01857555,0.050267164,-0.040530115
135957391083358,a,0.9701006,0.55216277,9.562442
135957391369347,g,-0.0409461,0.06944192,-0.06077014
135957391651900,a,0.74025726,0.40372226,9.593566
135957391909764,g,0.004860269,0.059854545,-0.040530115
135957392188931,a,0.9557354,0.5856816,10.113108
135957430743254,g,-0.0068576396,0.033222936,-0.028812207
135957431111170,a,0.90785134,0.78200614,10.242394
135957435309608,g,-0.05479454,0.08542089,-0.035203792
135957435341170,a,0.43140522,0.7077859,10.072407
135957469293358,g,-0.08142615,0.121639885,-0.02455115
135957469330806,a,0.6085761,0.4707599,9.80665
135957469350077,g,-0.08142615,0.06518087,-0.006441654
135957469367681,a,0.6851906,0.13557167,9.861717
135957509138566,g,-0.05053348,0.059854545,0.005276255
135957509589295,a,0.77138186,0.3127426,9.76116
135957509877056,g,-0.20180103,0.08115983,0.031907864
135957510096952,a,0.65406597,0.3127426,9.816227
135957576445962,g,-0.11551461,0.06518087,0.02338575
135957576886170,a,0.64448917,0.4492121,10.163386
135957577224399,g,-0.07609983,0.05452822,0.03510366
135957577504243,a,0.78814125,0.5832874,10.228029
135957577765337,g,-0.1336241,0.08755142,0.029777337
135957578046952,a,0.6756138,0.7484873,10.309433
135957631051274,g,-0.22417158,0.11631356,0.028712071
135957631409764,a,0.19198506,0.81552494,10.654198
135957631675024,g,-0.33282855,0.15253255,0.019124692
135957631956379,a,0.14649522,0.48751932,10.876859
135957632216952,g,-0.36159068,0.13974938,0.041495245
135957632499399,a,0.42182842,0.57610476,11.326968
135957696621014,g,-0.28595692,0.18555574,0.011667841
135957697134868,a,0.4122516,0.57610476,11.137826
135957697399295,g,-0.36052543,0.2409495,0.043625776
135957697680233,a,-0.042646717,0.3486556,10.812215
135957697943462,g,-0.65347314,0.33469278,0.06599633
135957698224347,a,-0.4712088,-0.34805706,10.517728
135957751191170,g,-0.51179296,0.40393496,0.075583704
135957751547472,a,-1.0314521,0.20500351,10.230424
135957751815754,g,-0.18049574,0.3283012,0.12884693
135957752105910,a,-1.2852374,0.9639655,10.04607
135957756664608,g,-0.28382638,0.23668844,0.16080487
135957756698306,a,-1.4863503,0.70299745,9.3421755
135957814773931,g,-0.71632373,0.2526674,0.26520076
135957815211743,a,-0.9979332,-0.58508307,8.698134
135957815476274,g,-0.8910271,0.18342522,0.3067461
135957815754243,a,-0.77048403,-1.5475521,8.798691
135957816015545,g,-0.6545384,0.17916416,0.33444297
135957816294504,a,-1.5677532,-1.2410944,9.150639
135957871198097,g,-0.32750222,0.20366524,0.3450956
135957871555754,a,-1.9675848,-0.5755062,9.449914
135957871816951,g,-0.28382638,0.10672618,0.35361773
135957872102472,a,-1.1080664,-1.0016742,9.490616
135957872362212,g,-0.31791484,0.002330266,0.37492302
135957872642264,a,-0.65316814,-1.1357495,9.52174
135957914988670,g,-0.2891527,0.027896613,0.30141976
135957915426483,a,-1.4264953,-1.9569606,9.26556
135957915696326,g,-0.09101353,0.03215767,0.3248556
135957915981378,a,-2.0513818,-2.5962124,9.093178
135957949535962,g,0.22430474,-0.041345574,0.37385774
135957949893826,a,-0.8662521,-2.3113024,9.11712
135957950159399,g,0.56199354,-0.25546372,0.38024932
135957950444868,a,0.08903438,-1.1836334,9.404425
135957987172941,g,0.519383,-0.27463847,0.42072937
135957987528358,a,-0.5693711,-0.9178771,9.368511
135957987796118,g,0.03149188,-0.088217214,0.4857105
135957988082368,a,-1.5557822,-1.6576854,8.781932
135958029661118,g,-0.31898013,-0.072238244,0.5261906
135958030017524,a,-1.0242695,-2.495656,8.379706
135958030284087,g,-0.29660955,-0.20752683,0.5730622
135958030563462,a,-0.033069912,-2.507627,8.631097
135958089725910,g,0.037883468,-0.29274797,0.5421695
135958090095493,a,-0.48317984,-1.7630303,8.992621
135958095203201,g,0.19447733,-0.21391842,0.51447266
135958095236535,a,-1.2948142,-1.4326304,8.978256
135958095263931,g,0.16145414,-0.23309317,0.46973154
135958095288670,a,-0.23897126,-1.5882535,8.839393
135958126258774,g,0.28928587,-0.39607862,0.41540307
135958126293358,a,0.950947,-1.214758,9.339781
135958126312264,g,0.4022039,-0.47597346,0.39409778
135958126330285,a,1.235857,-1.3512276,10.271125
135958175240233,g,0.318048,-0.24800688,0.35787877
135958175677993,a,0.678008,-1.3775638,10.259154
135958175944295,g,0.2136521,-0.12337094,0.27691868
135958176228722,a,0.8120833,-0.7885902,9.421184
135958209816951,g,0.092211954,-0.21711421,0.3056808
135958210177680,a,0.98925424,-1.2794015,9.114726
135958210438305,g,-0.01644502,-0.18302575,0.26307026
135958210715753,a,0.18001404,-1.4661492,8.686164
135958277169920,g,0.008056062,-0.14787202,0.29715872
135958277604191,a,0.23268647,-0.8053496,8.422802
135958277869712,g,0.11351724,-0.3545333,0.27585343
135958278155076,a,1.2286744,-0.83168584,9.076419
135958280462264,g,0.27117637,-0.5015398,0.23430811
135958280847524,a,1.6428713,-0.28101942,9.866506
135958331656535,g,0.25945845,-0.49195242,0.18530594
135958332012212,a,1.8008885,0.001496376,9.950302
135958332275597,g,0.25413215,-0.45253766,0.14056484
135958332560857,a,2.186355,0.38217443,9.586384
135958332821743,g,0.19447733,-0.43442816,0.08091003
135958333099243,a,2.136077,0.32471362,9.069236
135958394641482,g,0.09753828,-0.3577291,0.063865796
135958395075753,a,1.9301754,-0.036810853,8.963891
135958395341482,g,0.01231712,-0.31405327,0.04682157
135958395635545,a,1.8583494,-0.13018471,9.157822
135958400402368,g,0.006990798,-0.33855435,0.038299453
135958400436535,a,1.6500539,-0.020051438,9.3733
135958453814660,g,0.032557145,-0.3406849,0.026581543
135958453851639,a,1.6021699,-0.07032967,9.232041
135958453871326,g,0.053862434,-0.39288282,-0.047986966
135958453888670,a,1.7051206,0.07811083,8.875306
135958453905285,g,0.06664561,-0.43762395,-0.13427338
135958453921326,a,1.8798972,0.27682957,9.059659
135958517416014,g,-0.0036618465,-0.45786396,-0.22269033
135958517851274,a,2.5933692,0.20979193,9.330204
135958518121118,g,-0.13149358,-0.4930177,-0.29619357
135958518409139,a,2.5813982,0.027832596,9.629479
135958518669920,g,-0.3498728,-0.43655866,-0.30897674
135958518949920,a,2.7106853,-0.3624223,8.9519205
135958571881691,g,-0.34774226,-0.4397545,-0.33241257
135958572243670,a,3.1440358,-0.59465986,8.789114
135958572509712,g,-0.16771257,-0.5004746,-0.30258515
135958572789972,a,3.3738792,-0.8771756,9.469068
135958573049659,g,-0.11338408,-0.4994093,-0.29086727
135958573330701,a,3.8646905,-0.75985974,9.531317
135958610202368,g,-0.22204106,-0.5196493,-0.38354525
135958610562941,a,3.3738792,-0.62817866,10.070012
135958610828982,g,-0.21138841,-0.3641207,-0.35371786
135958611110337,a,2.9740474,-0.86759883,10.457873
135958677538774,g,-0.13149358,-0.3044659,-0.31430307
135958677976639,a,2.5287259,-0.4079121,11.611878
135958678242784,g,0.15399729,-0.24694161,-0.12042495
135958678523149,a,3.1560068,0.06135142,11.580753
135958678780857,g,0.23176159,-0.21178788,-0.028812207
135958679065337,a,3.302053,0.12599486,9.651027
135958710316482,g,0.014447649,-0.08289089,0.079844765
135958710683253,a,2.3395839,-0.0104746325,9.3661175
135958715274764,g,-0.17410415,0.050267164,0.047886834
135958715308462,a,2.4377463,-0.63775545,9.677363
135958768677055,g,-0.1666473,0.033222936,-0.046921704
135958768711691,a,4.4273276,-0.7933786,9.514558
135958768730493,g,-0.029228192,0.0012650015,-0.08314069
135958768747524,a,4.336348,-1.0327988,8.429984
135958769386795,g,0.04534032,0.26971164,0.056408945
135958769407732,a,2.447323,-1.1453263,8.236053
135958815879139,g,0.43629235,0.2558632,0.063865796
135958816317628,a,2.195932,-0.19482817,8.4108305
135958816588149,g,0.70260847,1.9973709E-4,0.06812686
135958816871222,a,2.7011085,0.0038905777,7.3310456
135958872191378,g,0.49701244,-0.15958993,-0.037334323
135958872557628,a,2.399439,0.1666963,6.4787097
135958872825493,g,0.2914164,-0.29381326,-0.08314069
135958873109764,a,1.709909,0.15951368,8.0445175
135958873370961,g,0.55347145,-0.50580084,-0.1758187
135958873653201,a,3.4050038,-0.28341362,8.4347725
135958915957993,g,0.8932908,-0.7550727,-0.31536832
135958916393930,a,4.082563,0.0062847794,6.6750345
135958916658566,g,1.039232,-0.8115318,-0.38674104
135958917066274,a,2.993201,2.0892403,8.37013
135958972254972,g,1.0285794,-0.88077396,-0.31749886
135958972617055,a,3.2445922,2.762011,12.564771
135958972881066,g,1.276786,-0.85094655,-0.3345431
135958973167524,a,5.969194,0.49709612,15.516821
135958973429816,g,1.2160659,-0.62617576,-0.3760884
135958973710753,a,5.7656865,1.9336171,10.97502
135959016084191,g,-0.5245761,-0.085021414,-0.08101016
135959016519243,a,1.1329063,2.0557215,8.3150625
135959016782159,g,-0.29660955,0.22177474,-0.18540607
135959017200597,a,3.3619082,0.6192004,9.636662
135959072701274,g,0.45866293,-0.45786396,-0.2056461
135959072737003,a,4.6619596,-0.07032967,9.102755
135959072755961,g,-0.068642974,-0.15319835,-0.2653009
135959072772941,a,2.9141924,-0.087089084,8.7532015
135959072790024,g,0.07942878,-0.022170816,-0.19818924
135959072807316,a,3.314024,1.4140754,10.031705
135959108281430,g,0.4022039,-0.21391842,-0.21523347
135959108318409,a,3.4935892,1.8306664,10.184934
135959108337316,g,0.11032145,-0.07010771,-0.2237556
135959108355441,a,3.893421,0.5186439,9.021352
135959177946691,g,-0.14321148,-0.016844494,-0.16942711
135959178385701,a,3.2589574,1.4547768,9.363723
135959178651378,g,0.10073407,-0.0061918497,-0.0799449
135959178931847,a,3.26614,2.2137387,9.935937
135959179193722,g,0.08582036,-0.023236081,-0.100184925
135959179474399,a,3.7617397,1.184232,9.215282
135959210784503,g,-0.10912302,0.035353463,-0.12362074
135959211141326,a,3.620482,1.3374609,8.465898
135959211406638,g,-0.15812519,0.046006106,-0.05650908
135959211689763,a,3.314024,2.5944169,9.667787
135959271046795,g,0.08688563,-0.0061918497,-0.09272807
135959271404711,a,3.3499372,3.5856164,10.105926
135959271668201,g,0.042144522,0.024700819,-0.15025236
135959271948774,a,3.182343,2.6351182,9.909601
135959279746378,g,-0.30406642,0.09926933,-0.20031978
135959280184347,a,3.5318964,1.9407997,9.0429
135959309432055,g,-0.6012752,0.07157245,-0.326021
135959309790909,a,3.5247138,2.6494834,9.109938
135959310057993,g,-0.7141932,0.11311777,-0.36969683
135959310343461,a,3.1200938,3.580828,9.734824
135959350991378,g,-0.6097973,0.13655359,-0.4208295
135959351354243,a,3.4241574,2.29993,9.976639
135959355933982,g,-0.67690897,0.20259997,-0.4570485
135959355965701,a,3.9365165,1.1291654,8.892065
135959394368149,g,-0.92618084,0.22070947,-0.5465307
135959394805024,a,3.6180878,0.81791914,8.640674
135959395070440,g,-0.94002926,0.23349264,-0.5252254
135959395354711,a,3.5845687,1.2416929,8.7532015
135959429642315,g,-0.6758437,0.21644841,-0.547596
135959430004607,a,3.5917516,0.8825626,9.679757
135959430270336,g,-0.44574657,0.18022943,-0.54866123
135959430553461,a,3.14643,0.011073183,9.414001
135959473084034,g,-0.4478771,0.19194734,-0.6093813
135959473446482,a,3.0003836,-0.31214404,8.171411
135959473708201,g,-0.10486197,0.06837666,-0.5412044
135959473991951,a,3.2828994,1.5026609,9.138668
135959516553045,g,0.32337433,-0.102065645,-0.49752855
135959517117784,a,3.347543,2.158672,9.593566
135959517383722,g,0.25413215,-0.033888724,-0.59446764
135959517667628,a,3.55105,1.9312229,9.751583
135959551135857,g,0.26265427,-0.06904245,-0.696733
135959551492784,a,4.1160817,1.7468694,8.645462
135959551759347,g,0.3990081,-0.120175146,-0.8160426
135959552043930,a,3.7665281,2.275988,6.8689647
135959589298617,g,0.56518936,-0.11378355,-0.7808889
135959589656065,a,2.9022214,3.7077205,7.831434
135959589922367,g,0.61632204,-0.18728681,-0.86717534
135959590206222,a,4.192696,2.8601732,7.513005
135959631211586,g,0.43309656,-0.39607862,-1.0962071
135959631571222,a,4.049044,3.4850597,7.78355
135959631834242,g,0.53323144,-0.3822302,-1.2943463
135959632119711,a,4.1376295,4.1171293,8.437167
135959671398617,g,-0.22843264,-0.3374891,-1.3433485
135959671766534,a,3.2445922,1.7325042,8.461109
135959676490076,g,-0.733368,-0.184091,-1.5095297
135959676523201,a,3.6659718,1.2153566,9.184157
135959711543149,g,-0.31791484,-0.5079314,-1.6299046
135959711580440,a,4.264522,2.098817,9.31105
135959711600076,g,-0.38396126,-0.3971439,-1.7215173
135959711617680,a,3.7377977,2.266411,9.227253
135959757663097,g,-0.72804165,-0.2352237,-1.6139257
135959758100805,a,3.9963715,1.2536639,9.888053
135959758365649,g,-1.1328422,-0.18196048,-1.6160562
135959758646222,a,3.8072295,1.3997102,12.308591
135959792993982,g,-1.1115369,-0.07010771,-1.6863637
135959793368982,a,3.8359601,2.311901,9.844957
135959793639451,g,-4.2775025,1.4020877,-3.1564286
135959793921326,a,3.122488,-4.7150807,5.3127337
135959832147367,g,-2.3099594,0.45506763,-1.9143302
135959832505701,a,1.9421465,-0.5228338,6.505046
135959832773253,g,-0.4510729,-0.26079005,-1.0077902
135959833057419,a,1.8056769,-0.28101942,12.059594
135959877601899,g,2.1013007,-0.85307705,-1.7140605
135959878041534,a,4.652383,1.457171,8.987833
135959878305232,g,2.0608206,-0.977713,-1.0184429
135959878589763,a,4.961235,5.1155114,9.291897
135959911499346,g,0.14867097,-0.8370981,-1.6565362
135959911854346,a,4.082563,2.5321677,7.795521
135959912120440,g,-1.1754527,0.119509354,-1.8333701
135959912406117,a,4.154389,0.12599486,7.967903
135959952163826,g,-1.1924969,-0.14041516,-1.385959
135959952519711,a,4.8870144,0.33429042,8.573636
135959952787419,g,-0.7717175,-0.23735423,-1.4914203
135959953071013,a,4.4033856,1.2991537,8.765172
135959995501534,g,-0.5149888,-0.24907213,-1.614991
135959995946899,a,3.8168063,1.6080058,8.00621
135960000662419,g,-0.5501425,-0.13082778,-1.5766414
135960000696065,a,4.381838,1.6319478,8.276755
135960031855701,g,-0.57464355,-0.28529114,-1.449875
135960031892680,a,5.1815014,0.5282208,8.6574335
135960031911846,g,-0.7024753,-0.23309317,-1.4349612
135960031928930,a,5.2174144,0.12599486,7.563283
135960071841794,g,-0.7418901,-0.20113523,-1.5297698
135960071878513,a,4.728997,0.116418056,7.9726915
135960071898721,g,-0.6524079,-0.17130783,-1.4488097
135960071915909,a,4.1950903,0.28640637,8.779537
135960136759763,g,-0.6428205,-0.16065519,-1.2794327
135960137321221,a,4.2812815,0.14993688,9.279925
135960137587732,g,-0.43402869,-0.22563632,-1.2006031
135960137871898,a,4.324377,0.5210382,9.232041
135960138132471,g,-0.14427675,-0.20326577,-1.2016684
135960138415492,a,4.1519947,1.6989853,9.176975
135960171422523,g,-0.2529337,-0.12656672,-1.2016684
135960171779971,a,4.168754,2.2831707,9.016563
135960172042576,g,-0.4904877,-0.11484882,-1.2879548
135960172325232,a,4.2812815,1.8713679,9.270349
135960211490492,g,-0.5469467,-0.14041516,-1.3966117
135960211853669,a,4.523096,1.5744869,8.772355
135960212118773,g,-0.4872919,-0.17769942,-1.5052687
135960212399503,a,4.3890204,1.7061679,8.853758
135960256698773,g,-0.40739706,-0.1755689,-1.542553
135960257205857,a,4.8391304,1.3997102,8.899248
135960257475023,g,-0.41591918,-0.20006998,-1.5659888
135960257756169,a,4.9133506,1.552939,8.78672
135960292606065,g,-0.36585176,-0.18941733,-1.6299046
135960292981898,a,5.1000986,1.4595652,8.554482
135960293250544,g,-0.40526652,-0.18622154,-1.6213825
135960293540388,a,4.970812,1.0333973,8.396465
135960332023096,g,-0.3338938,-0.12124041,-1.6117952
135960332059971,a,4.7816696,1.1746552,8.24563
135960332079190,g,-0.2326937,-0.16811204,-1.5212476
135960332096742,a,5.030667,1.73011,8.511387
135960377637732,g,-0.118710406,-0.24374582,-1.5105951
135960378076065,a,5.2796636,1.361403,7.867347
135960378341065,g,-0.31258854,-0.24800688,-1.535096
135960378623982,a,5.1408,1.1028291,7.5345526
135960411970336,g,-0.47344345,-0.18728681,-1.578772
135960412329034,a,4.2453685,1.4787189,8.02297
135960412593565,g,-0.55440354,-0.16917731,-1.486094
135960412876690,a,4.640412,1.5601217,8.499416
135960452026169,g,-0.5054014,-0.30766168,-1.494616
135960452385805,a,4.9420815,2.3071127,7.920019
135960452649138,g,-0.51605403,-0.3247059,-1.5585319
135960452928982,a,5.4664116,1.5457565,8.463503
135960497384919,g,-0.5288372,-0.312988,-1.4882245
135960497822836,a,5.581333,0.80355394,8.336611
135960498089346,g,-0.717389,-0.2053963,-1.486094
135960498374398,a,5.495142,1.2584523,8.858546
135960532326794,g,-0.6215152,-0.19261312,-1.4882245
135960532363773,a,5.226991,1.3901334,8.3629465
135960532382940,g,-0.44042027,-0.19261312,-1.5414877
135960532400284,a,5.310788,0.9567829,8.499416
135960572135023,g,-0.2508032,-0.25120267,-1.4456139
135960572583982,a,5.5837274,1.0046669,8.659827
135960572875284,g,-0.09527459,-0.23096265,-1.3422832
135960573091898,a,5.638794,0.9759365,8.449138
135960617670700,g,-0.06544718,-0.19261312,-1.3401527
135960618105909,a,4.9684176,1.0477625,8.034941
135960618371377,g,-0.16345151,-0.15213308,-1.1899505
135960618659242,a,5.3371243,1.73011,8.829816
135960651350440,g,-0.12084094,-0.1574594,-1.0908809
135960651387055,a,5.250933,0.77242935,10.0029745
135960651405961,g,0.26691532,-0.09567406,-1.1633189
135960651424502,a,4.6859016,1.552939,8.226477
135960692184294,g,0.15719308,-0.1755689,-1.2783674
135960692221482,a,4.8415246,2.9511528,8.722076
135960692241117,g,-0.118710406,-0.13828464,-1.2293652
135960692258044,a,3.1248822,1.5577275,10.845734
135960737777419,g,-0.47770452,0.030027142,-1.2304305
135960738217159,a,3.5678093,0.8681974,11.733982
135960738484971,g,-0.4574645,0.0012650015,-1.2602578
135960738770752,a,3.8646905,2.1993735,11.116279
135960772311429,g,-0.49794453,-8.6552737E-4,-1.3401527
135960772664815,a,4.2693105,2.3645735,9.945514
135960775000284,g,-0.8675913,0.15359782,-1.4360266
135960775380752,a,3.7497687,1.0405799,8.678981
135960812373877,g,-1.2968929,0.2920822,-1.4562665
135960812730232,a,2.7705402,1.2991537,8.702923
135960812994554,g,-1.5344468,0.25692847,-1.5382919
135960813277419,a,2.6508303,1.670255,9.287108
135960857887107,g,-1.2787833,0.08648615,-1.6107299
135960858322575,a,3.3786676,0.9304466,8.865729
135960858587836,g,-0.7855659,-0.11484882,-1.75241
135960858869554,a,3.6731544,1.4188638,7.764396
135960892438409,g,-0.6151236,-0.24481109,-1.8749155
135960892973148,a,4.1472063,1.588852,7.848193
135960893241325,g,-0.7951533,-0.1904826,-1.8461534
135960893525127,a,3.8910267,-0.3552397,8.441956
135960932489815,g,-1.0721221,-0.1095225,-1.8291091
135960932848148,a,3.7713165,-0.63775545,8.968679
135960933112471,g,-1.0241852,-0.16278572,-1.8493491
135960933402367,a,3.929334,-1.011251,9.066842
135960977663461,g,-0.48516136,-0.28209534,-1.7939553
135960978101846,a,4.2238207,-0.9059061,8.26239
135960978372523,g,-0.17090836,-0.46745133,-1.75241
135960978657523,a,3.752163,0.69820905,6.813898
135961012797419,g,-0.20925789,-0.5292367,-1.6970164
135961012834554,a,4.420145,-0.5635352,7.690176
135961012853721,g,-0.3882223,-0.58782625,-1.6320351
135961012870961,a,4.472818,-1.2674305,7.8529816
135961052608929,g,-0.93789876,-0.5121924,-1.5436182
135961052972315,a,3.800047,-1.3224971,8.360553
135961053350961,g,-1.1253853,-0.52391034,-1.5159214
135961053569398,a,3.2852936,-0.9466075,7.6470804
135961093591898,g,-1.1466906,-0.6006094,-1.4157865
135961094117263,a,3.5247138,-0.029628245,6.445191
135961094384502,g,-0.98477036,-0.6964832,-1.2442789
135961094664711,a,4.606893,-2.7973254,8.307879
135961132683148,g,-0.81219757,-0.5430851,-0.8288258
135961133037888,a,4.2357917,-3.4222121,8.1881695
135961133302106,g,-0.5650562,-0.41099232,-0.8842195
135961133583096,a,3.55105,-2.2634184,8.913613
135961172142575,g,-0.18688732,-0.45040712,-0.7233646
135961172497888,a,4.5374613,-2.5507226,9.739613
135961172764294,g,-0.17836522,-0.57397777,-0.6104466
135961173045440,a,4.61647,-2.7590182,12.935872
135961218241690,g,-1.5205984,0.1930126,0.36746615
135961218679867,a,4.6571712,-5.509956,12.25113
135961218945179,g,-1.3437645,0.39647812,-0.35265258
135961219225283,a,3.2828994,-2.5459342,11.652579
135961250350752,g,-1.1030147,0.08435563,0.08943214
135961250707419,a,4.1041107,-2.5722704,9.94312
135961250972783,g,-0.3914181,-0.0764993,-0.1726229
135961251261638,a,3.8766615,-0.63536125,8.829816
135961292976742,g,-0.10805776,-0.12976253,-0.07674911
135961293355127,a,3.9269397,1.4499884,7.69257
135961293620700,g,-0.4840961,-0.10632671,-0.24825668
135961293907992,a,3.7976527,0.911293,8.413225
135961338373356,g,-0.6502774,-0.04560663,-0.14386077
135961338807783,a,4.1376295,0.14036007,9.064447
135961339078148,g,-0.5490772,-0.027497139,-0.13320813
135961339362106,a,4.025102,0.3151368,9.442732
135961372141950,g,-0.43828973,0.027896613,-0.071422786
135961372497054,a,3.8359601,0.28880057,9.744401
135961372761273,g,-0.2625211,0.0055260593,0.001015197
135961373047627,a,3.8072295,0.082899235,8.983045
135961412973617,g,-0.23695476,0.025766084,0.025516279
135961413332940,a,4.2573395,-0.7838018,8.719683
135961413600544,g,-0.2806306,0.008721853,0.041495245
135961413882523,a,4.652383,-0.8149264,8.700529
135961458486221,g,-0.330698,0.019374497,-0.025616413
135961458924242,a,4.0083427,-0.7023989,8.429984
135961459191117,g,-0.4329634,0.10246512,-0.0021805963
135961459474190,a,3.3403602,-0.525228,9.14585
135961493018773,g,-0.3338938,0.14614096,0.041495245
135961493377523,a,3.3666966,-0.86520463,9.904813
135961493640752,g,-0.18901786,0.0822251,0.14376064
135961493925492,a,3.8646905,-1.5499463,9.533711
135961534779763,g,-0.031358723,0.050267164,0.13417324
135961535135335,a,4.084957,-1.1740566,8.671799
135961535406533,g,5.9921126E-4,0.061985075,0.15441327
135961535688460,a,3.5941458,-0.2379238,8.408437
135961578595492,g,0.050666638,0.13122725,0.18530594
135961579035023,a,3.26614,-1.1189901,9.23683
135961579299502,g,0.17104152,0.08115983,0.2673313
135961579590127,a,4.16636,-1.842039,9.19134
135961612509762,g,0.16038887,0.056658752,0.2492218
135961612546846,a,4.5039425,-1.4110826,8.645462
135961612566169,g,0.18275943,0.103530385,0.30141976
135961612583356,a,5.7393503,-0.041599255,7.228095
135961653456898,g,0.13482253,-0.45786396,0.010602577
135961653494710,a,0.8551789,0.1619079,7.503428
135961653514346,g,-0.044141896,0.75121117,0.42072937
135961653531898,a,5.3059998,-1.7414825,9.844957
135961696494190,g,-0.2444116,-0.036019254,0.69663286
135961697058252,a,5.7201967,-2.1772273,9.509769
135961697331012,g,-0.42657182,0.24947162,0.54323477
135961697614606,a,3.1919198,-0.06075287,9.105149
135961733262002,g,-0.24867266,0.42204446,0.7967677
135961733621325,a,3.9221513,-2.5267806,9.143456
135961733886950,g,-0.18688732,0.3485412,1.2527009
135961734168252,a,4.9229274,-3.9728785,8.401254
135961772132783,g,-0.10273144,0.387956,1.3741411
135961772487992,a,5.356278,-2.033575,7.5704656
135961774822262,g,-0.12084094,0.50939614,1.740592
135961775203356,a,4.4273276,-1.7797897,8.913613
135961818849658,g,0.5843641,0.85880286,1.7981163
135961819284971,a,4.1759367,-4.391864,9.148245
135961819550179,g,0.81446123,0.9120661,2.2306137
135961819833356,a,4.812794,-3.980061,8.623915
135961875136742,g,0.9742509,0.9429588,2.2295485
135961875493252,a,4.348319,-2.804508,9.0429
135961875759710,g,1.2235228,1.016462,2.4383402
135961876040752,a,3.0434792,-3.8866873,9.548077
135961876306273,g,1.7593508,1.0345715,2.7163742
135961876587262,a,2.6699839,-3.383905,9.524135
135961918922367,g,1.9234015,0.8545418,3.013583
135961919367471,a,2.768146,-0.05117606,9.935937
135961924197210,g,1.0008825,0.59994364,3.0679114
135961924229710,a,1.7123032,-1.9689317,10.163386
135961975570700,g,-0.15066834,0.36452016,2.836749
135961975607002,a,0.9677064,-4.7126865,10.1226845
135961975626637,g,0.55134094,0.4625245,2.8537934
135961975643408,a,1.9948189,-2.4501662,9.76116
135961975659710,g,0.6173873,0.28675586,2.9944081
135961975675908,a,2.1911435,-3.1564558,10.680533
135962019135179,g,0.23495738,0.26118952,3.2021348
135962019570492,a,1.8607436,-2.7183168,10.299856
135962019835492,g,0.2583932,0.26118952,3.2798991
135962020120075,a,0.64209497,-2.0503345,9.466674
135962053589762,g,0.53855777,0.27823377,3.364055
135962053952106,a,0.2662053,-1.700781,8.602366
135962054214919,g,0.4022039,0.17703363,3.4641898
135962054498721,a,0.36197338,-2.0790648,8.743625
135962093618981,g,0.16145414,0.050267164,3.6708512
135962093977575,a,0.8551789,-1.7414825,9.847352
135962094249710,g,0.04534032,-0.102065645,3.847685
135962094534971,a,1.4704888,-1.3224971,9.8042555
135962139249346,g,0.5747767,-0.13828464,3.847685
135962139685960,a,1.4010569,-1.4230536,8.695741
135962139953200,g,0.6834337,-0.09034774,3.9275799
135962140235283,a,2.1336827,-1.7295115,8.813056
135962195447158,g,0.53536195,-0.14041516,3.996822
135962195804658,a,3.088969,-1.1620857,9.80665
135962196068408,g,0.12630041,-0.16172045,4.157677
135962196350544,a,3.3212066,-0.101454295,10.0341
135962196611585,g,0.009121327,-0.14467622,4.108675
135962196893981,a,2.720262,-0.32890347,10.192117
135962255528460,g,0.38622493,-0.07117298,4.0628686
135962255898616,a,2.3659203,0.044592008,9.100361
135962260958200,g,0.35213646,-0.032823462,3.9467547
135962260991273,a,2.4928129,0.55934536,8.916007
135962261018304,g,0.354267,1.9973709E-4,3.7805734
135962261043460,a,3.1871314,1.5313913,10.072407
135962295608043,g,0.053862434,-0.0061918497,3.7997482
135962295990127,a,2.828001,1.6199768,10.263943
135962296253564,g,0.26265427,0.14294517,3.50467
135962296536273,a,1.4465468,1.5218145,9.5385
135962334110335,g,0.3510712,0.2739727,3.2277012
135962334146846,a,1.307683,1.7372926,9.497798
135962334166533,g,0.29248166,0.24734108,2.8591197
135962334183929,a,2.3108535,2.5441387,9.502586
135962399857314,g,-0.046272423,0.1780989,2.6322184
135962400465179,a,2.3324013,2.3310547,9.672575
135962400730543,g,-0.19114839,0.2856906,2.4894729
135962401015908,a,1.3005004,1.7492636,9.485827
135962401277106,g,-0.17090836,0.3251054,2.2348747
135962401558721,a,1.6620249,2.309507,9.176975
135962433978668,g,0.12523516,0.19940418,1.9387312
135962434337002,a,2.303671,2.5585039,8.966286
135962434602627,g,0.21578263,0.15892413,1.6393919
135962434887262,a,2.5047839,2.0269911,8.664616
135962474011793,g,0.06558034,0.11418303,1.426339
135962474367523,a,1.9397523,1.7947534,8.2169
135962474632106,g,-0.10912302,0.040679786,1.2026335
135962474912471,a,1.8990508,1.6941969,7.678205
135962519517939,g,-0.23056316,-0.15000255,0.9565574
135962519954345,a,2.030732,1.5050551,6.825869
135962520222106,g,-0.21884526,-0.35240278,0.8127467
135962520502523,a,1.6596307,1.6654665,5.8945246
135962577598668,g,-0.20499682,-0.61019677,0.6678707
135962577965127,a,1.4513352,1.6080058,5.3199162
135962582963304,g,-0.33922014,-0.94788563,0.5890412
135962582996325,a,1.4704888,1.0166379,4.9105077
135962583023825,g,-0.4542687,-1.3303156,0.49849367
135962583049606,a,1.4130279,1.0333973,5.8203044
135962620095231,g,-0.45000765,-1.7649434,0.3845104
135962620535335,a,12.665776,-1.7175405,19.529503
135962620803773,g,-0.2806306,-0.6304368,-1.6533405
135962621093200,a,-4.9052706,-4.308067,3.9552212
135962676310023,g,0.5097956,0.27184215,0.3056808
135962676346481,a,3.9484875,2.6111763,10.170568
135962676365283,g,0.8655939,-0.699679,0.42392516
135962676382679,a,0.35000235,-0.5755062,9.497798
135962676399085,g,0.6962169,-0.037084516,0.3088766
135962676415752,a,1.6309003,1.3829508,9.093178
135962719735231,g,0.22643527,-0.2597248,0.16719645
135962720172575,a,0.7977181,0.6048352,10.647015
135962720436793,g,0.015512913,-0.058389805,0.06706159
135962720719293,a,0.77856445,-1.7151462,10.21127
135962776024189,g,0.20086892,-0.25439847,0.08517109
135962776380595,a,2.104952,0.6192004,9.65821
135962776646429,g,0.47251135,-0.20646156,0.10328058
135962777051637,a,1.4824598,1.9192519,9.165004
135962779370856,g,0.11032145,-0.028562402,0.075583704
135962779748408,a,1.7745523,0.11402386,10.15381
135962819808200,g,-0.24547687,-0.033888724,0.024451014
135962820246012,a,1.7146974,-1.0687118,9.725247
135962820509241,g,-0.1698431,0.092877746,0.10328058
135962820793512,a,1.2909236,-0.017657237,9.813833
135962876102679,g,-0.045207158,0.12696621,0.11499849
135962876464866,a,1.6835726,-0.08948329,9.902418
135962876729554,g,0.09860354,0.12483568,0.14056484
135962877143512,a,1.4226047,0.018255789,10.216059
135962881732418,g,0.1294962,0.25160214,0.15121748
135962881765804,a,1.697938,-0.022445641,9.76116
135962920432731,g,-0.088883,0.23988423,0.17997962
135962920872783,a,1.7027264,-0.13018471,9.176975
135962921142106,g,-0.60020995,0.0822251,0.14482589
135962921424970,a,1.3196541,-1.1022305,9.184157
135962976594033,g,-0.37117806,0.008721853,0.011667841
135962976630283,a,0.9198224,-0.94900167,9.969456
135962976649606,g,0.29248166,0.15146728,-0.01283324
135962976667418,a,1.4944308,-0.0032920274,10.012551
135962976683512,g,0.3606586,0.041745048,0.0148636345
135962976699918,a,1.1568483,0.7628525,9.471462
135963014553356,g,0.24987109,0.1450757,-0.06609646
135963020601324,a,0.689979,0.54737437,9.461885
135963020999293,g,0.092211954,0.12590094,-0.047986966
135963021308304,a,0.938976,0.2959832,9.440337
135963054572783,g,0.03894873,0.046006106,-0.07461858
135963054933668,a,1.295712,0.09247604,9.880871
135963055199189,g,0.11564777,0.049201902,-0.052248023
135963055483199,a,1.4154221,0.13078327,10.275913
135963121817210,g,0.12630041,0.075833514,-0.018159563
135963122252574,a,1.283741,0.48033673,10.21127
135963122519970,g,0.10286459,0.121639885,-0.055443816
135963122804554,a,1.1855787,0.43963528,9.818622
135963123065231,g,0.078363515,0.15785888,-0.071422786
135963123345022,a,1.1376947,0.35344404,9.698911
135963176389658,g,-0.01644502,0.15892413,-0.085271224
135963176747054,a,1.3244425,0.48751932,9.7563715
135963177134449,g,-0.07609983,0.1333578,-0.12042495
135963177420179,a,1.496825,0.5856816,10.019734
135963177677939,g,-0.08462194,0.15146728,-0.13107759
135963177967887,a,1.3819033,0.42527008,10.043676
135963214989866,g,-0.06225139,0.19514313,-0.16623132
135963215026637,a,1.4393641,0.68623805,9.825804
135963215044970,g,-0.060120862,0.20579576,-0.24399562
135963215062626,a,1.5303438,0.9831191,9.603143
135963260269241,g,-0.09314406,0.21644841,-0.31323782
135963260708981,a,1.4680946,1.2416929,9.483433
135963260975387,g,-0.10273144,0.23242739,-0.4368085
135963261259554,a,1.508796,1.373374,9.600749
135963318382679,g,-0.09527459,0.2292316,-0.5390739
135963318765126,a,1.664419,1.4595652,9.212888
135963319029085,g,-0.099535644,0.2079263,-0.6722319
135963319311897,a,1.8870798,1.3374609,9.217676
135963319574189,g,-0.048402954,0.18875153,-0.79686785
135963319853929,a,1.901445,1.6726491,9.289502
135963360288772,g,-0.032423984,0.20899157,-0.9832891
135963360724137,a,1.6811785,1.9024925,9.148245
135963360989189,g,-0.024967136,0.21538316,-1.1665146
135963361272678,a,1.6069583,1.6151884,9.136273
135963394842574,g,-0.008988169,0.17170732,-1.3433485
135963395202106,a,1.7553988,1.5337855,8.947132
135963395467053,g,0.15399729,0.090747215,-1.5191171
135963395747991,a,1.769764,2.0102315,8.908825
135963434977053,g,0.26585007,0.030027142,-1.6586667
135963435341220,a,1.9469349,1.8953099,9.44752
135963435607522,g,0.3148522,-0.036019254,-1.7982165
135963435888981,a,2.5047839,2.2568343,10.232818
135963502213564,g,0.29035112,-0.10739197,-1.9473535
135963502650595,a,2.6460419,2.6901848,10.6398325
135963502919814,g,0.15612781,-0.09673933,-2.075185
135963503202314,a,2.4305637,3.1259296,10.565612
135963503463356,g,0.032557145,-0.07010771,-2.2498884
135963503752366,a,2.602946,3.331831,10.326192
135963556489241,g,0.080494046,-0.072238244,-2.412874
135963556525803,a,2.4880245,3.6622307,10.25676
135963556544710,g,0.18915102,-0.033888724,-2.6568196
135963556562783,a,2.1265001,3.8274307,9.974244
135963556579345,g,0.23495738,-0.03814978,-2.8858514
135963556595543,a,2.2294507,3.5425208,10.769119
135963623132053,g,0.28395954,-0.09034774,-3.1074264
135963623566168,a,3.0339024,2.821866,10.6398325
135963623833824,g,0.4565324,-0.15106781,-3.3098266
135963624121897,a,2.8232126,2.8146834,9.5385
135963624380699,g,0.65573686,-0.09780459,-3.540989
135963624663251,a,2.136077,2.9607296,9.31105
135963677062991,g,0.67917264,-0.13721937,-3.6826692
135963677420751,a,2.423381,3.271976,9.222465
135963677686897,g,0.39474705,-0.26718163,-3.7764125
135963677969866,a,2.732233,2.7763762,9.244013
135963678230439,g,0.0037950044,-0.32896698,-3.8925264
135963678511637,a,2.9668648,2.120365,9.246407
135963713848564,g,-0.34774226,-0.4120576,-3.9500506
135963714207887,a,3.134459,1.8522143,9.107543
135963714475335,g,-0.3520033,-0.42803657,-4.0629687
135963714760803,a,2.7896938,1.0166379,9.002198
135963782576324,g,-0.23162843,-0.43655866,-4.0139666
135963783014449,a,2.7729344,0.14275427,8.793902
135963783274449,g,-0.15919045,-0.56332517,-3.9447243
135963783557730,a,3.4289458,0.11881226,8.870518
135963785887053,g,-0.29341376,-0.7082011,-3.9457896
135963786269710,a,3.9365165,0.0350152,9.107543
135963837191845,g,-0.61086255,-0.7657254,-3.8499157
135963837551741,a,4.0658035,-1.2698247,9.143456
135963837813928,g,-0.58210045,-0.72204953,-3.6943872
135963838107730,a,4.094534,-2.507627,8.995016
135963842699449,g,-0.48622662,-0.7028748,-3.440854
135963842732001,a,3.9820063,-2.0192099,9.469068
135963874622626,g,-0.5469467,-0.71565795,-3.3183486
135963874659137,a,3.6779428,-1.142932,9.713276
135963874678460,g,-0.76213014,-0.64641577,-3.1638854
135963874695491,a,2.9429228,-2.2777836,9.0716305
135963942744241,g,-0.8729176,-0.5409546,-2.9348536
135963943184762,a,2.7130795,-2.6800096,8.791509
135963943449814,g,-0.7386943,-0.5846304,-2.815544
135963943731012,a,3.2326212,-1.6983868,9.069236
135963943994710,g,-0.7791743,-0.6826348,-2.6568196
135963944277887,a,3.3738792,-1.8228853,8.671799
135963996063772,g,-1.0060756,-0.67517793,-2.5066173
135963996423147,a,3.0937574,-2.5459342,8.453926
135963996688772,g,-1.3885056,-0.66132945,-2.3329792
135963997121845,a,3.4696472,-1.8180969,8.401254
135963997387782,g,-1.3853098,-0.6645253,-2.3265877
135963997669137,a,2.6149173,-2.9074588,7.225701
135964035561480,g,-1.418333,-0.5793041,-2.1646674
135964035923043,a,1.9397523,-3.716699,7.493851
135964036190230,g,-1.4460299,-0.6815695,-1.9931598
135964036475543,a,3.4696472,-3.470096,7.536947
135964102835439,g,-0.87504816,-0.9361677,-1.824848
135964103273199,a,4.00116,-3.6855743,6.1004257
135964103538876,g,-0.4691824,-1.0086057,-1.5287045
135964103820647,a,3.1248822,-2.3831284,2.1021092
135964104078199,g,-0.50007504,-1.1577427,-1.5521404
135964104361272,a,2.1672015,0.21697453,1.6711528
135964135634084,g,-0.59914464,-1.6882443,-1.6767763
135964135995803,a,6.694637,-5.998373,13.06037
135964136263043,g,0.4139218,-1.6200675,-1.2666495
135964136559449,a,10.843788,-6.946477,18.449718
135964176436168,g,-2.6167555,-1.2323112,1.3784021
135964176473824,a,-1.6347909,-5.9073935,12.349293
135964176493355,g,0.26798058,1.0335063,-3.4728122
135964176510959,a,-2.3386862,2.192191,9.564836
135964243000126,g,-0.74828166,-0.90953606,-0.13427338
135964243436376,a,7.242909,0.317531,8.480263
135964243705907,g,0.9316403,-1.3516208,0.16080487
135964243986949,a,5.9907417,2.192191,7.587225
135964244248251,g,-0.4244413,-0.085021414,-0.7915415
135964244529136,a,3.1153054,2.608782,8.054094
135964275782730,g,0.23389213,-0.24481109,-0.59659815
135964276136741,a,3.8192005,-0.22595279,8.78672
135964278487418,g,-0.7184543,-0.07543404,-0.12042495
135964278862678,a,4.094534,-2.5387516,9.002198
135964314366949,g,-0.32750222,0.002330266,-0.098054394
135964314728251,a,3.1081228,-1.3009493,9.363723
135964314993980,g,0.036818203,0.021505026,-0.18966714
135964315276845,a,3.6875196,-0.240318,9.562442
135964361349866,g,0.014447649,-0.053063486,-0.011767976
135964361787314,a,3.929334,-0.72155255,9.028535
135964362053616,g,-0.059055597,-0.043476105,-0.071422786
135964362334761,a,3.845537,-1.0280104,8.815451
135964395895230,g,-0.099535644,-0.047737163,-0.07035752
135964396254189,a,3.9580643,-0.62578446,8.918402
135964396514814,g,-0.21032314,-0.009387643,-0.04905223
135964396797470,a,3.656395,-0.75746554,9.241618
135964435925022,g,-0.19860524,0.014048175,-0.040530115
135964436285803,a,3.4768298,-0.8747814,9.888053
135964436548564,g,-0.05053348,-0.04454137,-0.02987747
135964436829814,a,3.5366848,-0.786196,9.466674
135964481460386,g,-0.17090836,-0.08182562,0.005276255
135964481904605,a,4.0753803,-0.9226655,9.394848
135964496365491,g,-0.28276113,-0.11058776,-0.04585644
135964496407105,a,3.9508817,-1.3033435,10.086772
135964536529918,g,-0.3168496,-0.0615856,-0.06396593
135964536566741,a,3.826383,-1.6505028,10.376471
135964536585959,g,-0.19327891,-0.089282475,-0.046921704
135964536603459,a,4.0394673,-1.3871406,10.594342
135964536620178,g,-0.16877784,-0.08076036,-0.009637447
135964536636480,a,3.800047,-1.7199347,11.173739
135964581564084,g,-0.7003448,0.14827149,0.13736904
135964582003980,a,4.860678,-1.5020623,11.693281
135964582274918,g,-0.9506819,0.107791446,0.0063415193
135964582556584,a,3.7066731,-2.7781718,12.284649
135964639575855,g,-1.0220547,0.3634549,0.106476374
135964639935178,a,3.7354035,-4.2889132,12.70124
135964640197001,g,-0.80687124,0.4923519,0.26626605
135964640479970,a,4.3650784,-3.3240497,13.043611
135964640740595,g,-0.35626438,0.62870574,0.35468298
135964641021480,a,4.1472063,-3.089418,13.737929
135964703395178,g,-0.36478648,0.8726513,0.45268732
135964703839293,a,4.144812,-3.6113539,14.274231
135964704104240,g,-0.6342984,1.0292451,0.52406
135964704390907,a,4.2094555,-3.065476,13.8480625
135964704651949,g,-0.8974187,1.181578,0.5102116
135964704940282,a,4.118476,-3.541922,14.05157
135964736231793,g,-1.031642,1.3893045,0.6071507
135964736597938,a,3.7617397,-4.4732666,14.288596
135964736863615,g,-0.9517472,1.5757258,0.7158076
135964737269501,a,3.5869632,-3.9752727,14.013263
135964776285595,g,-0.9251156,1.7419071,0.7562877
135964776648928,a,3.9580643,-3.8435915,13.378799
135964778992782,g,-1.0710568,1.9283284,0.88838047
135964779378043,a,3.7832875,-3.920206,12.411542
135964843527261,g,-1.1232548,2.1254022,0.9522963
135964843962105,a,2.7849054,-4.073435,11.858481
135964844229136,g,-1.0380336,2.2628214,1.0002332
135964844510490,a,2.7609634,-4.015974,11.212047
135964844770751,g,-1.08384,2.285192,1.096107
135964845052157,a,2.8758852,-3.707122,10.335769
135964898126949,g,-1.136038,2.3011708,1.1131513
135964898486115,a,2.4377463,-3.8340147,9.61272
135964898748199,g,-1.2319118,2.4108932,1.1568271
135964899033824,a,1.6117467,-4.734235,9.272743
135964899297782,g,-1.1669306,2.4577649,1.2335261
135964899576636,a,1.6285061,-3.731064,8.240842
135964936450751,g,-1.1019495,2.39811,1.2516357
135964936815542,a,0.48886606,-4.097377,8.094796
135964937201480,g,-0.9879662,2.422611,1.2633536
135964937483720,a,0.33324295,-4.818032,7.551312
135964981929292,g,-1.007141,2.285192,1.2782673
135964982367626,a,0.25902268,-3.7741597,6.564901
135964982630126,g,-1.0263157,2.2287328,1.3187473
135964982912209,a,-0.8159739,-4.0949826,5.758055
135965038250647,g,-0.902745,2.2106235,1.2867894
135965038614032,a,-1.4959271,-5.0406923,5.427655
135965038877105,g,-0.62684155,2.083857,1.2910504
135965039160334,a,-1.6587329,-4.346374,5.0757074
135965039421220,g,-0.6374942,1.9570905,1.333661
135965039699657,a,-2.5685296,-3.8220437,4.7979803
135965100965803,g,-0.733368,1.9112841,1.3155515
135965101402105,a,-3.0234277,-4.8730984,4.027047
135965101666428,g,-0.83563334,1.8196714,1.2793325
135965101947574,a,-3.2891843,-5.4093995,3.193865
135965102211897,g,-0.7354985,1.5778563,1.297442
135965102503824,a,-3.5381813,-4.8730984,2.9999347
135965136881428,g,-0.4542687,1.4500246,1.4796022
135965136987261,a,-3.940407,-4.966472,3.0238767
135965137008876,g,-0.42231077,1.4745257,1.6351309
135965137026480,a,-5.2045455,-5.1029415,2.5498247
135965177052782,g,-0.3370896,1.4830478,1.7128952
135965177091532,a,-4.981885,-4.9928083,2.6431987
135965177112209,g,-0.28489166,1.2114054,1.7555057
135965177130178,a,-4.51741,-4.382287,2.9879637
135965220884449,g,-0.23482423,1.0612031,1.7938552
135965221321532,a,-6.037728,-3.479673,2.621651
135965221590699,g,-0.5501425,1.1389674,1.7416573
135965221874865,a,-6.490232,-3.5371337,2.2170308
135965256747730,g,-0.68330055,0.97385144,1.81303
135965257176115,a,-6.416012,-4.3655276,2.336741
135965257441376,g,-0.50753194,0.8428239,1.8247479
135965257722313,a,-6.13589,-4.1308956,3.0597897
135965298572001,g,-0.31791484,0.70966583,1.8758806
135965298946949,a,-6.7488055,-2.7422588,3.5625722
135965299216532,g,-0.41911498,0.7341669,1.8758806
135965299498563,a,-6.7847185,-2.8428152,3.0262709
135965342300386,g,-0.6076668,0.72351426,1.9547101
135965342738355,a,-6.7990837,-2.864363,3.0190883
135965343001688,g,-0.789827,0.7139269,2.0495186
135965343281324,a,-6.9978027,-2.5770588,2.4181437
135965398598719,g,-0.41059285,0.6990132,2.1304789
135965398957626,a,-7.0648403,-2.3448212,2.5019407
135965399221844,g,0.061319284,0.5946173,2.2146347
135965399502417,a,-6.9116116,-1.5188217,2.9879637
135965399761219,g,0.14121412,0.5466804,2.3115737
135965400043459,a,-6.868516,-0.74310035,3.0190883
135965437089605,g,-0.05799033,0.60846573,2.4553845
135965437453876,a,-6.1550436,-0.42467153,2.0039468
135965442005438,g,-0.44574657,0.6595984,2.573629
135965442039501,a,-6.5429044,0.06135142,1.9871874
135965495421428,g,-0.8015449,0.7544069,2.747267
135965495454761,a,-7.11033,0.5856816,2.2098482
135965495474501,g,-0.83882916,0.6990132,2.836749
135965495491011,a,-6.708104,1.172261,2.1906946
135965495507990,g,-0.72804165,0.67877316,3.0221052
135965495523980,a,-6.1550436,1.9838954,1.5275006
135965542610646,g,-0.9453556,0.722449,3.0806947
135965543046584,a,-4.945972,2.4052749,1.5251064
135965543315126,g,-1.4364425,0.53922355,3.1009347
135965543599448,a,-4.981885,2.4962544,2.492364
135965598822469,g,-1.5142068,0.64468473,3.1818948
135965599180490,a,-6.0329394,3.1522658,2.0494366
135965599443042,g,-1.4162024,0.9429588,3.3534024
135965599726115,a,-6.147861,3.8848915,0.7517793
135965599991792,g,-1.6026237,0.8982177,3.432232
135965600274501,a,-5.80549,4.86412,0.9720459
135965638820646,g,-1.8391124,0.5647899,3.359794
135965639184448,a,-4.8717513,4.6151233,2.480393
135965639447053,g,-1.7698703,0.27290744,3.2095916
135965639729501,a,-4.1941924,4.354155,3.2920272
135965698901323,g,-1.6814533,0.23881897,3.1904168
135965699261740,a,-3.6770449,4.8832736,2.6431987
135965699526792,g,-1.7570871,0.2824948,3.1595242
135965699807469,a,-4.5844474,6.118682,2.7461493
135965700066219,g,-1.5600132,0.21644841,3.1115873
135965700350959,a,-4.402488,6.0324903,4.0174704
135965737353459,g,-1.1062105,-0.13721937,3.062585
135965737714969,a,-2.7337294,5.5273137,3.4620156
135965737980386,g,-1.0433599,-0.24055003,2.9230356
135965738275073,a,-3.535787,6.930316,2.980781
135965799166115,g,-1.5174026,-0.013648701,2.8111827
135965799202678,a,-3.6411319,7.6581535,3.916914
135965801486063,g,-1.5493605,-0.39181757,2.7568543
135965801869709,a,-3.0641294,6.963835,4.259285
135965802139032,g,-1.285175,-0.32364064,2.4692328
135965802422105,a,-2.8318918,7.2176204,4.0581717
135965837457782,g,-1.1775832,-0.48662612,2.2987905
135965837816792,a,-1.4384663,8.079533,4.036624
135965838080594,g,-1.8721356,-0.5952831,2.0367355
135965838363355,a,-1.6204256,8.591892,5.068525
135965882882625,g,-2.6806715,-0.5100619,1.9142301
135965883319448,a,-2.3650224,6.4155626,6.1890116
135965883583459,g,-2.4473784,-0.5260409,1.8215522
135965883867521,a,-0.5861305,5.278317,5.7508726
135965939258407,g,-1.7240639,-0.7912917,1.6223477
135965939619761,a,0.1249474,7.167342,5.3247046
135965939880646,g,-1.7751966,-0.6645253,1.4316653
135965940165959,a,-1.5725416,7.890391,6.7731967
135965940425073,g,-2.4079638,-0.52177984,1.3294
135965940704396,a,-0.9883564,5.0269256,7.7667904
135965982983875,g,-2.3184814,-0.71778846,1.3240737
135965983418823,a,0.14888942,4.3110595,6.9144545
135965983688146,g,-1.5120763,-0.85307705,1.2356566
135965983972625,a,0.5199907,6.276699,6.885724
135966036751427,g,-1.6494954,-0.86266446,1.1333913
135966037237834,a,0.08903438,6.652589,8.2169
135966037508615,g,-2.5656228,-0.76359487,0.9533616
135966037799657,a,0.22550388,4.1338887,9.176975
135966038063355,g,-2.7467177,-0.8200539,1.0268649
135966038344657,a,0.89109194,3.0253732,8.415619
135966077222938,g,-2.1768012,-0.97984356,1.0066248
135966083219136,a,1.5973815,4.3110595,8.3821
135966087912365,g,-1.9648137,-1.0639994,0.90116364
135966087944657,a,1.2190976,4.7491984,10.058042
135966138351896,g,-2.2417824,-0.9691909,0.74776554
135966138388719,a,1.5710453,2.9008746,9.91439
135966138408042,g,-2.4079638,-1.0363026,0.8457699
135966138424865,a,2.2629695,2.5776575,9.409213
135966138441375,g,-2.1501696,-1.1108711,0.8308562
135966138457521,a,2.5837924,3.6023757,10.441113
135966204884084,g,-1.9467041,-1.1161973,0.7040897
135966205321740,a,2.2150855,3.9878423,10.9103775
135966205587782,g,-1.92966,-1.0203236,0.5443001
135966205870490,a,1.6668133,3.1474774,11.279084
135966206131844,g,-1.4779878,-1.0618689,0.5730622
135966206415854,a,2.8016648,3.0038254,11.085154
135966259492261,g,-1.0849053,-1.1854396,0.519799
135966259851115,a,2.7154737,4.2368393,11.9135475
135966260113354,g,-0.8920924,-1.1492206,0.35042194
135966260397625,a,2.353949,4.1913495,11.722012
135966260657625,g,-1.3863751,-1.1215237,0.21300282
135966260937834,a,3.3906386,2.479495,10.6637745
135966305001063,g,-1.9477694,-1.1257848,0.15441327
135966305439344,a,4.0083427,1.3207015,10.84334
135966305702938,g,-2.0319252,-1.1247195,0.21513335
135966305984136,a,2.6508303,0.7341221,11.434708
135966337840334,g,-1.3885056,-1.1353722,0.20874175
135966338202834,a,3.0793922,0.7125743,11.070788
135966338467573,g,-0.37970018,-1.4155366,0.094758466
135966338748302,a,4.652383,0.99509007,10.805033
135966377879813,g,0.4863598,-1.6605475,0.037234187
135966378245073,a,3.6851254,2.6279356,14.422671
135966378507625,g,0.6003431,-1.5646737,0.3099419
135966378804761,a,-0.54782325,4.449923,18.03552
135966442784136,g,-1.3288507,-0.8669255,-1.4999424
135966443225594,a,10.64507,0.8370728,19.529503
135966443491011,g,1.8786604,-3.2041156,-0.1726229
135966443782677,a,12.866889,2.4148517,10.3453455
135966444044500,g,0.7825033,0.4774382,-0.0011153319
135966444324136,a,0.5702689,4.658219,5.90889
135966477570281,g,-0.3434812,2.789062,0.12245534
135966477933250,a,-4.09603,5.098752,5.849035
135966478204292,g,-1.3331119,0.9056745,0.37918407
135966478489396,a,2.3132477,1.1746552,7.275979
135966516988927,g,-0.8420249,-0.6155231,-0.6115118
135966517346740,a,5.748927,-2.5291748,9.066842
135966517618823,g,0.16251941,-0.43123236,-0.75212675
135966517903198,a,3.977218,-0.44143093,8.595184
135966585272834,g,0.026165558,0.0822251,-0.7862152
135966585707886,a,3.2014966,2.0078373,10.151415
135966585971167,g,-0.65560365,-0.020040287,-0.38887158
135966586253667,a,4.250157,-0.1038485,10.364499
135966586516219,g,-1.0731874,-0.15319835,0.2705271
135966586797781,a,4.202273,-1.0878654,9.31105
135966641553354,g,-0.59381837,0.3006043,-0.19712399
135966641910438,a,2.4976013,0.9663597,8.774749
135966642171636,g,-0.23802002,0.48489505,-0.36330524
135966642457365,a,2.3108535,0.36780924,9.215282
135966642716740,g,-0.3701128,0.089681946,-0.102315456
135966642997573,a,3.5534441,-0.28580782,9.665392
135966705381011,g,-0.34774226,-0.12230567,-0.07461858
135966705818146,a,4.025102,0.9615713,9.82341
135966706085177,g,-0.26997796,0.088616684,-0.29193252
135966706367104,a,3.5079544,2.0581157,9.655815
135966706625646,g,-0.41378865,0.3453454,-0.39206737
135966707042156,a,3.182343,0.7245453,9.488221
135966760388771,g,-0.66306055,0.36238965,-0.2866062
135966760425854,a,3.278111,-0.13736732,9.91439
135966760445125,g,-0.7046058,0.40713075,-0.3409347
135966760462625,a,3.4576762,0.10684125,10.481815
135966760479500,g,-0.5618604,0.57970357,-0.35371786
135966760495646,a,3.3978212,-0.28580782,10.139444
135966824780698,g,-0.29341376,0.7437543,-0.30897674
135966825219292,a,2.9405286,-0.6832453,9.718064
135966825485646,g,-0.045207158,1.000483,-0.04585644
135966825764552,a,2.9788358,0.8610148,10.680533
135966826028250,g,0.0698414,1.0505505,-0.07781437
135966826313042,a,3.0506618,2.2688055,16.589424
135966880110333,g,0.9114003,-1.12685,0.7562877
135966880468250,a,5.770475,0.032621,10.553641
135966880734240,g,0.94335824,-1.6562865,1.0577575
135966881014969,a,2.909404,3.868132,11.228806
135966881277260,g,0.27224165,1.3658687,0.5911717
135966881557938,a,5.2437506,-0.21877018,10.3932295
135966945625750,g,-0.036685042,0.76399434,-1.1718409
135966946061167,a,7.0106716,0.9424176,10.364499
135966946329292,g,0.1987384,0.72138375,0.519799
135966946611844,a,6.3259296,0.43005848,9.442732
135966946870490,g,0.16464993,1.2859739,-0.253583
135966947276167,a,5.7417445,1.0214263,8.767567
135967000210958,g,0.018708706,1.3339108,-0.021355355
135967000568198,a,6.0936923,0.9256582,7.9224133
135967000835385,g,-0.11125355,1.3285844,-0.06396593
135967001118094,a,4.8630724,0.5138555,7.6494746
135967001379240,g,-0.35732964,1.4223278,-0.0650312
135967001660177,a,2.7513866,0.5042787,7.338228
135967038533719,g,-0.24015056,1.3594772,-0.13214286
135967038901896,a,2.1312885,0.14514847,7.4866686
135967045852313,g,-0.05479454,1.0068747,-0.11083757
135967045878771,a,2.353949,-0.11581951,7.417237
135967098218823,g,0.08688563,0.7245796,-0.20777664
135967098254969,a,1.7194858,-0.039205052,7.2209125
135967098273510,g,0.261589,0.6542721,-0.47622326
135967098290229,a,-0.74654204,-0.32890347,7.4268136
135967098307156,g,0.5843641,0.64468473,-0.583815
135967098324292,a,-2.4129064,-1.0016742,7.7787614
135967138614969,g,0.6631937,0.29740852,-0.68714565
135967138975229,a,-1.2277765,-0.7694366,7.7069354
135967139239917,g,0.71113056,-0.15213308,-0.9428091
135967139568823,a,0.2901473,-0.06075287,8.032547
135967205862729,g,0.5545367,-0.31405327,-0.99820286
135967206302677,a,-1.1894693,0.027832596,8.372523
135967206570490,g,0.018708706,-0.16491625,-0.9449396
135967206857156,a,-3.368193,-1.1692683,8.477868
135967207247833,g,-0.17729995,-0.20433104,-1.0035292
135967207531062,a,-2.4847324,-2.3208792,8.750807
135967260441427,g,0.27863324,-0.5409546,-0.9875502
135967260803823,a,-0.1695394,-1.3464391,8.700529
135967261066531,g,0.6131263,-0.6900916,-0.86717534
135967261350906,a,-0.22460605,-0.084694885,8.573636
135967261612365,g,0.2434795,-0.4631903,-0.8682406
135967261894865,a,-2.2381296,0.080505036,8.772355
135967325296479,g,-0.5426856,-0.3310975,-0.8117816
135967325731635,a,-2.1064487,-1.1812392,8.925584
135967325998094,g,-0.68330055,-0.56332517,-0.73188674
135967326282885,a,-0.36825815,-1.3057377,9.502586
135967326542833,g,-0.27956533,-0.66346,-0.6306866
135967326823354,a,0.1225532,-0.76464814,9.387665
135967380570750,g,-0.0409461,-0.54521567,-0.5262907
135967380938875,a,-1.4456489,-0.4007295,9.093178
135967385799812,g,-0.35732964,-0.36944702,-0.47302747
135967385833042,a,-2.7624598,-0.44861355,8.192958
135967385860646,g,-0.789827,-0.5324325,-0.4538527
135967385886323,a,-1.6060604,-0.37918168,7.97748
135967446111479,g,-0.9368335,-0.8253802,-0.36543578
135967446551896,a,-0.74175364,-0.1038485,7.953538
135967446818823,g,-0.89954925,-0.8999487,-0.2386693
135967447235594,a,-0.50472766,-0.31214404,7.61835
135967447496739,g,-0.5501425,-0.9446898,-0.22588612
135967447781219,a,-0.41135377,-0.30017304,7.180211
135967501066739,g,-0.13468938,-1.0725216,-0.1459913
135967501103458,a,-0.25333646,0.41090485,6.6893997
135967501122469,g,0.0996688,-1.2376375,-0.19712399
135967501139552,a,0.11776479,1.1818378,5.839458
135967501155802,g,0.1987384,-1.4560168,-0.24719141
135967501172000,a,9.637111,-2.5172038,19.529503
135967539042729,g,0.34787542,-1.0086057,0.1267164
135967539402521,a,0.87433255,-2.7398646,3.6152446
135967539667260,g,4.088019,2.528072,-0.43787375
135967539948823,a,-6.844574,8.165724,2.4995465
135967606267052,g,-0.42124552,1.2124707,-1.6277741
135967606712208,a,4.580557,3.0253732,14.211981
135967607110750,g,-0.09633985,-0.7827696,-0.20458084
135967607395958,a,2.8088474,-1.4039,7.651869
135967607658771,g,0.30846062,0.46678555,-0.0075069186
135967607942156,a,0.6013935,-0.58268887,10.204087
135967662576375,g,0.14121412,0.3251054,-0.040530115
135967662936166,a,2.092981,2.8482022,9.088389
135967663200646,g,0.34041858,0.075833514,0.14376064
135967663483614,a,1.6189293,1.8306664,9.983821
135967663742729,g,-0.049468216,0.18555574,0.034038395
135967664032156,a,1.0826281,0.1810615,9.239224
135967722766166,g,-0.15066834,0.044940844,0.08836688
135967723201687,a,1.757793,1.2009914,10.036493
135967723464760,g,-0.31258854,-0.06904245,0.15867433
135967723749448,a,1.55668,0.8490438,9.583989
135967724010750,g,-0.29341376,-0.022170816,0.13523851
135967724291531,a,1.5686511,0.025438393,9.64145
135967757627677,g,-0.32430643,-0.07010771,0.106476374
135967757985281,a,2.021155,0.317531,9.569624
135967758247833,g,-0.23695476,-0.037084516,0.14056484
135967758531479,a,1.9780595,0.55934536,9.710882
135967801074135,g,-0.20180103,0.0822251,0.05960474
135967801450698,a,1.733851,0.36541504,9.61272
135967801714187,g,-0.14001569,0.15466309,0.005276255
135967801995906,a,1.6428713,0.20979193,10.28549
135967839432468,g,-0.002596582,0.1930126,-0.046921704
135967839789396,a,1.5351322,0.7125743,9.421184
135967840057312,g,0.035752937,0.18768628,-0.03839959
135967840342468,a,1.5734395,1.0381857,10.170568
135967901125698,g,-0.11125355,0.16744626,-0.030942736
135967901486271,a,1.4178163,0.27682957,10.230424
135967901747052,g,-0.049468216,0.18235995,0.009537312
135967902029604,a,1.6189293,-0.07032967,11.061212
135967902288562,g,0.018708706,0.21857895,0.10328058
135967902568979,a,2.136077,0.001496376,10.905589
135967944894500,g,-0.44574657,0.33256224,0.2502871
135967945337104,a,2.9908068,0.023044191,10.201694
135967945600489,g,-0.77384806,0.22497053,0.09795426
135967945881323,a,1.685967,-0.8149264,10.553641
135968001191427,g,0.06025402,0.6638595,-0.07887963
135968001549448,a,1.1783961,1.1507132,10.496181
135968001811375,g,0.33189645,0.6148573,-0.03946485
135968002106583,a,1.0131962,1.5361797,9.150639
135968006823718,g,-0.26465163,0.62018365,0.0159289
135968006857573,a,0.35479078,1.2440871,9.220071
135968061624239,g,-0.3765044,0.6308363,0.029777337
135968061661166,a,0.37873277,1.2512697,9.516952
135968061680645,g,-0.37117806,0.5040698,-0.0011153319
135968061697416,a,0.90066874,1.0094553,9.782708
135968061714187,g,-0.44468132,0.4891561,-0.06609646
135968061730906,a,0.88869774,0.5258266,9.576807
135968099565541,g,-0.7024753,0.55094147,0.019124692
135968099924760,a,0.5487211,0.57371056,9.25359
135968100188666,g,-0.9474861,0.5711815,-0.06077014
135968100471114,a,0.45774144,0.14514847,9.275137
135968166807208,g,-0.92618084,0.5647899,-0.11190283
135968167316583,a,0.5152023,0.14754269,9.385271
135968167585489,g,-0.67158264,0.5200488,-0.2205598
135968167870020,a,0.6325182,0.13078327,9.7563715
135968168132312,g,-0.3168496,0.53283197,-0.27914935
135968168414968,a,0.48647186,0.4707599,10.189722
135968218209239,g,-0.053729273,0.57437724,-0.37821895
135968218562833,a,-0.013916298,0.8777742,10.240001
135968218827260,g,0.053862434,0.60207415,-0.51563805
135968219116010,a,-0.16235681,0.9807249,10.15381
135968219375489,g,0.11671303,0.5711815,-0.6519919
135968219657208,a,-0.09771336,0.78918874,10.014946
135968259746791,g,0.15825835,0.5552025,-0.77875835
135968260108250,a,-0.08574235,0.65271926,9.883265
135968260373406,g,0.24880582,0.5136572,-0.8842195
135968260655177,a,-0.06419453,0.26964697,9.931149
135968324080750,g,0.35639754,0.5083309,-0.9609186
135968324518354,a,-0.11447277,0.087687634,9.698911
135968324782989,g,0.4139218,0.48809084,-1.0386829
135968325074864,a,0.02439093,-0.27383682,9.485827
135968329718093,g,0.539623,0.45400238,-1.0802282
135968329751531,a,0.02439093,-0.21637598,9.284714
135968379314447,g,0.7228485,0.42524025,-1.1164472
135968379351427,a,-0.40417117,0.3438672,9.074024
135968379369916,g,0.7462843,0.4092613,-1.1611882
135968379387156,a,-0.52148706,0.33429042,8.995016
135968379404499,g,0.58116835,0.3091264,-1.1771673
135968379421270,a,-0.2677017,-0.029628245,8.937555
135968443140229,g,0.48742506,0.20473051,-1.1814283
135968443581374,a,-0.23657705,-0.47255555,9.488221
135968443842833,g,0.63656205,0.15359782,-1.1697104
135968444123145,a,-0.21024084,-0.21637598,9.143456
135968444383927,g,0.6717158,0.0971388,-1.1867546
135968444664760,a,-0.6028899,0.10684125,8.59279
135968479316635,g,0.71752214,0.08115983,-1.2016684
135968479677624,a,-0.674716,-0.16609775,8.853758
135968479939916,g,0.7121959,-0.004061321,-1.1707757
135968480219760,a,-0.44726682,0.20979193,8.908825
135968547326895,g,0.6216484,-0.037084516,-1.2197778
135968547765020,a,-0.35149872,0.43963528,9.423578
135968548030124,g,0.42670497,-0.053063486,-1.2091252
135968548311843,a,-0.54782325,0.09008184,9.540894
135968548572677,g,0.08582036,-0.009387643,-1.2155168
135968548856010,a,-0.52388126,-1.2387002,9.461885
135968601781322,g,0.14121412,0.015113439,-1.1462746
135968602140593,a,-0.62443775,-1.3129203,9.821015
135968602407885,g,0.390486,0.044940844,-1.0940766
135968602689656,a,-0.51191026,-0.9394249,10.2735195
135968602949708,g,0.354267,0.03961452,-1.0493355
135968603233145,a,-0.38262334,-0.9035119,10.575189
135968640101426,g,0.17210679,0.059854545,-0.9758323
135968640470958,a,-0.37065235,-1.2650363,10.596737
135968647603093,g,0.020839235,0.12909673,-0.82456475
135968647630593,a,-0.63401455,-1.4086884,10.443508
135968703912781,g,0.0698414,0.18662101,-0.6743624
135968703949031,a,-1.0099041,-0.74070615,10.168175
135968703968406,g,0.08795089,0.22497053,-0.56996655
135968703986010,a,-1.3067852,-1.1213843,10.601525
135968704002208,g,0.018708706,0.24840635,-0.44106954
135968704018718,a,-1.2541127,-1.451784,10.314221
135968740223041,g,-0.007922905,0.23242739,-0.32069466
135968740578770,a,-1.2948142,-1.272219,10.240001
135968740841166,g,0.20512998,0.26864636,-0.19712399
135968741171062,a,-1.5821184,-0.33608606,10.251971
135968807547364,g,0.28182903,0.31551802,-0.008572183
135968807983406,a,-1.802385,-0.46058455,10.271125
135968810315281,g,0.07197193,0.35919386,0.17891435
135968810694604,a,-2.218976,-0.9561843,9.78989
135968810956999,g,-0.021771342,0.4060655,0.27585343
135968811238354,a,-2.2955904,-1.1118075,9.368511
135968840319760,g,0.10606039,0.37623808,0.31420293
135968840680958,a,-1.8047792,-0.63057286,9.43076
135968840944187,g,0.24454476,0.35280228,0.3877062
135968841228978,a,-1.7377415,0.3103484,9.303867
135968907569708,g,0.23282686,0.3698465,0.48358
135968908009656,a,-1.8095676,1.0573393,9.081207
135968908275489,g,0.124169886,0.33788857,0.52299476
135968908556218,a,-1.6707039,1.2632407,8.784326
135968908815020,g,-0.06331666,0.2675811,0.560279
135968909096635,a,-1.6946459,1.5146319,8.585608
135968940393353,g,-0.16345151,0.22603579,0.57412744
135968940753874,a,-1.7497126,1.7803882,8.832211
135968941016583,g,-0.1549294,0.17383784,0.56560534
135968941307937,a,-1.7999908,1.979107,9.078813
