1426471647707,a,-0.11492168,0.076614454,9.998186
1426471647709,r,0.0056808367,0.0026873164,0.004947844
1426471647728,r,0.01545468,0.0014655851,-0.0011608084
1426471647748,a,-0.11492168,0.076614454,10.036493
1426471647750,r,0.01178949,0.028343655,6.0922E-5
1426471647767,a,-0.19153613,0.038307227,9.998186
1426471647769,r,0.0032373741,0.034452308,-0.03414753
1426471647788,r,0.0032373741,0.030787118,-0.013378113
1426471647807,a,-0.15322891,0.076614454,10.036493
1426471647809,r,0.0069025643,-0.0046430677,-0.0023825392
1426471647828,r,0.01911987,0.007574238,0.004947844
1426471647848,r,0.01911987,0.0014655851,0.0073913047
1426471647868,a,-0.11492168,0.11492168,9.998186
1426471647870,r,0.013011217,0.018569812,-0.0011608084
1426471647887,a,-0.19153613,0.076614454,10.036493
1426471647889,r,0.021563333,0.012461159,0.0037261136
1426471647907,a,-0.15322891,0.076614454,9.998186
1426471647913,r,0.010567758,0.007574238,0.0037261136
1426471647927,a,-0.11492168,0.076614454,9.998186
1426471647929,r,0.022785064,0.005130777,0.0061695743
1426471647947,a,-0.15322891,0.076614454,10.0748005
1426471647949,r,0.008124296,0.012461159,-0.015821576
1426471647970,a,-0.15322891,0.11492168,9.959879
1426471647973,r,0.025228523,0.022235002,-0.004826
1426471647987,a,-0.22984336,0.076614454,10.0748005
1426471647990,r,0.01545468,0.016126351,-0.0072694607
1426471648007,a,-0.19153613,0.076614454,10.036493
1426471648009,r,-0.0040930063,0.01123943,-0.0072694607
1426471648027,a,-0.15322891,0.076614454,9.998186
1426471648029,r,0.008124296,0.01490462,6.0922E-5
1426471648047,a,-0.15322891,0.076614454,10.036493
1426471648049,r,-4.2781606E-4,-0.0034213364,0.0037261136
1426471648068,r,0.014232948,0.013682891,0.0061695743
1426471648088,r,0.014232948,0.008795967,6.0922E-5
1426471648107,a,-0.19153613,0.11492168,9.998186
1426471648109,r,-0.0040930063,-9.778757E-4,-0.0023825392
1426471648128,r,0.0044591054,0.005130777,-0.004826
1426471648147,a,-0.19153613,0.11492168,10.036493
1426471648149,r,0.022785064,0.0063525066,-0.0060477303
1426471648168,r,0.010567758,0.007574238,-0.0036042696
1426471648188,a,-0.19153613,0.11492168,9.998186
1426471648189,r,0.010567758,-0.002199605,0.0037261136
1426471648209,a,-0.15322891,0.076614454,10.036493
1426471648211,r,0.0032373741,0.005130777,0.0012826524
1426471648227,a,-0.11492168,0.076614454,9.998186
1426471648229,r,0.0044591054,0.007574238,0.01594342
1426471648247,a,-0.22984336,0.076614454,10.036493
1426471648249,r,0.013011217,0.01490462,0.028160725
1426471648267,a,-0.19153613,0.076614454,9.998186
1426471648269,r,0.013011217,-9.778757E-4,0.06603437
1426471648288,a,-0.11492168,0.11492168,9.998186
1426471648290,r,0.026450254,0.008795967,0.055038795
1426471648309,r,0.013011217,0.005130777,0.041599758
1426471648327,a,-0.076614454,0.11492168,10.036493
1426471648330,r,0.01911987,0.007574238,0.01960861
1426471648347,a,-0.11492168,0.11492168,10.036493
1426471648367,a,-0.076614454,0.11492168,10.036493
1426471648369,r,0.031337176,0.016126351,0.009834766
1426471648372,r,0.036224097,0.012461159,-0.0072694607
1426471648388,a,-0.19153613,0.11492168,9.998186
1426471648390,r,0.030115444,0.007574238,-0.023151956
1426471648408,r,0.030115444,0.008795967,-0.0036042696
1426471648447,a,-0.19153613,0.15322891,9.998186
1426471648449,r,0.033780634,0.008795967,0.0073913047
1426471648467,a,-0.15322891,0.11492168,9.998186
1426471648469,r,0.033780634,0.0063525066,-0.0011608084
1426471648471,r,0.021563333,0.007574238,0.008613035
1426471648489,r,0.028893715,0.0063525066,0.0012826524
1426471648507,a,-0.15322891,0.15322891,9.998186
1426471648527,a,-0.15322891,0.15322891,10.036493
1426471648529,r,0.028893715,-0.009529989,-0.0023825392
1426471648547,a,-0.11492168,0.15322891,10.036493
1426471648550,r,0.033780634,0.034452308,0.009834766
1426471648567,a,-0.038307227,-0.038307227,9.998186
1426471648569,r,0.033780634,0.01490462,0.014721688
1426471648573,r,0.027671985,-0.013195179,0.01594342
1426471648588,a,-0.22984336,0.2681506,10.036493
1426471648590,r,0.030115444,-0.024190754,0.04770841
1426471648607,a,-0.076614454,0.038307227,10.036493
1426471648627,a,-0.19153613,0.15322891,10.036493
1426471648629,r,0.03988929,-0.049847096,0.09657763
1426471648647,a,-0.15322891,0.15322891,10.0748005
1426471648649,r,0.04233275,-0.05229056,0.09902109
1426471648667,a,-0.076614454,0.2681506,10.113108
1426471648669,r,0.07776293,-0.040073253,0.10268628
1426471648687,a,-0.11492168,0.34476504,10.0748005
1426471648689,r,0.10219754,-0.020525564,0.06359091
1426471648708,a,-0.15322891,0.22984336,10.151415
1426471648711,r,0.119301766,-0.0180821,0.0232738
1426471648727,a,-0.11492168,0.2681506,10.113108
1426471648729,r,0.17672311,-0.002199605,0.01960861
1426471648747,a,-0.076614454,0.30645782,10.036493
1426471648749,r,0.21581848,-0.019303832,0.01960861
1426471648767,a,-0.076614454,0.34476504,9.998186
1426471648769,r,0.22681406,-0.0180821,0.011056496
1426471648788,a,-0.11492168,0.38307226,9.998186
1426471648790,r,0.21581848,-0.024190754,-0.0023825392
1426471648808,a,-0.11492168,0.4213795,9.998186
1426471648811,r,0.21093155,-0.0107517205,-0.014599844
1426471648827,a,-0.076614454,0.4213795,10.036493
1426471648829,r,0.21459675,-0.019303832,-0.010934652
1426471648847,a,-0.15322891,0.49799395,10.0748005
1426471648849,r,0.22559233,-0.011973452,0.004947844
1426471648867,a,-0.11492168,0.5363012,10.0748005
1426471648869,r,0.23903136,-0.005864799,0.026938993
1426471648887,a,-0.038307227,0.61291564,10.036493
1426471648889,r,0.2598008,2.4385378E-4,0.036712836
1426471648910,a,-0.076614454,0.6512229,9.998186
1426471648913,r,0.276905,0.0026873164,0.01960861
1426471648927,a,-0.038307227,0.6895301,9.998186
1426471648929,r,0.2683529,-9.778757E-4,0.009834766
1426471648947,a,-0.038307227,0.7278373,10.228029
1426471648949,r,0.28545713,0.005130777,0.018386878
1426471648967,a,0.0,0.842759,10.189722
1426471648969,r,0.3477654,0.008795967,0.0012826524
1426471648987,a,-0.038307227,0.842759,10.113108
1426471648989,r,0.417404,0.0026873164,-0.013378113
1426471649007,a,-0.11492168,0.842759,9.959879
1426471649009,r,0.41984746,0.0026873164,-0.014599844
1426471649027,a,-0.038307227,0.9576807,9.883265
1426471649029,r,0.41007364,0.01123943,0.014721688
1426471649047,a,0.0,1.1109096,9.883265
1426471649050,r,0.37097827,0.008795967,0.009834766
1426471649068,a,0.0,1.1492168,9.80665
1426471649070,r,0.32699597,0.01123943,0.014721688
1426471649088,a,-0.038307227,1.1875241,10.036493
1426471649089,r,0.30011788,0.0026873164,0.0134999575
1426471649107,a,-0.038307227,1.2641385,10.266336
1426471649109,r,0.34410018,0.010017699,0.035491105
1426471649127,a,0.0,1.4173675,10.266336
1426471649129,r,0.44672555,-0.011973452,0.031825915
1426471649147,a,0.0,1.4939818,10.151415
1426471649152,r,0.5603465,-0.0070865266,-0.039034452
1426471649172,a,-0.19153613,1.4556746,10.113108
1426471649179,r,0.6177678,-0.0046430677,0.004947844
1426471649188,a,-0.19153613,1.685518,9.921572
1426471649190,r,0.65930665,0.005130777,0.004947844
1426471649207,a,0.11492168,1.7621324,9.959879
1426471649211,r,0.6703022,0.025900194,-0.004826
1426471649228,a,-0.038307227,1.9536686,9.998186
1426471649232,r,0.716728,-0.0070865266,-0.019486766
1426471649247,a,-0.076614454,2.030283,9.959879
1426471649249,r,0.7765928,-0.0107517205,-0.004826
1426471649268,a,-0.15322891,2.2218192,9.921572
1426471649272,r,0.8266837,-9.778757E-4,0.0061695743
1426471649288,a,-0.038307227,2.3750482,9.80665
1426471649290,r,0.85600525,-0.002199605,0.026938993
1426471649307,a,0.038307227,2.4516625,9.653421
1426471649312,r,0.8645574,0.005130777,0.009834766
1426471649328,a,0.0,2.6431987,9.80665
1426471649330,r,0.9146483,0.0014655851,0.022052072
1426471649349,a,0.15322891,2.9879637,9.80665
1426471649351,r,0.9696262,-0.042516716,-0.035369262
1426471649367,a,0.11492168,3.1028855,9.844957
1426471649370,r,1.0246041,-0.0070865266,-0.10256444
1426471649394,a,0.038307227,3.1794999,9.461885
1426471649403,r,1.0661428,-0.0107517205,-0.122112125
1426471649407,a,0.038307227,3.217807,9.346964
1426471649410,r,1.0270475,-0.022969026,-0.12944251
1426471649428,a,-0.076614454,3.4859576,9.232041
1426471649438,r,0.9855087,-0.005864799,-0.10256444
1426471649452,a,-0.038307227,3.6391866,9.11712
1426471649457,r,0.9366395,-0.15491593,-0.05369522
1426471649467,a,0.0,3.7924154,9.11712
1426471649477,r,0.87555295,-0.15980285,-0.035369262
1426471649487,a,-0.038307227,3.9839516,9.346964
1426471649522,r,0.8413445,-0.1304813,-0.03414753
1426471649526,a,-0.038307227,4.0222588,9.423578
1426471649528,r,0.89265716,-0.10849016,-0.008491191
1426471649532,a,0.19153613,4.405331,9.346964
1426471649539,r,0.997726,-0.07550344,-0.040256184
1426471649548,a,0.2681506,4.4436383,9.078813
1426471649557,r,1.0612559,-0.11337709,-0.084238485
1426471649567,a,0.038307227,4.673482,8.734048
1426471649578,r,1.0490386,-0.07428171,-0.08790368
1426471649587,a,0.11492168,4.9416323,8.580819
1426471649597,r,1.0209389,-0.047403634,-0.07568637
1426471649607,a,0.076614454,4.9416323,8.542512
1426471649620,r,0.97573483,-0.033964597,-0.048808295
1426471649627,a,0.076614454,5.094861,8.619126
1426471649638,r,0.965961,0.012461159,-0.05736041
1426471649650,a,0.076614454,5.3247046,8.542512
1426471649658,r,0.997726,0.0698825,-0.050030027
1426471649667,a,0.11492168,5.554548,8.389283
1426471649678,r,1.0343779,0.08698672,-0.03414753
1426471649687,a,0.038307227,5.592855,8.312668
1426471649699,r,1.0453734,0.097982295,-0.03048234
1426471649707,a,0.15322891,5.8226986,8.159439
1426471649717,r,1.0453734,0.07721287,-0.0060477303
1426471649727,a,0.15322891,6.0525417,8.0445175
1426471649737,r,1.0746951,0.080878064,0.0061695743
1426471649748,a,0.15322891,6.167464,7.8912888
1426471649758,r,1.1125686,0.0381175,-0.023151956
1426471649767,a,0.076614454,6.244078,7.5465236
1426471649778,r,1.0722516,0.041782692,-0.008491191
1426471649787,a,0.0,6.4739213,7.699753
1426471649797,r,1.101573,0.007574238,-0.0011608084
1426471649807,a,0.11492168,6.5505357,7.469909
1426471649818,r,1.0905776,-0.05962094,0.022052072
1426471649827,a,0.22984336,6.703765,7.3549876
1426471649838,r,1.0808036,-0.058399208,0.048930142
1426471649899,a,0.38307226,6.7803793,7.3549876
1426471649900,r,1.0930209,-0.09871631,0.085582055
1426471649904,a,0.22984336,7.0102224,7.201759
1426471649906,r,1.1308947,-0.11948573,0.0672561
1426471649910,a,0.15322891,7.240066,7.0102224
1426471649911,r,1.1638813,-0.115820535,0.08313859
1426471649916,a,0.19153613,7.3549876,6.703765
1426471649918,r,1.2127507,-0.13536823,0.08191686
1426471649929,a,0.11492168,7.5082164,6.5505357
1426471649938,r,1.215194,-0.21111551,0.061147448
1426471649952,a,0.15322891,7.5082164,6.435614
1426471649962,r,1.224968,-0.14147687,0.050151873
1426471649970,a,0.4213795,7.73806,6.0142345
1426471649978,r,1.215194,-0.110933624,0.057482257
1426471649987,a,0.22984336,7.8912888,5.7843914
1426471649997,r,1.1980898,-0.14514208,0.059925716
1426471650007,a,0.30645782,8.00621,5.8226986
1426471650017,r,1.1907594,-0.09382939,0.02083034
1426471650027,a,0.22984336,8.00621,5.707777
1426471650037,r,1.1980898,-0.03640806,-0.009712922
1426471650047,a,0.5363012,8.274361,5.2863975
1426471650058,r,1.1968682,0.027121926,-0.05247349
1426471650070,a,0.4213795,8.580819,5.171476
1426471650078,r,1.1748769,0.016126351,-0.07935156
1426471650088,a,0.30645782,8.504205,5.094861
1426471650098,r,1.2054203,0.0381175,-0.10134271
1426471650108,a,0.45968673,8.695741,4.865018
1426471650120,r,1.2029767,-0.015638642,-0.07935156
1426471650136,a,0.2681506,8.734048,4.673482
1426471650140,r,1.224968,0.01490462,-0.08668195
1426471650149,a,0.38307226,8.887277,4.4436383
1426471650158,r,1.2371852,0.027121926,-0.09645579
1426471650172,a,0.34476504,8.925584,4.2521024
1426471650182,r,1.2188592,0.022235002,-0.107451364
1426471650190,a,0.34476504,8.963891,4.0222588
1426471650199,r,1.2054203,0.056443457,-0.13066424
1426471650248,a,0.2681506,9.078813,3.7541082
1426471650257,r,1.1822073,0.0662173,-0.120890394
1426471650265,a,0.19153613,9.193734,3.6008794
1426471650268,r,1.1724334,0.075991146,-0.13066424
1426471650274,a,0.11492168,9.346964,3.3327289
1426471650276,r,1.1602161,0.06377384,-0.15998578
1426471650285,a,0.15322891,9.385271,3.1411927
1426471650287,r,1.1064601,0.07110423,-0.20152462
1426471650291,a,0.2681506,9.461885,2.873042
1426471650298,r,1.1027949,0.0698825,-0.20152462
1426471650308,a,0.19153613,9.423578,2.834735
1426471650319,r,1.0649211,0.0784346,-0.16975962
1426471650327,a,0.038307227,9.576807,2.681506
1426471650340,r,1.1064601,0.099204026,-0.1331077
1426471650347,a,0.076614454,9.500193,2.6048915
1426471650358,r,1.1785421,0.051556535,-0.091568865
1426471650374,a,0.0,9.615114,2.2601264
1426471650379,r,1.2115288,0.075991146,-0.10134271
1426471650389,a,-0.076614454,9.615114,2.183512
1426471650398,r,1.246959,0.0662173,-0.08790368
1426471650407,a,-0.076614454,9.691729,1.9536686
1426471650423,r,1.2579546,0.060108647,-0.06346907
1426471650429,a,0.11492168,9.691729,1.4556746
1426471650444,r,1.2359633,0.10042576,-0.07935156
1426471650457,a,0.076614454,9.768343,1.1109096
1426471650460,r,1.2237461,0.07965633,-0.08790368
1426471650477,a,-0.22984336,9.768343,0.80445176
1426471650480,r,1.2139723,0.06255211,-0.0610256
1426471650497,a,-0.076614454,9.691729,0.5363012
1426471650500,r,1.143112,0.013682891,-0.023151956
1426471650517,a,-0.076614454,9.80665,0.22984336
1426471650524,r,1.0502604,0.021013273,0.0012826524
1426471650538,a,0.0,9.80665,-0.038307227
1426471650541,r,0.91220486,0.030787118,0.0061695743
1426471650558,a,0.0,9.883265,-0.49799395
1426471650561,r,0.73505396,0.007574238,0.011056496
1426471650577,a,0.0,9.883265,-0.6512229
1426471650586,r,0.5285815,0.018569812,0.004947844
1426471650597,a,0.038307227,9.80665,-0.7278373
1426471650601,r,0.35143057,-0.0070865266,0.018386878
1426471650617,a,0.076614454,9.921572,-0.7278373
1426471650621,r,0.16694926,-0.055955745,-0.0072694607
1426471650637,a,0.11492168,9.883265,-0.5746084
1426471650640,r,-0.021197237,-0.06572959,-0.06591253
1426471650664,a,0.11492168,9.883265,-0.49799395
1426471650666,r,-0.18490912,-0.09382939,-0.11722521
1426471650678,a,-0.038307227,9.844957,-0.30645782
1426471650690,r,-0.28631276,-0.13170305,-0.17586827
1426471650699,a,0.0,9.80665,-0.038307227
1426471650712,r,-0.30952564,-0.15369418,-0.20641154
1426471650718,a,0.038307227,9.844957,0.11492168
1426471650727,r,-0.29486486,-0.19767648,-0.20641154
1426471650739,a,-0.11492168,9.844957,0.15322891
1426471650750,r,-0.25332603,-0.22577628,-0.20030288
1426471650758,a,-0.076614454,9.615114,0.15322891
1426471650773,r,-0.21300891,-0.25754127,-0.15021193
1426471650779,a,-0.19153613,10.266336,0.15322891
1426471650794,r,-0.22156104,-0.27953243,-0.1050079
1426471650800,a,-0.11492168,10.113108,0.2681506
1426471650812,r,-0.22278276,-0.32229298,-0.09401233
1426471650818,a,-0.076614454,9.959879,0.45968673
1426471650830,r,-0.1800222,-0.35650143,-0.03414753
1426471650841,a,0.076614454,9.80665,0.2681506
1426471650851,r,-0.118935674,-0.40537065,0.058703985
1426471650864,a,0.11492168,9.653421,0.2681506
1426471650868,r,-0.05418396,-0.5703043,0.23585491
1426471650880,a,-0.22984336,10.189722,0.5363012
1426471650889,r,-0.040744923,-0.46890065,0.2554026
1426471650899,a,-0.49799395,10.572795,0.7278373
1426471650908,r,-0.026084155,-0.43591392,0.22730279
1426471650919,a,-0.076614454,10.151415,0.45968673
1426471650931,r,-0.0053147376,-0.39315337,0.18820742
1426471650937,a,-0.2681506,9.5385,0.4213795
1426471650948,r,0.035002366,-0.5238785,0.135673
1426471650960,a,0.076614454,9.270349,0.22984336
1426471650969,r,0.07898466,-0.54586965,0.07458648
1426471650979,a,-0.34476504,10.457873,0.80445176
1426471650990,r,-0.0053147376,-0.44568777,0.10390801
1426471650997,a,0.11492168,10.572795,0.19153613
1426471651010,r,-0.07495338,-0.57274777,0.17843357
1426471651017,a,-0.34476504,10.381259,0.80445176
1426471651028,r,-0.18368739,-0.5031091,0.09413417
1426471651037,a,0.22984336,10.151415,0.19153613
1426471651050,r,-0.25332603,-0.6423864,0.13811646
1426471651057,a,0.038307227,9.768343,0.45968673
1426471651068,r,-0.27287373,-0.6436081,0.11856878
1426471651077,a,0.2681506,9.959879,0.49799395
1426471651088,r,-0.14825721,-0.7193554,0.13078608
1426471651099,a,0.45968673,10.036493,0.6895301
1426471651108,r,-0.09816626,-0.68881214,0.11123839
1426471651117,a,0.6895301,10.0748005,0.45968673
1426471651128,r,-0.06273607,-0.8219808,0.0672561
1426471651137,a,0.22984336,9.883265,0.7661445
1426471651148,r,-0.044410117,-0.7376813,-0.1489902
1426471651168,a,0.22984336,9.768343,0.80445176
1426471651173,r,0.06676736,-0.8647413,-0.13799463
1426471651178,a,0.5746084,9.844957,0.5363012
1426471651189,r,0.18283176,-1.1029788,-0.017043304
1426471651197,a,0.076614454,10.0748005,0.6895301
1426471651211,r,0.12663215,-0.98691434,-0.15021193
1426471651244,a,0.5363012,9.998186,0.19153613
1426471651247,r,0.065545626,-1.0993136,-0.076908104
1426471651254,a,-0.076614454,9.423578,0.49799395
1426471651260,r,0.0924237,-1.278908,-0.036590993
1426471651267,a,0.15322891,9.5385,0.49799395
1426471651277,r,0.17916656,-1.31556,0.08802552
1426471651287,a,0.49799395,9.730036,0.2681506
1426471651297,r,0.18771867,-1.4523938,0.18087703
1426471651307,a,1.1109096,9.921572,0.45968673
1426471651317,r,0.14251465,-1.6319882,0.1637728
1426471651327,a,-0.4213795,10.266336,1.4939818
1426471651338,r,0.32333076,-1.6442055,0.085582055
1426471651347,a,-1.0726024,9.883265,0.6512229
1426471651358,r,0.2927875,-1.2324823,-0.035369262
1426471651368,a,1.0726024,9.768343,0.2681506
1426471651379,r,0.3050048,-1.3033426,-0.076908104
1426471651387,a,0.9959879,10.0748005,0.11492168
1426471651398,r,0.33066115,-1.4023027,-0.14288154
1426471651407,a,0.0,10.228029,0.19153613
1426471651432,r,0.30378306,-1.419407,-0.2247375
1426471651437,r,0.17061445,-1.1494046,-0.3212542
1426471651441,a,-0.5746084,9.80665,-0.22984336
1426471651448,r,-0.0028712787,-1.0260098,-0.29193267
1426471651457,a,0.22984336,9.308656,-0.5746084
1426471651478,a,0.6512229,9.653421,-0.38307226
1426471651487,r,-0.15070067,-1.1921651,-0.26383287
1426471651500,a,-0.11492168,10.228029,0.076614454
1426471651507,r,-0.21423066,-1.4023027,-0.15021193
1426471651512,r,-0.27287373,-1.3131164,-0.0329258
1426471651520,a,-0.2681506,10.113108,0.2681506
1426471651530,r,-0.25821295,-1.1237483,-0.084238485
1426471651537,a,-0.076614454,9.691729,0.49799395
1426471651557,a,0.6512229,9.500193,-0.19153613
1426471651567,r,-0.12993126,-1.2398126,-0.23451133
1426471651579,a,-0.34476504,10.113108,0.19153613
1426471651587,r,-0.10671838,-1.4780501,-0.092790596
1426471651597,a,-0.45968673,10.151415,0.2681506
1426471651607,r,-0.07128818,-1.4377329,-0.07324291
1426471651611,r,-0.06762299,-1.3522118,-0.07202118
1426471651618,a,-0.19153613,9.883265,0.22984336
1426471651637,a,-0.15322891,9.078813,0.15322891
1426471651647,r,-0.11404875,-1.1848347,-0.13921636
1426471651657,a,0.22984336,9.691729,0.15322891
1426471651668,r,-0.14825721,-1.1652871,-0.23939826
1426471651678,a,-0.038307227,9.998186,0.30645782
1426471651687,r,-0.06273607,-1.265469,-0.19175076
1426471651698,a,-0.22984336,10.266336,0.6512229
1426471651707,r,-0.0077582,-1.2495865,-0.17342481
1426471651717,a,-0.076614454,10.036493,0.5746084
1426471651730,r,-0.017532043,-1.1323004,-0.28338057
1426471651741,a,0.076614454,9.5385,0.34476504
1426471651750,r,-0.010201663,-1.1591784,-0.3053717
1426471651758,a,-0.038307227,9.500193,0.4213795
1426471651768,r,0.01545468,-1.0113491,-0.37501034
1426471651777,a,-0.22984336,9.730036,0.2681506
1426471651788,r,0.017898139,-0.9808057,-0.40066668
1426471651797,a,-0.22984336,9.883265,0.19153613
1426471651807,r,0.07776293,-1.1213048,-0.25039384
1426471651817,a,-0.038307227,9.844957,0.0
1426471651827,r,0.06798909,-1.206826,-0.12944251
1426471651838,a,-0.076614454,9.768343,0.076614454
1426471651850,r,0.04599794,-1.3228903,0.06603437
1426471651858,a,-0.22984336,9.80665,0.30645782
1426471651868,r,0.01545468,-1.3118948,0.07580821
1426471651878,a,-0.11492168,9.844957,0.38307226
1426471651888,r,0.0020156428,-1.2850167,0.059925716
1426471651900,a,-0.34476504,9.730036,0.34476504
1426471651908,r,0.035002366,-1.3045644,0.0794734
1426471651918,a,-0.4213795,9.730036,0.4213795
1426471651927,r,0.050884865,-1.2630255,0.029382452
1426471651939,a,-0.2681506,9.615114,0.4213795
1426471651949,r,0.056993514,-1.2373692,-0.047586568
1426471651957,a,0.2681506,9.576807,0.11492168
1426471651968,r,0.12418869,-1.2703559,-0.014599844
1426471651977,a,0.15322891,9.730036,0.22984336
1426471651989,r,0.2243706,-1.4389547,0.0672561
1426471652001,a,-0.5746084,10.151415,0.6512229
1426471652008,r,0.26224422,-1.238591,0.10146455
1426471652021,a,-0.842759,10.189722,0.4213795
1426471652027,r,0.28179193,-1.1396308,-0.092790596
1426471652037,a,0.49799395,9.959879,0.0
1426471652048,r,0.30133963,-1.1921651,-0.02926061
1426471652058,a,0.30645782,10.189722,0.076614454
1426471652068,r,0.3477654,-1.3851986,0.02083034
1426471652077,a,0.15322891,10.113108,0.11492168
1426471652088,r,0.35509574,-1.4756067,0.030604184
1426471652097,a,-0.30645782,10.381259,0.38307226
1426471652108,r,0.31966558,-1.215378,-0.11844694
1426471652120,a,-0.038307227,9.921572,-0.22984336
1426471652128,r,0.3135569,-1.1628436,-0.21496364
1426471652139,a,-0.34476504,9.883265,0.038307227
1426471652147,r,0.30622655,-1.2178215,-0.2369548
1426471652158,a,0.49799395,9.730036,-0.34476504
1426471652170,r,0.33799154,-1.0565531,-0.11966867
1426471652234,a,0.2681506,9.844957,-0.5746084
1426471652239,r,0.35265228,-0.97469705,-0.050030027
1426471652254,a,-0.15322891,9.883265,-0.34476504
1426471652259,r,0.35143057,-0.9172757,-0.02559542
1426471652262,a,-0.5746084,9.768343,-0.19153613
1426471652263,r,0.3208873,-0.8219808,0.046486683
1426471652266,a,-0.9576807,9.844957,0.0
1426471652268,r,0.27934846,-0.53365237,0.053817064
1426471652272,a,-0.842759,9.844957,-0.038307227
1426471652273,r,0.21459675,-0.3076322,-0.012156383
1426471652278,a,-0.5746084,9.5385,-0.22984336
1426471652289,r,0.11197139,-0.18179399,-0.10989483
1426471652300,a,-0.038307227,9.615114,-0.19153613
1426471652308,r,0.032558907,-0.064507864,-0.1050079
1426471652319,a,-0.11492168,9.80665,-0.2681506
1426471652328,r,-0.015088581,-0.05962094,-0.14165981
1426471652339,a,-0.45968673,9.921572,-0.22984336
1426471652348,r,-0.087170675,0.122416906,-0.20396808
1426471652359,a,-0.2681506,9.730036,-0.4213795
1426471652369,r,-0.13481817,0.13952112,-0.11233829
1426471652377,a,-0.49799395,9.921572,-0.19153613
1426471652389,r,-0.14947894,0.2067163,-0.05369522
1426471652397,a,-0.61291564,10.113108,-0.11492168
1426471652408,r,-0.120157406,0.24458995,-0.02926061
1426471652431,a,-0.19153613,10.0748005,-0.19153613
1426471652439,r,-0.15680932,0.2177119,0.025717262
1426471652447,a,-0.38307226,10.266336,-0.22984336
1426471652461,r,-0.10427491,0.18961209,0.14789031
1426471652468,a,-0.2681506,10.342952,-0.34476504
1426471652477,r,-0.05418396,0.18594688,0.36169314
1426471652489,a,-0.19153613,10.228029,-0.2681506
1426471652504,r,-0.0639578,0.17739478,0.4594316
1426471652510,a,-0.076614454,10.036493,-0.2681506
1426471652517,r,-0.095722795,0.15906882,0.35802796
1426471652528,a,0.11492168,9.615114,-0.4213795
1426471652540,r,-0.050518766,0.15173844,0.530292
1426471652548,a,-0.19153613,10.304645,-0.038307227
1426471652563,r,-0.040744923,0.16884267,0.5144095
1426471652571,r,-4.2781606E-4,0.18716863,0.5864915
1426471652575,a,-0.038307227,10.266336,-0.11492168
1426471652588,a,0.34476504,10.0748005,-0.22984336
1426471652598,r,0.014232948,0.21526843,0.6219217
1426471652607,a,0.5363012,9.844957,-0.4213795
1426471652618,r,0.016676411,0.1737296,0.6451346
1426471652632,a,0.45968673,9.730036,-0.38307226
1426471652638,r,-0.0028712787,0.17617303,0.6805648
1426471652650,a,0.45968673,9.883265,-0.5363012
1426471652659,r,-0.03952319,0.17128614,0.7318775
1426471652667,a,0.5746084,9.730036,-0.34476504
1426471652678,r,-0.0798403,0.17128614,0.8907024
1426471652689,a,0.6512229,9.615114,-0.19153613
1426471652698,r,-0.09938799,0.16517746,1.0568578
1426471652712,a,1.3790601,9.576807,-0.038307227
1426471652718,r,-0.011423394,0.012461159,1.1814743
1426471652728,a,1.532289,9.346964,-0.19153613
1426471652739,r,0.0032373741,0.034452308,1.1826961
1426471652747,a,1.532289,9.040505,-0.49799395
1426471652757,r,-0.12993126,0.082099795,1.0910664
1426471652767,a,1.9153614,9.270349,-0.45968673
1426471652778,r,-0.2203393,0.053999998,1.0947315
1426471652819,a,2.030283,9.346964,-0.038307227
1426471652822,r,-0.13481817,-0.12925959,1.1203878
1426471652826,a,1.6089035,8.925584,0.0
1426471652828,r,-0.14703548,-0.016860373,1.0874012
1426471652833,a,1.6472107,8.42759,-0.22984336
1426471652841,r,-0.20934373,0.046669614,1.0727403
1426471652854,a,2.834735,8.963891,-0.19153613
1426471652858,r,-0.4158162,-0.040073253,1.1252748
1426471652869,a,3.1794999,9.461885,-0.076614454
1426471652878,r,-0.4695723,0.008795967,1.0421971
1426471652888,a,3.217807,9.768343,-0.076614454
1426471652898,r,-0.55020654,0.056443457,0.8760417
1426471652908,a,3.2561142,9.385271,-0.038307227
1426471652918,r,-0.65527534,0.056443457,0.8711548
1426471652927,a,3.5242648,9.078813,0.038307227
1426471652957,r,-0.7029228,-0.09871631,0.9737801
1426471652961,a,3.6008794,9.461885,0.30645782
1426471652963,r,-0.7603442,-0.1390334,0.9933278
1426471652967,a,3.2561142,9.040505,0.80445176
1426471652979,r,-0.738353,-0.22944146,1.1313834
1426471652992,a,3.6008794,8.810662,0.7661445
1426471653000,r,-0.7053663,-0.24776742,1.1436007
1426471653009,a,4.0222588,8.504205,1.0342951
1426471653019,r,-0.49522865,-0.14392033,0.8723765
1426471653028,a,4.8267107,8.350976,1.6472107
1426471653039,r,0.11074966,-0.014416911,0.6927821
1426471653048,a,4.3287168,8.619126,0.38307226
1426471653059,r,0.11685831,-0.054734014,0.652465
1426471653067,a,4.175488,8.772355,0.7661445
1426471653078,r,0.04721967,-0.12803784,0.761199
1426471653088,a,4.405331,9.002198,0.842759
1426471653100,r,-0.013866849,-0.16835496,0.8735982
1426471653111,a,5.056554,8.6574335,0.6512229
1426471653118,r,7.939115E-4,-0.19156784,1.0312015
1426471653131,a,5.133168,8.580819,0.6895301
1426471653170,r,0.028893715,-0.18179399,1.1778091
1426471653175,a,5.0182467,8.389283,0.7661445
1426471653179,r,-0.019975506,-0.23066321,1.2437826
1426471653183,a,5.0182467,7.929596,0.7278373
1426471653188,r,-0.05296223,-0.2379936,1.1985786
1426471653195,a,5.554548,7.776367,0.8810662
1426471653199,r,-0.046853572,-0.15369418,1.1313834
1426471653209,a,6.090849,7.929596,0.61291564
1426471653225,r,-0.013866849,-0.27953243,1.2230132
1426471653238,a,5.9759274,7.8912888,0.7661445
1426471653242,r,0.016676411,-0.27953243,1.2486695
1426471653259,a,5.7843914,7.5465236,0.842759
1426471653267,r,0.033780634,-0.18057227,1.2596651
1426471653285,a,6.0525417,7.2783732,0.7661445
1426471653289,r,0.074097745,-0.064507864,1.2535565
1426471653298,a,6.895301,7.393295,0.45968673
1426471653300,r,0.1205235,-0.095051125,1.3085344
1426471653317,a,6.6271505,7.469909,0.7278373
1426471653320,r,0.14984503,-0.024190754,1.2853215
1426471653337,a,6.5122285,7.3166804,0.7661445
1426471653339,r,0.14495811,0.10775614,1.2034655
1426471653357,a,6.6654577,6.8569937,0.6895301
1426471653359,r,0.01911987,0.0784346,1.0666317
1426471653378,a,7.393295,6.090849,0.49799395
1426471653381,r,-0.035857998,0.025900194,0.9884409
1426471653408,a,7.0485296,6.8569937,0.7661445
1426471653410,r,-0.09938799,-0.0070865266,1.0226494
1426471653432,a,7.086837,6.703765,0.80445176
1426471653435,r,-0.19834816,0.1101996,1.015319
1426471653440,r,-0.31319082,0.14929497,0.95423245
1426471653448,a,7.469909,6.0525417,0.6895301
1426471653467,a,8.274361,5.363012,0.61291564
1426471653469,r,-0.42314658,0.15173844,1.0874012
1426471653487,a,7.5082164,5.439626,0.8810662
1426471653490,r,-0.39382502,0.019791543,1.1252748
1426471653507,a,7.5082164,5.93762,1.1109096
1426471653512,r,-0.35350794,0.06377384,0.996993
1426471653530,a,8.159439,5.66947,0.5746084
1426471653531,r,-0.37549907,0.17250785,0.92735434
1426471653548,a,8.274361,5.363012,0.6895301
1426471653549,r,-0.35350794,0.046669614,0.838168
1426471653572,a,8.389283,4.7884035,0.80445176
1426471653574,r,-0.28142583,0.024678465,0.89803284
1426471653587,a,8.389283,4.9799395,1.2641385
1426471653592,r,-0.21667412,-0.08283382,0.9688932
1426471653607,a,8.350976,4.9416323,1.340753
1426471653609,r,-0.24477392,0.07232595,0.9921061
1426471653627,a,8.0445175,4.673482,0.6512229
1426471653630,r,-0.23255661,0.010017699,0.80762476
1426471653653,a,8.619126,4.3287168,0.9959879
1426471653656,r,-0.25943467,0.01490462,0.8406115
1426471653673,a,8.848969,4.367024,1.4939818
1426471653676,r,-0.26554334,0.007574238,0.79052055
1426471653687,a,8.236053,4.213795,0.9576807
1426471653689,r,-0.2557695,0.097982295,0.75875556
1426471653707,a,9.002198,4.55856,1.340753
1426471653709,r,-0.36572522,0.018569812,0.88215035
1426471653728,a,7.469909,3.715801,0.9959879
1426471653731,r,-0.38771638,0.08454326,0.87481993
1426471653756,r,-0.38282946,-0.07672516,0.68422997
1426471653777,a,8.619126,3.6774938,1.3024458
1426471653785,a,8.695741,3.371036,0.9959879
1426471653786,r,-0.29364315,0.08332153,0.8320594
1426471653791,a,9.385271,3.6008794,0.9576807
1426471653792,r,-0.3083039,-0.16102457,0.8845938
1426471653808,a,9.002198,3.2561142,0.80445176
1426471653812,r,-0.2484391,0.0662173,0.87481993
1426471653827,a,9.040505,3.064578,0.842759
1426471653831,r,-0.14703548,-0.022969026,0.7807467
1426471653851,a,8.465898,2.9879637,1.0726024
1426471653858,r,-0.07128818,-0.07550344,0.53762233
1426471653872,a,9.921572,2.719813,0.6512229
1426471653874,r,0.10586274,0.0026873164,0.8907024
1426471653888,a,9.040505,2.7581203,1.6089035
1426471653890,r,0.25857905,-0.28075415,0.8125117
1426471653907,a,8.504205,3.1411927,0.9576807
1426471653910,r,0.33066115,-0.064507864,0.82228553
1426471653927,a,10.228029,2.4899697,1.1492168
1426471653930,r,0.30256134,-0.23066321,0.792964
1426471653947,a,10.113108,2.183512,1.340753
1426471653949,r,0.3208873,-0.1304813,0.82350725
1426471653967,a,8.963891,2.681506,0.842759
1426471653969,r,0.19138387,-0.2538761,0.7648642
1426471653987,a,9.270349,2.4133554,1.532289
1426471653989,r,0.026450254,-0.3345103,0.52540505
1426471654008,r,-0.024862424,0.016126351,0.5290702
1426471654017,a,9.576807,1.9536686,0.5746084
1426471654028,r,-0.056627423,-0.21600243,0.43133178
1426471654037,a,9.691729,1.8387469,1.1109096
1426471654050,r,-0.05296223,-0.09260766,0.44599256
1426471654057,a,9.998186,1.685518,1.1875241
1426471654068,r,-0.048075303,0.01734808,0.5168529
1426471654077,a,10.802638,1.4556746,1.0726024
1426471654088,r,-0.09327933,0.05888692,0.8320594
1426471654097,a,9.80665,1.6089035,0.7661445
1426471654112,r,-0.06029261,0.016126351,0.6720127
1426471654118,a,9.691729,1.4939818,0.91937345
1426471654128,r,-0.057849154,0.03200885,0.6561302
1426471654138,a,9.691729,1.1109096,0.9959879
1426471654148,r,-0.0798403,0.018569812,0.61825657
1426471654160,a,9.768343,0.9959879,0.6512229
1426471654168,r,-0.041966654,-0.10482497,0.5840481
1426471654177,a,9.5385,1.340753,0.8810662
1426471654190,r,-0.07006645,-0.0901642,0.6035958
1426471654197,a,9.80665,1.2641385,0.80445176
1426471654208,r,-0.10183145,-0.16957667,0.57060903
1426471654220,a,9.80665,1.1492168,0.842759
1426471654229,r,-0.018753774,-0.07550344,0.49974868
1426471654248,a,9.998186,0.7661445,0.61291564
1426471654252,r,0.054550055,-0.038851522,0.42888832
1426471654257,a,9.80665,0.8810662,1.1492168
1426471654270,r,0.07898466,0.10042576,0.37391046
1426471654277,a,9.844957,0.6512229,0.80445176
1426471654288,r,0.058215246,0.05888692,0.339702
1426471654297,a,9.730036,0.61291564,0.80445176
1426471654308,r,0.03744583,-0.008308258,0.3800191
1426471654318,a,9.615114,0.6512229,0.7661445
1426471654328,r,-0.028527617,-0.064507864,0.4240014
1426471654338,a,9.576807,0.49799395,0.80445176
1426471654348,r,-0.06151434,-0.08649901,0.48386618
1426471654359,a,9.653421,0.5746084,0.7278373
1426471654372,r,-0.10183145,-0.13781169,0.5107443
1426471654377,a,9.691729,0.30645782,0.7661445
1426471654388,r,-0.09083587,-0.08283382,0.55717003
1426471654397,a,9.730036,-0.038307227,0.6895301
1426471654423,r,-0.05418396,-0.04496017,0.5926002
1426471654427,a,10.113108,0.038307227,0.80445176
1426471654441,r,-0.016310312,0.052778266,0.543731
1426471654447,a,10.151415,0.038307227,0.80445176
1426471654458,r,0.031337176,0.1101996,0.44232735
1426471654471,a,10.036493,-0.076614454,0.842759
1426471654478,r,0.11319312,0.20182937,0.32137603
1426471654487,a,9.883265,-0.22984336,0.842759
1426471654497,r,0.14740157,0.24336821,0.25784606
1426471654507,a,9.921572,-0.22984336,0.8810662
1426471654518,r,0.22925751,0.1505167,0.037934568
1426471654551,a,9.844957,-0.15322891,0.9576807
1426471654554,r,0.19504906,0.17495131,0.01594342
1426471654565,a,9.768343,-0.19153613,0.80445176
1426471654567,r,0.17672311,0.10042576,0.0134999575
1426471654568,a,9.768343,-0.15322891,0.842759
1426471654587,a,9.768343,-0.19153613,0.9959879
1426471654590,r,0.15595368,0.03200885,0.014721688
1426471654599,r,0.15717542,0.0662173,0.011056496
1426471654607,a,9.768343,-0.2681506,1.0342951
1426471654628,a,9.80665,-0.22984336,0.8810662
1426471654630,r,0.1608406,0.10775614,0.02449553
1426471654647,a,9.80665,-0.19153613,0.7661445
1426471654649,r,0.11319312,0.041782692,0.0012826524
1426471654652,r,0.096088886,-0.020525564,0.0061695743
1426471654667,a,9.768343,-0.22984336,0.8810662
1426471654671,r,0.08631505,0.05522173,0.004947844
1426471654690,a,9.768343,-0.38307226,0.8810662
1426471654707,a,9.730036,-0.30645782,0.9576807
1426471654709,r,0.06921082,0.13707766,6.0922E-5
1426471654727,a,9.768343,-0.22984336,0.91937345
1426471654730,r,0.065545626,0.22137707,0.012278227
1426471654747,a,9.768343,-0.19153613,0.9959879
1426471654751,r,0.020341601,0.25925073,0.009834766
1426471654755,r,0.009346027,0.32522416,0.009834766
1426471654770,a,9.730036,-0.22984336,0.9959879
1426471654791,a,9.730036,-0.19153613,1.0726024
1426471654793,r,0.013011217,0.41685396,0.008613035
1426471654807,a,9.730036,-0.22984336,1.1492168
1426471654809,r,0.016676411,0.5292531,0.012278227
1426471654827,a,9.691729,-0.19153613,1.3790601
1426471654829,r,0.01178949,0.6196612,0.017165149
1426471654847,a,9.653421,-0.19153613,1.4939818
1426471654849,r,0.010567758,0.6892999,0.022052072
1426471654868,a,9.615114,-0.19153613,1.6472107
1426471654872,r,0.014232948,0.743056,0.01594342
1426471654899,a,9.576807,-0.19153613,1.8004397
1426471654902,r,0.01545468,0.8102512,0.0232738
1426471654907,r,0.020341601,0.8627856,0.017165149
1426471654922,a,9.576807,-0.19153613,1.9536686
1426471654924,r,0.017898139,0.9580806,0.034269378
1426471654952,a,9.500193,-0.22984336,2.4516625
1426471654954,r,0.016676411,1.0252757,0.031825915
1426471654957,r,0.024006791,1.0619276,0.033047646
1426471655001,a,9.346964,-0.19153613,2.834735
1426471655004,r,0.0069025643,1.0350496,0.030604184
1426471655010,a,9.308656,-0.19153613,3.0262709
1426471655012,r,0.01911987,1.0436016,0.031825915
1426471655030,a,9.270349,-0.11492168,3.1794999
1426471655031,r,0.03866756,1.0277191,0.04404322
1426471655048,a,9.193734,-0.15322891,3.217807
1426471655052,r,0.032558907,0.9935107,0.034269378
1426471655068,a,8.848969,-0.15322891,3.8307228
1426471655070,r,0.04233275,1.0179453,0.034269378
1426471655088,a,9.002198,-0.19153613,3.7541082
1426471655090,r,0.07043255,1.2109787,0.06236918
1426471655111,a,9.193734,-0.2681506,3.4093432
1426471655115,r,0.11074966,1.3050519,0.0794734
1426471655127,a,8.887277,-0.2681506,3.9073372
1426471655130,r,0.103419274,1.2842826,0.085582055
1426471655147,a,8.6574335,-0.038307227,4.4819455
1426471655157,r,0.028893715,1.4040121,0.050151873
1426471655167,a,8.580819,-0.15322891,4.711789
1426471655169,r,0.03866756,1.4260033,0.04770841
1426471655187,a,8.274361,0.076614454,5.094861
1426471655189,r,0.021563333,1.4223381,0.056260526
1426471655209,a,7.776367,0.11492168,5.592855
1426471655211,r,-0.044410117,1.58605,0.0134999575
1426471655228,a,8.159439,-0.11492168,5.363012
1426471655231,r,-0.15436585,1.7766399,-0.041477915
1426471655257,a,7.8529816,-0.34476504,5.707777
1426471655260,r,-0.21667412,1.6654625,-0.092790596
1426471655263,r,-0.18979605,1.4944202,-0.09767752
1426471655277,a,7.393295,-0.34476504,6.0142345
1426471655279,r,-0.22644797,1.6141498,-0.12699905
1426471655297,a,6.5122285,0.19153613,6.742072
1426471655300,r,-0.32174292,2.2054672,-0.20152462
1426471655317,a,6.6654577,0.038307227,6.703765
1426471655337,a,7.5082164,-0.5363012,6.8569937
1426471655340,r,-0.34984273,2.565878,-0.24184172
1426471655358,a,7.1634517,-0.30645782,6.6271505
1426471655361,r,-0.28264755,2.4070528,-0.2210723
1426471655366,r,-0.1360399,2.28488,-0.07935156
1426471655382,a,6.588843,-0.5746084,7.1634517
1426471655383,r,-0.096944526,2.2824364,-0.041477915
1426471655397,a,5.3247046,-0.19153613,8.082825
1426471655417,a,5.707777,-0.19153613,8.159439
1426471655419,r,-0.18735258,2.474248,-0.16242924
1426471655438,a,5.746084,-0.19153613,8.274361
1426471655452,r,-0.16902663,2.4412613,-0.15876405
1426471655462,a,5.133168,0.0,8.504205
1426471655469,r,-0.095722795,2.152933,-0.085460216
1426471655472,r,-0.051740497,2.034425,-0.05980387
1426471655481,a,4.7884035,0.076614454,8.887277
1426471655497,a,3.5242648,0.45968673,9.11712
1426471655499,r,-0.035857998,1.7485402,-0.021930225
1426471655547,a,3.86903,-0.11492168,9.308656
1426471655551,r,-0.0835055,1.7241055,-0.14288154
1426471655562,a,4.4819455,-0.7278373,9.232041
1426471655563,r,-0.048075303,1.572611,-0.085460216
1426471655566,a,3.9839516,-0.30645782,9.193734
1426471655570,r,0.048441403,1.2378567,0.14300339
1426471655577,a,3.1028855,-0.038307227,9.80665
1426471655579,r,0.048441403,1.1071316,0.12956436
1426471655598,a,3.217807,-0.076614454,9.270349
1426471655600,r,0.21826194,0.86522907,0.12956436
1426471655617,a,3.1794999,0.076614454,9.691729
1426471655619,r,0.1608406,0.73694736,0.135673
1426471655637,a,2.9113493,0.11492168,9.461885
1426471655639,r,0.15351023,0.50481856,0.15522069
1426471655657,a,2.9113493,-0.076614454,9.461885
1426471655659,r,0.14129293,0.47916222,0.1393382
1426471655677,a,2.7581203,0.0,9.576807
1426471655680,r,0.13762772,0.43395817,0.18087703
1426471655698,a,2.566584,0.0,9.5385
1426471655700,r,0.15717542,0.45717105,0.19309434
1426471655718,a,2.4133554,0.11492168,9.5385
1426471655720,r,0.15473196,0.5158141,0.18209876
1426471655737,a,2.4133554,0.15322891,9.5385
1426471655740,r,0.1608406,0.4657232,0.17476837
1426471655757,a,2.1068976,0.22984336,9.385271
1426471655761,r,0.0924237,0.37164992,0.18209876
1426471655778,a,2.336741,0.19153613,10.113108
1426471655779,r,0.06310217,0.4058584,0.13322954
1426471655802,a,1.7238252,0.11492168,9.040505
1426471655804,r,0.09120197,0.289794,0.10512974
1426471655817,a,2.2601264,0.076614454,9.844957
1426471655822,r,-0.034636274,0.2543638,0.17354664
1426471655837,a,2.2984335,0.19153613,9.844957
1426471655840,r,-0.06151434,0.22015533,0.14911205
1426471655858,a,2.183512,0.11492168,9.691729
1426471655861,r,-0.05418396,0.14440805,0.12956436
1426471655877,a,2.3750482,0.0,10.036493
1426471655879,r,-0.057849154,0.16884267,0.13078608
1426471655897,a,2.336741,-0.038307227,9.691729
1426471655902,r,0.021563333,0.1382994,0.1271209
1426471655978,a,1.9919758,-0.076614454,9.691729
1426471655981,r,0.06310217,0.10897787,0.1515555
1426471655985,a,1.9153614,0.076614454,9.691729
1426471655988,r,0.08509332,0.19694248,0.14422512
1426471655993,a,1.6472107,-0.038307227,8.887277
1426471655998,r,0.07165428,0.16395575,0.15644242
1426471656002,a,1.8770541,0.15322891,9.959879
1426471656003,r,-0.10671838,0.14318633,0.22852452
1426471656006,a,1.8387469,0.38307226,9.844957
1426471656007,r,-0.07128818,0.28857225,0.1271209
1426471656017,a,1.9536686,0.11492168,9.576807
1426471656020,r,-0.14947894,0.2506986,0.0794734
1426471656047,a,1.8004397,-0.038307227,9.959879
1426471656049,r,-0.09816626,0.3337763,0.048930142
1426471656068,a,1.7621324,0.038307227,9.883265
1426471656070,r,0.0032373741,0.38508898,0.017165149
1426471656073,r,0.017898139,0.36431956,0.002504383
1426471656088,a,1.5705963,0.076614454,9.883265
1426471656091,r,0.052106593,0.31667206,0.018386878
1426471656107,a,1.5705963,0.15322891,9.883265
1426471656110,r,0.0643239,0.23237264,0.04037803
1426471656127,a,1.4939818,-0.076614454,9.80665
1426471656157,a,1.4556746,0.076614454,9.80665
1426471656160,r,0.06676736,0.24947688,0.050151873
1426471656167,r,0.04233275,0.20793805,0.07458648
1426471656178,a,1.532289,0.0,9.844957
1426471656182,r,0.036224097,0.20915976,0.07092129
1426471656197,a,1.685518,0.11492168,9.844957
1426471656199,r,0.035002366,0.24581167,0.07214302
1426471656217,a,1.3790601,0.076614454,9.883265
1426471656222,r,0.04233275,0.12363864,0.09902109
1426471656240,a,1.2641385,0.19153613,9.844957
1426471656242,r,0.03866756,0.14807324,0.06236918
1426471656257,a,1.2641385,0.038307227,9.768343
1426471656260,r,0.020341601,0.19572073,0.048930142
1426471656277,a,1.1492168,-0.038307227,9.959879
1426471656287,r,-0.034636274,0.23970303,0.046486683
1426471656298,a,1.2641385,0.038307227,9.921572
1426471656301,r,-0.022418968,0.17739478,0.030604184
1426471656324,r,-0.015088581,0.0784346,0.011056496
1426471656347,a,1.2258313,0.038307227,9.883265
1426471656355,r,0.0069025643,0.097982295,0.0232738
1426471656367,a,1.1492168,0.076614454,9.844957
1426471656370,r,0.022785064,0.10653441,6.0922E-5
1426471656387,a,1.1109096,0.076614454,9.615114
1426471656395,r,0.025228523,0.13219075,0.0073913047
1426471656397,r,-0.03952319,0.226264,0.028160725
1426471656408,a,0.9576807,-0.076614454,9.921572
1426471656432,a,1.0342951,0.15322891,9.883265
1426471656439,r,0.0032373741,0.36309782,0.07702994
1426471656443,r,0.050884865,0.60988736,0.08802552
1426471656447,a,0.9576807,0.038307227,9.998186
1426471656458,r,0.08264986,0.62943506,0.048930142
1426471656468,a,0.80445176,0.076614454,9.959879
1426471656487,r,0.04355448,0.44739723,-0.0011608084
1426471656491,a,0.7278373,0.076614454,9.921572
1426471656505,r,-0.016310312,0.12363864,-0.019486766
1426471656508,a,0.7278373,0.076614454,9.959879
1426471656520,r,-0.010201663,0.08698672,-0.013378113
1426471656528,a,0.61291564,0.11492168,9.883265
1426471656540,r,-0.013866849,0.1541819,0.034269378
1426471656547,a,0.61291564,0.11492168,9.844957
1426471656558,r,-0.022418968,0.162734,0.048930142
1426471656571,a,0.7278373,0.076614454,9.959879
1426471656578,r,-0.010201663,0.14929497,0.035491105
1426471656587,a,0.61291564,0.076614454,10.036493
1426471656598,r,0.03866756,0.28124186,0.050151873
1426471656616,a,0.6895301,0.0,9.921572
1426471656626,r,0.030115444,0.34599358,0.041599758
1426471656639,a,0.49799395,0.038307227,9.921572
1426471656641,r,0.0020156428,0.25192034,0.048930142
1426471656657,a,0.49799395,0.34476504,9.959879
1426471656664,r,-0.011423394,0.1505167,0.058703985
1426471656677,a,0.34476504,-0.038307227,9.998186
1426471656680,r,-0.041966654,0.105312675,0.04404322
1426471656697,a,0.4213795,0.0,9.959879
1426471656700,r,-0.03219281,0.07965633,0.025717262
1426471656717,a,0.4213795,0.038307227,9.921572
1426471656720,r,-0.028527617,0.13219075,0.018386878
1426471656739,a,0.4213795,0.038307227,9.959879
1426471656742,r,0.008124296,0.14196458,0.011056496
1426471656767,a,0.4213795,0.038307227,9.998186
1426471656773,r,0.0044591054,0.14196458,-0.023151956
1426471656788,a,0.2681506,0.038307227,9.959879
1426471656791,r,0.008124296,0.16517746,-0.040256184
1426471656808,a,0.19153613,0.038307227,9.998186
1426471656811,r,0.0056808367,0.21404669,-0.013378113
1426471656827,a,0.22984336,0.0,9.959879
1426471656830,r,0.009346027,0.20182937,0.01960861
1426471656852,a,0.19153613,0.076614454,9.959879
1426471656855,r,0.008124296,0.17250785,0.02083034
1426471656868,a,0.038307227,0.038307227,9.998186
1426471656871,r,0.008124296,0.5158141,0.04770841
1426471656887,a,0.038307227,0.076614454,9.959879
1426471656890,r,0.0044591054,0.40097147,0.053817064
1426471656908,a,0.038307227,0.038307227,9.959879
1426471656910,r,0.0032373741,0.32155898,0.045264952
1426471656929,a,0.0,0.038307227,9.844957
1426471656931,r,0.01178949,-0.002199605,0.0073913047
1426471656948,a,0.038307227,0.038307227,9.998186
1426471656951,r,0.010567758,-0.0107517205,-0.004826
1426471656967,a,0.0,0.11492168,9.959879
1426471656972,r,0.0056808367,0.08332153,-0.014599844
1426471656993,a,-0.076614454,-0.038307227,9.959879
1426471656996,r,0.013011217,0.03567404,-0.03048234
1426471657011,a,-0.038307227,0.038307227,9.998186
1426471657013,r,0.01545468,0.023456734,-0.02926061
1426471657049,a,-0.076614454,0.038307227,9.959879
1426471657056,r,0.010567758,0.07232595,-0.021930225
1426471657064,a,-0.076614454,0.038307227,9.921572
1426471657068,r,-0.0016495474,0.060108647,-0.0060477303
1426471657073,r,0.008124296,0.0063525066,6.0922E-5
1426471657078,a,-0.076614454,0.076614454,9.959879
1426471657097,a,-0.076614454,0.038307227,9.959879
1426471657099,r,0.009346027,0.023456734,-0.0023825392
1426471657117,a,-0.076614454,0.038307227,9.921572
1426471657124,r,0.0056808367,0.034452308,0.011056496
1426471657137,a,-0.11492168,0.038307227,9.959879
1426471657140,r,0.0020156428,0.016126351,0.0061695743
1426471657158,a,-0.076614454,0.038307227,9.921572
1426471657161,r,0.009346027,0.012461159,-0.0011608084
1426471657177,a,-0.076614454,0.038307227,9.959879
1426471657180,r,0.0056808367,0.013682891,-0.0072694607
1426471657197,a,-0.076614454,0.076614454,9.959879
1426471657199,r,0.008124296,0.018569812,6.0922E-5
1426471657217,a,-0.076614454,0.076614454,9.921572
1426471657219,r,-4.2781606E-4,0.013682891,0.0037261136
1426471657240,a,-0.076614454,0.076614454,9.959879
1426471657242,r,0.009346027,0.01490462,-0.0023825392
1426471657259,a,-0.038307227,0.038307227,9.921572
1426471657269,r,0.0069025643,2.4385378E-4,-0.0036042696
1426471657281,a,-0.076614454,0.076614454,9.921572
1426471657284,r,0.0044591054,0.0063525066,-0.0011608084
1426471657298,a,-0.076614454,0.0,9.959879
1426471657300,r,0.0069025643,-0.0034213364,0.004947844
1426471657328,a,-0.076614454,0.038307227,9.959879
1426471657330,r,0.0056808367,0.01123943,-0.0023825392
1426471657331,r,0.010567758,0.010017699,-0.0023825392
1426471657348,r,0.010567758,0.03567404,0.0012826524
1426471657367,a,-0.076614454,0.038307227,9.921572
1426471657378,r,0.01178949,0.01123943,-0.0011608084
1426471657387,a,-0.11492168,0.038307227,9.921572
1426471657390,r,0.008124296,0.022235002,0.002504383
1426471657407,a,-0.11492168,0.076614454,9.921572
1426471657410,r,0.0044591054,0.11630825,0.012278227
1426471657429,a,-0.11492168,0.038307227,9.959879
1426471657432,r,-4.2781606E-4,0.044226155,6.0922E-5
1426471657448,a,-0.11492168,0.038307227,9.921572
1426471657450,r,7.939115E-4,0.016126351,-0.0072694607
1426471657476,r,0.010567758,-0.014416911,-0.0036042696
1426471657488,r,0.008124296,-0.022969026,0.011056496
1426471657508,a,-0.076614454,0.15322891,9.921572
1426471657511,r,0.0032373741,-0.11948573,6.0922E-5
1426471657528,a,-0.076614454,-0.076614454,9.998186
1426471657530,r,0.0056808367,0.0063525066,0.0073913047
