111997167416282,g,-0.01940033,-0.02383103,0.019785156
111997167851959,a,0.32920274,-0.23687632,9.687539
111997168117323,g,-0.035379294,-0.045136318,0.04215571
111997168488105,a,0.35793316,-0.36855742,9.965266
111997168747532,g,-0.032183502,-0.039809998,0.041090444
111997169028573,a,0.33159694,-0.5313631,10.029909
111997204170396,g,0.033862893,-0.020635238,0.01339357
111997204527896,a,0.29568392,-0.4547487,9.914988
111997204795032,g,0.12760617,6.700513E-4,-0.021760156
111997205075813,a,0.25737667,-0.030974984,9.86471
111997243074042,g,0.16266401,-0.007860852,-0.014304903
111997243108105,a,0.36511576,-0.07646482,9.752182
111997243127896,g,0.10087868,-0.03875352,0.0048698564
111997243145813,a,0.30286652,-0.28715456,9.771336
111997286810032,g,0.097682886,-0.039818786,0.03469726
111997287248313,a,0.2669535,-0.28954875,10.029909
111997287509719,g,0.10727026,-0.020644026,0.02510988
111997287792115,a,0.2693477,-0.10040683,9.888652
111997321489094,g,0.09661762,-0.013187175,0.021914087
111997321851698,a,0.32202014,0.05761048,9.627684
111997322115709,g,0.022049109,-0.034492463,0.012326707
111997322397011,a,0.46567222,-0.11716624,9.639654
111997363435188,g,0.045484927,-0.10479992,0.078373104
111997363799980,a,0.5255273,0.014514848,9.72824
111997364062375,g,0.046550192,-0.099473596,0.11352683
111997364342896,a,0.48243165,-0.30151978,9.792884
111997408884198,g,0.026310166,-0.10693044,0.05706781
111997409324719,a,0.62368953,-0.43798926,9.75697
111997409591230,g,0.047615457,-0.1111915,0.029370937
111997409870292,a,0.78410107,-0.062099606,9.69951
111997442746073,g,0.10407447,-0.13036627,0.01765303
111997443105605,a,0.6667852,0.6585551,9.601347
111997454984980,g,0.06892075,-0.11971362,-0.022827018
111997455026490,a,0.62847793,0.30181906,9.790489
111997509993886,g,-0.03547517,-0.14101891,-0.06117654
111997510433417,a,0.7338228,0.07436989,9.807249
111997510698677,g,-0.03334464,-0.112256765,-0.051589157
111997510981021,a,0.6476316,0.18689737,9.701904
111997511243677,g,-0.069563635,-0.099473596,-0.082481824
111997511524615,a,0.60453594,0.06239888,9.598953
111997541598417,g,-0.18887325,-0.08669042,-0.07289445
111997541956542,a,0.5710171,-0.07646482,9.814431
111997542217011,g,-0.26450703,-0.1474105,-0.07822077
111997542497792,a,0.7457938,-0.08364742,10.025121
111997583394094,g,-0.23574488,-0.14847575,-0.03028387
111997583749823,a,0.7074866,-0.03815759,9.93893
111997584011750,g,-0.23041856,-0.08882095,-0.012174374
111997584294771,a,0.5805939,-0.564882,10.092158
111997627533105,g,-0.24852805,-0.05792828,-0.1101787
111997627969355,a,0.39384618,-0.672621,9.989208
111997628357636,g,-0.099391036,-0.056863017,-0.04306704
111997628639615,a,0.8439561,-0.6582558,9.958083
111997662939511,g,-0.0045825015,-0.099473596,0.02297935
111997663297532,a,0.91817635,-0.82584995,9.972448
111997663560604,g,0.011396465,-0.024905084,-0.013239639
111997663851021,a,1.0378864,-0.4667197,9.96766
111997703469250,g,0.04122387,0.03368446,-0.052654423
111997703826229,a,1.0474633,-0.351798,9.704298
111997704087636,g,0.07105127,0.07522977,-0.070763916
111997704370344,a,0.676362,-0.1985691,9.634866
111997755613938,g,0.07847457,0.10292372,-0.07609051
111997756049615,a,0.31004912,0.28505963,9.807249
111997756315032,g,0.15623887,0.13488165,-0.087808415
111997756594511,a,0.35075054,-0.5792472,9.881469
111997805151959,g,0.08912721,0.06670473,-0.16876851
111997805188625,a,0.5231331,-1.1059716,10.049063
111997805208157,g,0.12960726,0.0166373,-0.12083161
111997805225917,a,0.5255273,-0.22729953,10.056246
111997805242688,g,0.48327506,0.049660496,-0.08461262
111997805260084,a,0.5686229,0.71362174,9.409811
111997843142688,g,0.4886014,0.025159415,-0.08141683
111997843499198,a,0.82240826,0.40237552,9.091382
111997843764823,g,0.058234543,-0.083497554,-0.047328368
111997844092375,a,0.89902276,0.040851068,9.555858
111997888893781,g,-0.129252,-0.09201967,-0.02389255
111997889331646,a,0.79367787,-0.6654384,9.586982
111997889599250,g,-0.12392567,0.0059846556,-0.08887368
111997889899615,a,0.46088383,-0.41883567,9.859921
111997921518677,g,-0.08983721,-0.013190104,-0.070764184
111997921876073,a,0.7290344,0.46223056,10.736199
111997922211386,g,0.1551736,0.0027888622,-0.12189688
111997922497271,a,0.33159694,0.16295536,10.817602
111997963256125,g,0.30644116,0.05498682,-0.18687801
111997963612167,a,0.31483752,-0.13871406,10.235811
111997963874042,g,0.5589088,0.044334173,-0.13041899
111997964156177,a,0.5327099,0.42871174,9.354745
111998008602115,g,0.63347733,0.039007854,-0.055850483
111998009049354,a,0.49440265,0.7375638,8.926183
111998009314667,g,0.37355283,0.06670473,-0.038806252
111998009598417,a,0.59495914,0.73277533,9.189545
111998043356490,g,0.15304308,0.042203646,0.0027390611
111998043715031,a,0.58298814,0.57715225,9.424176
111998043975969,g,0.025211347,0.09333634,0.0059348545
111998044257844,a,0.33638534,0.55321026,9.713875
111998083396438,g,-0.022725552,0.0975974,0.008065383
111998083755084,a,0.5303157,0.9721955,9.515156
111998093197375,g,-0.09516353,0.078422636,0.032566465
111998093238209,a,0.7098808,0.8093898,9.493608
111998127881750,g,-0.30395538,0.059247877,0.04108858
111998128393365,a,0.5662287,0.14140753,9.991602
111998128657011,g,-0.43604815,0.032616265,0.08796021
111998128937375,a,0.7457938,-0.22729953,10.405799
111998163481333,g,-0.2730627,0.014506771,0.06985072
111998163836802,a,0.58538234,-0.22729953,10.324396
111998164101906,g,-0.045096107,0.044334173,0.03895805
111998164383417,a,0.59017074,0.21083939,9.99639
111998203397740,g,0.0806051,0.044334173,0.0059348545
111998203756646,a,0.59974754,0.19886838,9.955689
111998204019146,g,0.18287048,0.09333634,-0.1634422
111998204299511,a,0.3196259,0.9362825,9.979631
111998257796229,g,-0.11440088,0.08054757,-0.11976741
111998258416906,a,0.48722005,0.026485857,9.914988
111998258686958,g,-0.28803897,-0.023848342,-0.02282835
111998258966542,a,0.439336,-0.4810849,9.510367
111998281581646,g,-0.0717903,0.05072017,-0.050525226
111998281940136,a,0.51595044,-0.09322423,9.60853
111998282201021,g,0.18600368,0.102918126,-0.063308395
111998282481438,a,0.48722005,0.490961,9.816826
111998321092375,g,0.15191522,0.086939156,-0.011110442
111998321453104,a,0.47046062,0.43589434,9.879075
111998321718573,g,0.09012989,0.07628652,-0.004718855
111998322001073,a,0.33399114,0.31139585,9.747394
111998369160813,g,0.026214028,0.06243808,0.026173813
111998369594771,a,0.29568392,-0.016609775,9.644443
111998369860135,g,-0.014266022,0.035806466,0.0048685246
111998370143156,a,0.4441244,-0.0525228,9.828796
111998403401385,g,-0.06433345,0.013435914,-0.019632557
111998403759510,a,0.5255273,0.24196401,9.958083
111998413219250,g,-0.06433345,0.020892765,-0.027089408
111998413258885,a,0.44891283,0.23956981,9.96766
111998440365917,g,-0.03344078,0.025153823,0.014455904
111998440399510,a,0.40102878,0.06958149,9.948506
111998440419406,g,0.013430854,0.015566443,0.058131747
111998440436385,a,0.4249708,0.3712509,9.543886
111998487242948,g,0.051780373,0.029414881,0.04960963
111998487676646,a,0.6404489,0.60109425,9.476849
111998487939771,g,-0.07392083,-0.007869375,0.027239079
111998488301906,a,0.5279215,0.58433485,9.63726
111998522808156,g,-0.1974915,0.020892765,0.015521169
111998523169458,a,0.4369418,0.4837784,9.867104
111998523435969,g,-0.20707889,0.024088558,-0.0153715
111998523716281,a,0.45609543,0.61067104,9.826403
111998563880604,g,-0.14422828,0.04113279,-0.027089408
111998564239458,a,0.36272156,0.6633435,9.81922
111998564500969,g,-0.080312416,0.09652654,-0.092070535
111998564782687,a,0.30765492,1.0535984,9.900622
111998608849562,g,-0.019592343,0.13168027,-0.077156834
111998609286437,a,0.05865794,1.2930186,10.075399
111998609552062,g,-0.03237552,0.1487245,-0.050525226
111998609836698,a,-0.37229836,1.522862,10.05864
111998643937479,g,-0.1016177,0.15618135,0.014455904
111998644303729,a,-0.12569559,1.6713024,10.262147
111998644571906,g,-0.22838417,0.117831826,-0.012175706
111998644852271,a,0.22864626,1.7694647,10.659584
111998684004875,g,-0.38284752,0.10398339,0.069849655
111998684360292,a,0.19033903,0.79741883,10.391434
111998684624875,g,-0.36580327,0.17002979,0.084763356
111998684907219,a,0.17597382,0.7591116,10.180744
111998726731229,g,0.1678942,0.21477088,0.34468788
111998727166698,a,0.05626374,2.4111106,10.367492
111999046369146,g,0.10079079,0.51624155,1.7423148
111999046391125,a,-2.7210102,1.0583868,8.93576
111998762218208,g,0.110378176,0.3276897,0.50128174
111998762253677,a,0.16639702,2.3488615,10.484808
111998762273417,g,-0.4925615,0.1338116,0.71326935
111998762290812,a,0.10654198,0.19407998,10.0825815
111998803709146,g,-0.4510162,0.016632507,0.7952947
111998803745864,a,0.48003745,0.28505963,10.187927
111998803766646,g,0.19453406,0.15085582,0.92525697
111998803784979,a,0.45370123,2.449418,10.49199
111998849676958,g,0.27229837,0.35538658,1.0520234
111998850115239,a,-0.37948096,2.0495863,10.523115
111998850377948,g,-0.36153397,0.24779488,1.0168698
111998850660917,a,-0.7386112,-0.93598324,10.53748
111998883374250,g,-0.50854045,-0.14422242,0.9518886
111998883734823,a,0.25737667,-1.5776293,10.384252
111998884000708,g,0.3734985,-0.19428985,1.0616108
111998884281958,a,1.0833763,0.6633435,10.427347
111998921511177,g,0.9253055,0.14020318,1.1564194
111998921866542,a,0.4417302,2.9378352,10.319608
111998922133208,g,0.32662684,0.36816975,1.2139436
111998922415344,a,-0.8607155,1.6497546,9.6923275
111998969768625,g,-0.7439639,0.09652734,1.2331184
111998970216385,a,-1.1528081,-2.7579708,9.814431
111998970480812,g,-0.5937616,-0.5607408,1.1542889
111998970763364,a,0.40581718,-3.2799067,10.001179
111999001594614,g,1.1511415,-0.5074776,1.4791945
111999001955500,a,1.0426749,0.60827684,9.630077
111999002219458,g,2.3271935,0.1785527,1.6570936
111999002502896,a,-0.17118542,3.4885015,9.845556
111999044526958,g,1.7785822,0.6312901,1.5708072
111999044563885,a,-2.098518,3.8117187,8.923788
111999046369146,g,0.10079079,0.51624155,1.7423148
111999046391125,a,-2.7210102,1.0583868,8.93576
111999088403833,g,-1.0219979,-0.24116148,1.7561632
111999088871021,a,-1.6891093,-3.0428808,9.244612
111999089143989,g,-0.54262894,-0.6065472,1.6560284
111999089427114,a,-0.8607155,-3.5049617,9.575011
111999121722844,g,0.5705724,-0.16020139,1.8818644
111999121759562,a,-1.0450691,-0.112377845,9.922171
111999121779510,g,0.97324234,0.24992542,1.9095613
111999122071177,a,-1.8375498,0.56039286,9.768942
111999164487427,g,0.40652168,0.24246857,1.5271314
111999164937375,a,-1.6196774,-1.8457799,9.132084
111999165227948,g,-0.3338371,-0.15167928,1.1351141
111999165442531,a,-0.79607207,-2.9351416,9.381081
111999208853781,g,-0.34448972,-0.30720788,1.0008907
111999209290396,a,-0.34835634,-1.5129858,9.950901
111999209555708,g,0.012373845,-0.072849706,0.86879796
111999209835708,a,-0.7625532,-0.25602993,9.749788
111999253352010,g,-0.23693559,0.059239622,0.6120687
111999253785239,a,-0.7577648,-0.97189623,9.302073
111999254047114,g,-0.5831465,-0.2422302,0.45014852
111999254329198,a,-0.11372458,-2.0875943,9.009979
111999284565760,g,-0.2933946,-0.40308514,0.34681788
111999284932323,a,0.14963761,-1.347786,9.278131
111999285201073,g,0.35854724,-0.12185533,0.21792088
111999285482583,a,-0.2813187,0.6370073,9.467272
111999327457166,g,0.58544856,0.08267544,0.10500285
111999327896021,a,-0.31004912,1.4390649,9.400234
111999328230760,g,0.11140589,-0.0068067736,0.013390107
111999328514041,a,0.21188685,0.9698013,9.256582
111999363885656,g,-0.44998845,-0.22625124,0.011259579
111999364242739,a,0.2645593,-0.24645314,9.294889
111999374190916,g,-0.42655265,-0.25288287,0.047478568
111999374232271,a,0.25737667,-0.27278936,9.649231
111999401178833,g,0.093296394,-0.14103009,0.038956452
111999401214875,a,0.4321534,0.8093898,9.613318
111999401233781,g,0.47998738,0.012367986,0.013390107
111999401252166,a,0.5279215,1.5300446,9.412206
111999448042687,g,0.23923762,0.04645645,0.0027374632
111999448604145,a,0.2741361,1.3672388,9.455301
111999448870135,g,-0.20497765,-0.018524682,0.033630133
111999449149718,a,0.12090719,0.45504797,9.3499565
111999481898468,g,-0.3924642,-0.07285317,0.010194315
111999482258833,a,0.32441434,-0.28236616,9.742605
111999482524875,g,-0.12508282,-0.07072264,-0.01963309
111999482806593,a,0.34117374,0.44786537,9.852738
111999522579458,g,0.34895986,0.11782917,0.030434338
111999522933416,a,-0.15203181,1.4510359,9.69951
111999523198000,g,0.40328833,0.23394299,0.013390107
111999523478625,a,-0.33399114,1.7287632,9.4217825
111999570482687,g,0.04003317,0.09119755,0.033630133
111999570920656,a,-0.046686932,1.2116157,9.428965
111999571184979,g,-0.3296136,-0.064331055,0.031499602
111999571465864,a,0.40102878,0.5053262,9.898229
111999622280968,g,-0.29552513,-0.0867016,0.041086983
111999622641437,a,0.22385786,0.5101146,9.974843
111999622904041,g,-0.0015121428,0.09013229,0.109263904
111999623185812,a,-0.30286652,1.0871172,9.7641535
111999623442739,g,0.15401646,0.18494083,0.13696077
111999623723468,a,-0.46088383,1.4246997,9.733028
111999670485604,g,0.016597353,0.09652387,0.13589552
111999670923520,a,-0.18076223,1.345691,9.77373
111999671188312,g,-0.19219448,0.010237457,0.13696077
111999671467583,a,-0.18076223,1.0224738,9.989208
111999722046958,g,-0.22521767,0.0059764,0.1635924
111999722083937,a,-0.47285482,0.79741883,10.108918
111999722104822,g,-0.059036423,0.03260801,0.22857352
111999722123156,a,-0.6380547,1.2475287,10.05864
111999724240031,g,0.09646316,0.04751905,0.2786407
111999724263416,a,-0.7218518,1.6952444,9.979631
111999762917739,g,0.117768444,0.04538852,0.2754449
111999762955083,a,-0.9684546,1.6473604,9.75697
111999762974614,g,-0.015389609,0.046453785,0.2871628
111999762992479,a,-1.4568717,1.5515924,9.759365
111999809225916,g,-0.15706977,0.007039001,0.3734492
111999809662375,a,-1.6340426,1.582717,9.800066
111999809926229,g,-0.20500667,-0.079247415,0.44162613
111999810207583,a,-1.1121067,1.5970821,9.807249
111999845202895,g,-0.2604004,-0.12824959,0.46825776
111999845556958,a,-0.5781997,1.4055461,9.790489
111999845818416,g,-0.32325104,-0.11653167,0.5566747
111999846098989,a,-1.0307038,1.3768156,9.553463
111999885218364,g,-0.23163828,0.008104266,0.72818226
111999885577791,a,-1.3156139,1.4510359,9.450513
111999885841958,g,-0.1442866,0.067759074,0.7494876
111999886122270,a,-0.62608373,1.4845546,9.859921
111999929991437,g,-0.19861509,-0.059007395,0.83364344
111999930439822,a,-0.12330139,1.4342765,9.98442
111999930705291,g,-0.22631197,-0.056876864,1.0488268
111999930988104,a,-0.80325466,1.3648446,9.718663
111999986349770,g,-0.11658973,0.1029128,1.2054207
111999986707322,a,-1.435324,1.3935751,9.354745
111999986970239,g,-0.020715931,0.13700126,1.2821198
111999987255239,a,-0.5662287,1.3002012,9.835979
111999987515656,g,-0.11019814,-0.0014831144,1.299164
111999987797583,a,0.6979098,0.8524854,10.374675
112000023257791,g,-0.37971005,-0.025984196,1.4387137
112000023294406,a,0.25977087,-0.13153146,10.096947
112000023314354,g,-0.3637311,0.14339285,1.6762676
112000023332427,a,-0.700304,-0.6343138,9.747394
112000070886176,g,0.14120427,0.2680288,1.7199434
112000071321385,a,-0.7553706,0.0863409,10.094553
112000071589926,g,0.5779627,0.35538048,1.6954423
112000071872322,a,-0.40102878,0.7543232,10.046669
112000124941906,g,0.45439202,0.3394015,1.661354
112000125299874,a,-0.45130703,0.39758712,10.022727
112000125565968,g,0.12948635,0.28400776,1.7050297
112000125847791,a,-0.8559271,0.06479308,9.610924
112000126107895,g,0.11350739,0.2893341,1.814752
112000126386801,a,-0.7410054,0.052822076,9.3738985
112000192706333,g,0.29460233,0.27761617,1.7913162
112000193142166,a,-0.25019407,0.17492636,9.989208
112000193407999,g,0.31803817,0.264833,1.7646846
112000193689614,a,-0.36511576,0.2347814,10.120889
112000193948364,g,0.12735583,0.3244878,1.8477752
112000194230447,a,-0.8511387,-0.07646482,9.850345
112000248036020,g,-0.008998022,0.3447278,1.8839942
112000248457166,a,-0.973243,-0.3350386,9.371504
112000250789041,g,0.001654622,0.27548563,1.8776026
112000251175499,a,-0.50876784,-0.4930559,9.709086
112000251438989,g,0.14333479,0.20943925,1.8083605
112000251719406,a,-0.24301147,-0.40447044,10.005967
112000284780135,g,0.1699664,0.31383514,1.7614888
112000285136281,a,-0.5398925,0.09831191,10.140042
112000285402947,g,0.16464008,0.37029418,1.855232
112000285683416,a,-0.7290344,0.14380173,10.242993
112000328796333,g,-0.031368576,0.31490043,1.855232
112000329234145,a,-0.62368953,-0.38292262,9.891046
112000338592895,g,-0.23270355,0.16789393,1.8371226
112000338632895,a,-0.46327803,-1.0102035,9.814431
112000362185499,g,-0.17091821,0.067759074,1.810491
112000362219926,a,-0.39145198,-0.84979194,10.037092
112000362239874,g,0.015503059,0.11889177,1.7391182
112000362257739,a,-0.31483752,-0.27039516,10.204686
112000405898833,g,0.010176738,0.17961183,1.6890508
112000405935603,a,-0.3172317,-0.37574002,9.807249
112000405955864,g,-0.24761726,0.1178265,1.6230044
112000405972999,a,-0.20231004,-1.3406034,9.531916
112000451290864,g,-0.33709946,-0.025984196,1.5281959
112000451726801,a,-0.025139118,-1.6710031,10.070611
112000451990708,g,-0.072913885,0.01662638,1.4269958
112000452272791,a,-0.039504327,-0.93598324,10.1304655
112000507582530,g,0.20831592,0.17108972,1.2970334
112000507940083,a,-0.08020575,-0.4739023,9.89344
112000508322218,g,0.10818107,0.22967927,1.1755934
112000508603051,a,-0.25737667,-0.5720646,9.59177
112000508861749,g,-0.31153312,0.15724128,1.1361785
112000509142426,a,-0.25498247,-1.1562498,9.661202
112000551363051,g,-0.46280068,-0.02917999,1.0733279
112000551801749,a,0.06584055,-1.5345336,9.99639
112000552066905,g,-0.15067819,-0.020657875,0.9636057
112000552357895,a,0.1352724,-0.80430216,10.065823
112000607566541,g,0.20085907,0.17002445,0.86986244
112000607924510,a,-0.46088383,-0.5936124,9.785701
112000608255812,g,0.019764118,0.25524563,0.78677183
112000608539197,a,-0.8559271,-0.564882,9.840768
112000608795499,g,-0.40634164,0.05284537,0.743096
112000609077843,a,-0.49679685,-0.82345575,10.41777
112000651496697,g,-0.50541127,-0.1335759,0.61100316
112000651931176,a,-0.33399114,-1.2137107,10.020332
112000661339458,g,-0.35947,-0.08776953,0.4544093
112000661379093,a,-0.2885013,-1.2304701,9.486425
112000708105812,g,-0.08250127,-0.09629165,0.412864
112000708142114,a,-0.21188685,-0.79711956,9.646837
112000708286124,g,0.106050536,-0.0408979,0.3500134
112000708307166,a,-0.37948096,-0.30630818,9.603742
112000708324822,g,0.101789474,0.067759074,0.21685535
112000708342218,a,-0.5542577,-0.35658643,9.464878
112000758786332,g,-0.023966054,0.06988481,0.15293868
112000759220291,a,-0.44891283,-0.44038346,9.493608
112000759486645,g,-0.048467133,0.018752117,0.15080816
112000759765447,a,-0.4369418,-0.327856,9.558251
112000807891385,g,0.0644509,0.08799431,0.08369649
112000808373468,a,-0.3842694,-0.047734395,9.677961
112000808636541,g,0.24235006,0.14125752,0.035759594
112000808922062,a,-0.36032736,0.42631754,9.680356
112000809182166,g,0.22211003,0.16469334,0.04428171
112000809463885,a,-0.48722005,0.46462476,9.539098
112000846215187,g,0.037819285,0.1061038,0.08369649
112000846572010,a,-0.47046062,0.33773208,9.622895
112000846837062,g,-0.117709324,0.05071005,0.119915485
112000847119405,a,-0.36032736,-0.016609775,9.914988
112000912002999,g,-0.12410091,0.03899214,0.07730491
112000912447635,a,-0.33638534,-0.22251113,9.903017
112000912709666,g,0.004796087,0.06455848,0.07304385
112000912993260,a,-0.47285482,0.06718729,9.886257
112000913253416,g,0.14860678,0.13060488,0.06878279
112000913537114,a,-0.49679685,0.41195232,10.037092
112000946324457,g,0.075103536,0.12634382,0.038955387
112000946684770,a,-0.51595044,0.17492636,10.192716
112000946948676,g,-0.14007987,0.033665817,0.034694333
112000947230499,a,-0.36990416,-0.50263274,10.17835
112001013536593,g,-0.09427351,-0.05049007,0.019780628
112001013970864,a,-0.17597382,-0.81627315,10.190321
112001014235603,g,0.24554585,0.037926875,-0.029221535
112001014516697,a,-0.35314476,-0.16265608,10.228628
112001014778103,g,0.5374283,0.1721502,-0.08248476
112001015061384,a,-0.47524905,0.4885668,10.099341
112001068514457,g,0.49694824,0.17641126,-0.14533536
112001068549666,a,-0.2765303,0.43828854,10.017939
112001068568832,g,0.1571289,0.054971106,-0.1890112
112001068587062,a,-0.19512744,0.06239888,10.22384
112001068603780,g,-0.061250307,-0.017466875,-0.16451012
112001068621020,a,-0.35314476,-0.1842039,10.202292
112001131440395,g,0.009057145,0.015556322,-0.18688066
112001131871384,a,-0.2693477,-0.08364742,10.168773
112001132138832,g,0.117714114,0.017686851,-0.24120915
112001132420864,a,0.061052144,-0.14829087,10.092158
112001132679353,g,0.17736892,-0.048359543,-0.28595027
112001132961228,a,0.08259996,-0.9072528,10.338761
112001188405707,g,0.5139925,-0.07712168,-0.35838825
112001188762270,a,0.01316811,-0.60797757,10.621277
112001189032322,g,1.1733912,0.06988481,-0.3924767
112001189313989,a,-0.21428105,0.9554361,10.633248
112001189571645,g,1.4642084,0.22115235,-0.41484725
112001189862218,a,-0.15442601,2.0280385,10.59973
112001226608989,g,1.0604731,0.09332062,-0.41271672
112001231542634,a,0.10414778,1.987337,10.609306
112001239275968,g,0.293487,-0.11440567,-0.39780304
112001239709405,a,0.08020575,1.0655694,10.566211
112001287684770,g,-0.22423151,-0.22519317,-0.3541272
112001288045239,a,0.09935937,0.229993,10.7673235
112001288424770,g,-0.2519284,-0.28165218,-0.35838825
112001288708259,a,0.2837129,-0.42122987,10.755353
112001298102270,g,0.1528721,-0.29976168,-0.38608512
112001298143728,a,0.58538234,-0.24166474,10.465654
112001327065968,g,0.65674216,-0.1793868,-0.4382831
112001327103676,a,0.45609543,0.69686234,10.331579
112001327122947,g,0.7962918,-0.06114245,-0.4798284
112001327141645,a,-0.010773907,0.9482535,10.434529
112001394025863,g,0.45008087,-0.12718885,-0.52989584
112001394464249,a,0.12569559,0.41195232,10.26933
112001394727374,g,0.11026153,-0.3231975,-0.5650495
112001395011124,a,0.40821138,0.21802199,10.199898
112001395288728,g,0.037823547,-0.31574064,-0.56824535
112001395570030,a,0.044292733,0.45744216,10.199898
112001426541176,g,-0.0015912388,-0.2241279,-0.5820938
112001426901332,a,-0.31483752,0.39758712,10.231023
112001427167166,g,-0.149663,-0.27739114,-0.6279001
112001427449353,a,-0.32202014,0.13661914,10.1544075
112001466865811,g,-0.20718728,-0.38178703,-0.6257696
112001467224197,a,-0.2693477,0.09831191,9.914988
112001467489041,g,-0.13581456,-0.38285232,-0.65346646
112001467775291,a,-0.44651863,0.3736451,9.862315
112001512344822,g,-0.13581456,-0.32213223,-0.6769023
112001512784041,a,-0.36990416,0.72319853,9.905411
112001513050707,g,-0.3286274,-0.3562207,-0.7152518
112001513336957,a,-0.415394,0.55560446,10.003573
112001546627374,g,-0.58855194,-0.37965652,-0.6928813
112001546983468,a,-0.6835446,0.40955812,9.905411
112001547245134,g,-0.7121226,-0.35409015,-0.60659486
112001547529353,a,-0.49440265,0.21083939,9.84795
112001586986176,g,-0.66098994,-0.38711336,-0.6502707
112001587342843,a,-0.19991584,-0.06688801,9.56304
112001587606124,g,-0.5533982,-0.33917648,-0.64494437
112001587888520,a,-0.4369418,-0.021398177,9.543886
112001650028884,g,-0.35525903,-0.26141217,-0.6225738
112001650062999,a,-0.8870517,0.07436989,9.388264
112001650082374,g,-0.19546936,-0.18151733,-0.6566623
112001650100186,a,-0.6931214,0.33054948,9.218275
112001650117165,g,-0.25831997,-0.1676689,-0.6545318
112001650134353,a,-0.6548142,0.021697452,9.4696665
112001709286020,g,-0.4042612,-0.16340783,-0.6183128
112001709323103,a,-0.94211835,-0.4667197,9.558251
112001709343520,g,-0.2519284,-0.11760146,-0.6076601
112001709360915,a,-1.2964603,-0.4739023,9.493608
112001709377790,g,0.14328472,-0.08777406,-0.70992553
112001709395082,a,-0.8295909,0.26111764,9.438541
112001759685030,g,0.2902494,-0.074994616,-0.813257
112001760121853,a,-0.93972415,0.47180736,9.737817
112001760387999,g,0.0686744,-0.08990832,-0.7578632
112001760668676,a,-1.3012487,0.019303251,9.979631
112001808908259,g,-0.06448365,-0.1623463,-0.72484
112001809263884,a,-1.3730747,-0.23687632,9.855133
112001809530447,g,0.08145758,-0.1921737,-0.7685158
112001809811280,a,-1.1288661,-0.2009633,9.512762
112001810070655,g,0.23379038,-0.18791264,-0.87291175
112001810347895,a,-1.1168951,-0.03815759,10.094553
112001847211749,g,0.22633354,-0.1623463,-0.89954334
112001847576645,a,-1.2605472,-0.07167641,9.670779
112001847842270,g,0.24657357,-0.22945796,-0.9229792
112001848126176,a,-1.2653356,1.496376E-4,9.632472
112001892762738,g,0.2870536,-0.29124328,-1.0380278
112001893197999,a,-1.2725182,0.019303251,9.658808
112001893463467,g,0.25296515,-0.29337382,-1.1243142
112001893747582,a,-1.3060371,0.18450317,9.812037
112001949072478,g,0.24444303,-0.30402645,-1.2372322
112001949432374,a,-1.4185646,0.21802199,9.433753
112001959123467,g,0.27107465,-0.29763487,-1.3639987
112001959164770,a,-1.1240777,0.3736451,9.879075
112001959194405,g,0.32220733,-0.37646446,-1.4364367
112001959221176,a,-0.81283146,0.71362174,10.032304
112002011330967,g,0.37334004,-0.4137487,-1.4918303
112002011769457,a,-0.93014735,0.8644565,9.685144
112002012038311,g,0.2689441,-0.33491912,-1.5887694
112002012317895,a,-1.2126632,0.7471406,9.23264
112002012577842,g,0.06760914,-0.33491912,-1.6036831
112002012860290,a,-1.1839328,0.6561609,9.898229
112002047112634,g,-0.013350959,-0.4233361,-1.6452285
112002047466384,a,-1.1025299,0.122253925,10.017939
112002047734144,g,0.13259026,-0.46807718,-1.7389717
112002048015290,a,-1.2246342,0.90994626,9.440936
112002087495238,g,0.30942416,-0.3604855,-1.7166011
112002087854561,a,-1.1575965,1.04881,9.282919
112002088116644,g,0.11235024,-0.3540939,-1.7293843
112002088507582,a,-1.4425066,0.55321026,9.153631
112002154732165,g,-0.16355324,-0.42972767,-1.6505548
112002155169509,a,-1.1408371,0.526874,9.711481
112002155431905,g,-0.03252572,-0.45635927,-1.776256
112002155714769,a,-1.3587095,0.70883334,9.065046
112002155971540,g,0.16241767,-0.31894016,-1.9285889
112002156261436,a,-1.6843209,0.59391165,8.670003
112002207921749,g,0.24976936,-0.306157,-1.9946352
112002208421905,a,-2.0003555,0.90994626,8.744224
112002208683311,g,0.32753366,-0.33278862,-1.9839826
112002208964822,a,-2.1679497,1.9657892,8.928576
112002209224197,g,0.30303258,-0.34876758,-2.025528
112002209505082,a,-2.134431,2.4901195,8.339603
112002260217582,g,-0.1912669,-0.3999016,-2.080922
112002260656540,a,-1.8064252,2.1908443,7.4322004
112002270139561,g,-0.920973,-0.46701327,-1.9584165
112002270179457,a,-0.5758055,1.642572,8.373122
112002311489874,g,-1.1329607,-0.56608284,-1.8870437
112002311526436,a,-0.25019407,1.2379519,9.029133
112002311546176,g,-0.7729013,-0.30935413,-1.8849132
112002311563467,a,-0.6404489,2.2746413,7.7290816
112002311581644,g,-0.5609137,0.033661023,-1.8827827
112002311599509,a,-0.8726865,2.6936266,7.5231805
112002347673676,g,-1.0882195,0.14338326,-1.8561511
112002347711228,a,-0.7146692,1.2044331,9.211093
112002347730499,g,-1.6070033,-0.06327804,-1.8465637
112002347748519,a,-0.8487445,-0.7636007,10.341156
112002393277321,g,-1.1595923,0.028334701,-1.8103447
112002393715238,a,-1.2749124,-0.6199486,9.7641535
112002393986853,g,-0.014433001,0.29038975,-1.7656037
112002394271019,a,-1.471237,1.4486417,8.674791
112002448568832,g,0.6918373,0.6280786,-1.7581468
112002448605759,a,-1.5358804,2.2818239,9.704298
112002448625707,g,0.30940738,0.47361523,-1.8508247
112002448644353,a,-2.12246,0.98895496,9.965266
112002448661644,g,-0.3041849,0.17001487,-1.9094143
112002448678988,a,-2.088941,0.11267712,10.010756
112002493380915,g,-0.039999347,0.19345069,-2.0553555
112002493827894,a,-2.067393,0.71841013,9.586982
112002494092894,g,0.62472564,0.456571,-2.0393765
112002494379769,a,-2.2637177,2.320131,9.622895
112002547991228,g,0.815408,0.42887414,-1.9030228
112002548481280,a,-2.3139958,2.6457424,9.670779
112002548747061,g,0.5118076,0.16468854,-1.91261
112002549027009,a,-2.0578163,2.4398413,9.675568
112002549286123,g,0.25614417,0.054966312,-1.9296544
112002549565967,a,-1.9668367,2.8588264,10.156802
112002589403259,g,0.336039,0.067749485,-1.8699995
112002595178728,a,-2.184709,3.1748612,10.219051
112002595576332,g,0.45428336,0.11781692,-1.8785217
112002595879821,a,-2.007538,3.8476317,9.266159
112002627973832,g,0.428717,0.142318,-1.7538857
112002628011228,a,-1.5574282,4.381539,9.850345
112002628030551,g,0.3626706,0.10503374,-1.6473593
112002628048415,a,-1.3347675,4.518008,10.91337
112002668095290,g,0.35627902,0.067749485,-1.4620032
112002668793051,a,-1.5598224,4.6281414,10.788872
112002668825915,g,0.27638417,0.11568639,-1.2489504
112002669041280,a,-1.6867151,4.860379,10.326791
112002735313311,g,0.026047047,0.03259576,-0.95813316
112002735751175,a,-1.3491327,4.6664486,10.326791
112002736014353,g,-0.2178985,-0.08990965,-0.78236455
112002736300394,a,-0.94690675,3.945794,10.53748
112002739964873,g,-0.2317552,-0.051560927,-0.66305494
112002740397894,a,-1.1001357,3.5579333,10.446501
112002767756228,g,-0.16357827,0.030464431,-0.4063262
112002768116957,a,-1.3874398,3.8308723,10.140042
112002768509040,g,-0.29247528,0.029399168,-0.1219006
112002768791280,a,-1.1815386,3.1940148,10.288484
112002807789561,g,-0.51191974,-0.0345167,-0.111247964
112002808233259,a,-1.0235212,1.9729718,9.982025
112002808501175,g,-0.50765866,0.0038328215,-0.079290025
112002808781540,a,-1.3395559,1.4270939,9.567828
112002875495550,g,-0.21151517,0.060291838,0.07730384
112002875934405,a,-1.5598224,1.6282068,9.34038
112002876198311,g,0.044148285,0.079466596,0.21685348
112002876476384,a,-1.3682863,1.8484733,9.359533
112002876736123,g,-0.057051834,0.059226573,0.20939663
112002877017217,a,-1.2054806,1.5635633,8.96449
112002930427842,g,-0.36491325,0.0613571,0.24668089
112002930464925,a,-1.1504139,0.9314941,8.986037
112002930484873,g,-0.62057674,0.093315035,0.22004928
112002930502582,a,-1.1073183,0.2515408,9.141661
112002930519300,g,-0.5811619,0.06348763,0.23176718
112002930537113,a,-0.82719666,0.13183074,9.342773
112002968714613,g,-0.29141,0.029399168,0.21791875
112002968751592,a,-0.62847793,0.2347814,9.807249
112002968770550,g,0.07397569,0.09011924,0.22857139
112002968788363,a,-1.0019734,0.57475805,10.065823
112003033548988,g,0.26678854,0.21049412,0.25733352
112003033985759,a,-1.4161704,1.0679636,10.113707
112003034250186,g,0.16452317,0.23606047,0.26798618
112003034533571,a,-1.4927847,0.98416656,9.953295
112003034793780,g,-0.06983501,0.123142436,0.1593292
112003035075550,a,-1.0905589,0.5460276,10.046669
112003068301540,g,-0.14546879,0.036856018,0.08795649
112003068660186,a,-0.81283146,0.39998132,10.290877
112003068925394,g,0.019647205,0.052834984,0.112457566
112003069206227,a,-1.210269,0.71601593,10.281301
112003108305967,g,0.16771896,0.14657825,0.19448292
112003108657113,a,-2.055422,1.2906244,9.704298
112003108922790,g,-0.05172551,0.13486035,0.19661346
112003109212009,a,-2.0817583,0.98895496,9.776124
112003175057425,g,-0.5278987,-0.033451434,0.033628
112003175494769,a,-1.2653356,-0.13631986,10.199898
112003175764977,g,-0.61418515,-0.17300108,-0.13148798
112003176045967,a,-1.34195,-0.82106155,9.922171
112003176307321,g,-0.035746545,-0.1453042,-0.064376324
112003176586332,a,-1.9428947,0.40955812,9.333197
112003207658884,g,0.62258685,-0.03558196,0.053868026
112003208019144,a,-1.9955671,2.1118355,9.51755
112003218748519,g,0.45320982,0.00596335,0.040019587
112003218788832,a,-1.5646108,1.7790415,10.027515
112003256716540,g,-0.2637464,-0.15276398,-0.16451171
112003257147634,a,-2.0506337,0.27069443,9.989208
112003257416748,g,-0.5492373,-0.21241878,-0.14427169
112003257704300,a,-2.9149406,0.06718729,9.48882
112003295238675,g,-0.08797779,-0.15702504,-0.06544212
112003295273623,a,-2.9819782,1.3025954,9.371504
112003295293884,g,0.31149638,-0.08139126,-0.056920007
112003295311748,a,-1.198298,1.8245313,9.845556
112003328879561,g,0.11868351,-0.19217876,-0.25505918
112003328916071,a,-0.6955156,1.0200796,10.061034
112003328935186,g,-0.2999654,-0.16554715,-0.1261622
112003328953154,a,-2.6324248,0.30181906,9.491214
112003368883884,g,-0.2637464,-0.01108381,0.17424238
112003369240186,a,-3.7960067,0.787842,9.007586
112003369503884,g,-0.09543464,-0.017475396,0.0687812
112003369782790,a,-2.3953989,1.0631752,9.656414
112003434607790,g,-0.13697995,-0.23478934,-0.09100847
112003435046071,a,-0.8415619,0.58912325,9.644443
112003435315915,g,-0.45123297,-0.39990532,0.029366411
112003435595967,a,-1.4161704,0.21083939,8.758589
112003435853884,g,-0.5013004,-0.37966532,0.5098007
112003436142269,a,-2.8191724,0.32815528,8.136096
112003468474873,g,-0.5130183,-0.33598948,0.7122009
112003468833519,a,-1.6915035,0.17492636,9.7641535
112003469096644,g,-0.4799951,-0.53093284,0.39581737
112003469378363,a,0.20231004,-0.40925884,10.195109
112003508501331,g,-0.2818559,-0.507497,0.23389718
112003508863884,a,-0.51595044,-0.32067338,9.642049
112003509124456,g,0.11229192,-0.16022083,0.4852996
112003509410342,a,-2.304419,0.68249714,8.689157
112003572991540,g,0.34558484,0.04430994,0.75907254
112003573429456,a,-1.7776948,2.011279,9.689933
112003573695394,g,0.0068307417,-0.05475965,0.65361136
112003573977790,a,0.5710171,0.8716391,10.446501
112003574241488,g,-0.7047659,-0.24650724,0.24668035
112003574522790,a,0.5758055,-0.885705,10.1161
112003608620081,g,-0.97321254,-0.10056602,0.47038588
112003608656540,a,-1.5981296,-1.5129858,9.20391
112003608677008,g,-0.39796975,0.09331211,0.84322846
112003608927113,a,-2.5390508,-0.27518356,9.144054
112003646770029,g,0.067550816,0.25629756,0.7377673
112003647221331,a,0.2765303,-0.14829087,10.089765
112003647511383,g,0.063289754,-0.077130206,0.3446847
112003647728154,a,2.067393,-0.70853406,10.190321
112003694614717,g,-0.270138,-0.074999675,0.4938217
112003695049613,a,0.11372458,-0.9192238,9.503185
112003695313727,g,-0.015539811,0.34364924,0.9721254
112003695593258,a,-1.6555905,-0.35898063,9.074623
112003749825654,g,0.26675525,0.5609632,0.88157797
112003750182946,a,-0.21428105,-0.054917,9.316438
112003757825238,g,0.104860105,0.28506184,0.5822389
112003758387061,a,1.2797008,-0.7683891,9.589376
112003758651748,g,-0.38409626,0.100771084,0.66426426
112003758946540,a,0.14963761,-1.6470611,9.646837
112003816449925,g,-0.31911513,0.1934491,0.96466887
112003816887685,a,-1.3299791,-1.4459482,9.412206
112003817155446,g,0.086750604,0.27760497,0.94975513
112003817436540,a,-1.174356,-0.43080667,9.18715
112003817696696,g,0.1229696,0.21262385,0.7952918
112003817978258,a,0.31004912,-0.057311203,9.627684
112003871051592,g,-0.2722435,-0.07393228,0.6845043
112003871407321,a,0.8798691,-0.94316584,10.187927
112004172171487,g,0.1229696,-0.07180175,-0.26358104
112004172202477,a,-0.6691794,0.490961,9.60853
112003881354977,g,-0.13588966,-0.23052615,0.84216344
112003881382477,a,0.9660604,-1.6638205,10.302849
112003936269508,g,0.559728,-0.12932603,0.8006181
112003936702738,a,1.9093759,0.10788871,10.362703
112003936973415,g,0.7323009,0.07733527,0.7122012
112003937262425,a,1.7776948,0.69925654,10.415376
112003937615706,g,0.281694,0.11248899,0.6546769
112003937900446,a,1.2413936,-0.12434885,10.604518
112003968863310,g,-0.27756983,-0.04090908,0.6110011
112003969354717,a,1.459266,-1.1203368,10.784083
112003969378206,g,-0.36918256,-0.10482495,0.55134624
112003969398258,a,1.6699557,-1.6111481,10.709863
112004009472842,g,-0.038950596,-0.022799589,0.45866823
112004009922060,a,1.1719618,-1.5465046,10.22384
112004010211435,g,0.39141622,0.10716267,0.34255442
112004010425706,a,0.40581718,-0.85458034,10.250176
112004076725029,g,0.6779724,0.14444692,0.2413543
112004077162790,a,-0.1352724,-0.13153146,10.228628
112004077428154,g,0.5693154,0.08479212,0.14121944
112004077711279,a,-0.20709845,0.019303251,10.190321
112004077973310,g,0.26464978,-0.08458492,-0.017504958
112004078390446,a,-0.18794483,-0.10758944,9.905411
112004131297998,g,0.10059904,-0.14743553,-0.1240314
112004131651279,a,-0.34596214,0.07436989,9.63726
112004131916227,g,0.13681804,-0.10482495,-0.16238092
112004132199717,a,-0.47046062,0.31618425,9.804854
112004132458987,g,0.17516756,-0.0973681,-0.19220832
112004132736904,a,-0.5422867,0.490961,9.6923275
112004169644196,g,0.16238438,-0.10162915,-0.20712203
112004169999665,a,-0.50397944,0.526874,9.646837
112004172171487,g,0.1229696,-0.07180175,-0.26358104
112004172202477,a,-0.6691794,0.490961,9.60853
112004236811435,g,0.13468751,-0.030256439,-0.24760208
112004237249300,a,-0.8343793,0.45983636,9.644443
112004237514456,g,0.16344965,-0.014277473,-0.21031782
112004237797373,a,-0.8487445,0.5172972,9.606135
112004243976592,g,0.122873455,-0.026003903,-0.19434018
112004244480602,a,-0.7721301,0.3712509,9.706693
112004291479612,g,0.0078249,-0.033460755,-0.20179704
112004291837269,a,-0.90620536,-0.14350246,9.833585
112004292104508,g,-0.019871974,-0.06435342,-0.22842865
112004292384196,a,-1.22224,-0.50502694,10.01315
112004292642112,g,0.1846588,-0.09311556,-0.23162444
112004292923831,a,-1.3156139,-0.4715081,9.850345
112004358679873,g,0.4062338,-0.06115763,-0.29767084
112004359054404,a,-0.89662856,0.15577275,9.452907
112004359322581,g,0.33805686,-0.08991977,-0.34134668
112004359606071,a,-0.49440265,0.21083939,9.646837
112004359866071,g,0.0067596356,-0.19538094,-0.3551951
112004360149977,a,-0.79367787,-0.7851485,9.852738
112004411951071,g,-0.21268484,-0.25823155,-0.39993623
112004411988050,a,-0.760159,-2.0157683,9.47206
112004412007685,g,-0.09230996,-0.24864417,-0.6076628
112004412025289,a,0.2693477,-2.5496752,9.500791
112004412042373,g,0.10156817,-0.21668623,-0.8324336
112004412059664,a,0.7410054,-3.0668228,10.661979
112004449002581,g,0.32633898,-0.2656884,-0.96239585
112004455040810,a,-0.17836803,-2.7172692,10.422559
112004455441435,g,0.6160909,-0.16768408,-1.1424255
112004455745185,a,-0.7673417,-1.2137107,8.998009
112004511668206,g,0.8674933,0.0698699,-1.3671963
112004512023935,a,-0.9684546,0.3544915,8.387487
112004521683675,g,0.6789415,0.044303548,-1.3906322
112004521724508,a,-1.4568717,1.4582185,9.11293
112004521753102,g,0.05895759,-0.3136253,-1.2382994
112004521779664,a,-1.6795325,1.6258126,9.632472
112004577435185,g,-0.43319458,-0.5032424,-1.2010151
112004577869456,a,-1.3251907,0.7710826,9.235035
112004578134664,g,-0.61748534,-0.46382758,-1.3714573
112004578531644,a,-0.961272,0.15098435,9.160814
112004578793050,g,-0.6430517,-0.40523803,-1.3171289
112004579076175,a,-0.997185,0.24435821,10.264542
112004632170341,g,-0.426803,-0.5128297,-0.98689693
112004632207164,a,-0.78410107,1.3648446,10.290877
112004632227373,g,-0.20416272,-0.47980654,-0.8036714
112004632244977,a,0.05626374,2.437447,9.395446
112004632262373,g,-0.22333749,-0.34558323,-0.8324336
112004632279769,a,0.2741361,1.5779285,9.824008
112004670149768,g,-0.5908537,-0.41056436,-0.8590652
112004676184300,a,-0.6332663,0.16774376,10.829573
112004676579925,g,-0.5461126,-0.51815605,-0.6236417
112004676886487,a,-0.78170687,0.8788217,11.179127
112004731930133,g,-0.3607566,-0.44678336,-0.5533343
112004732292112,a,0.25737667,1.7239748,10.621277
112004732558206,g,-0.50882834,-0.70138156,-0.5043321
112004732851279,a,0.8463503,2.1381717,9.81922
112004738555237,g,-0.6536625,-0.74292314,-0.2593208
112004738989143,a,0.2908955,0.6394015,9.730635
112004794155341,g,-0.91571754,-0.6427883,-0.36158615
112004794592633,a,0.25977087,-0.4547487,9.891046
112004794858987,g,-1.0030693,-0.6672894,-0.31151873
112004795140758,a,1.2174516,-0.31349078,10.264542
112004795397893,g,-0.7026647,-0.6332009,-0.38715252
112004795676227,a,2.220622,3.766229,10.769718
112004850000185,g,-0.7772332,-0.4446491,-0.5309632
112004850037946,a,2.5941176,12.696601,12.416928
112004850057164,g,0.96553946,-0.057958107,-1.5344423
112004850075602,a,-2.8790276,-1.098789,9.718663
112004850093050,g,0.7599434,0.24777278,0.2200482
112004850110550,a,1.1192893,-3.4546833,10.532692
112004895837633,g,0.27950913,-0.766359,1.0999566
112004896275758,a,2.610877,0.038456865,9.934141
112004896546279,g,0.83877295,-0.20922565,0.0975428
112004896828883,a,1.1192893,0.31618425,8.660426
112004949906018,g,0.86327404,0.09224418,-0.52137583
112004950264039,a,1.0163386,1.4007577,8.547898
112004950529248,g,0.45208198,0.062416773,0.06665013
112004950810289,a,1.5263035,1.1350013,9.302073
112004951076435,g,0.047281496,0.15935583,0.37770733
112004951360185,a,1.3563153,-0.009427169,10.068216
112005017699612,g,-0.08268076,0.22859803,0.22324401
112005018135654,a,1.1049241,0.33773208,10.005967
112005018477998,g,0.02704147,0.2232717,0.0826291
112005018758102,a,1.2437878,0.24435821,9.558251
112005019016175,g,0.06965205,0.13592002,0.058128018
112005019297789,a,1.2389994,0.70404494,9.785701
112005048130966,g,0.06752152,0.06880836,0.104999654
112005048558779,a,1.2054806,0.14859015,9.745
112005048824248,g,0.020649884,0.051764127,0.060258545
112005049107112,a,1.1839328,0.14380173,9.745
112005090664300,g,0.007866711,0.0038272287,-0.04946369
112005091023883,a,1.0905589,0.13661914,9.539098
112005091286227,g,0.0025403893,-0.015347531,-0.117640615
112005091567893,a,1.0283096,0.2275988,9.419388
112005155581383,g,-0.058179684,-0.022804381,-0.13361958
112005156020914,a,0.82480246,0.15098435,9.835979
112005165862477,g,-0.121030286,-0.014282267,-0.070768975
112005165902945,a,0.748188,0.14619595,9.948506
112005165932581,g,-0.06350601,0.0016966999,-0.014309963
112005165959977,a,0.89423436,0.04563947,10.084976
112005212771070,g,0.030237265,-0.02493491,0.0346922
112005212807997,a,0.93493575,0.16534956,9.931747
112005212827893,g,0.16765638,-0.02706544,0.042149052
112005212844820,a,1.0163386,0.43589434,9.594165
112005212862008,g,0.22411539,-0.040913876,0.09860807
112005212879560,a,1.0642227,0.6705261,9.613318
112005256120810,g,0.16337028,-0.043046802,0.1348268
112005256154768,a,1.2413936,0.526874,9.768942
112005256173987,g,0.07495334,-0.05689524,0.116717294
112005256191018,a,1.2246342,0.14380173,10.010756
112005287135706,g,0.062170163,-0.043046802,0.0357572
112005287167581,a,1.033098,0.56996965,9.706693
112005287186175,g,0.12182497,-0.019610986,-0.010049172
112005287204300,a,1.0283096,0.3592799,9.565434
112005331066539,g,0.15591343,-0.007893077,0.00486453
112005331103466,a,1.0714053,0.6417957,9.512762
112005331123518,g,0.07708386,-4.362258E-4,0.06664987
112005331141904,a,1.210269,0.41434655,9.634866
112005378032060,g,-0.028377313,0.019803798,0.08156357
112005378600654,a,1.270124,0.5172972,9.735423
112005378865497,g,-0.07098789,0.031521708,0.011256116
112005379145706,a,1.1145009,0.33054948,9.81922
112005432628102,g,-0.003876231,0.028325913,-0.03881131
112005432986799,a,1.1360487,0.43589434,9.6923275
112005433248727,g,0.03447329,0.0027595675,-0.037746046
112005433527581,a,1.1073183,0.4837784,9.649231
112005433784924,g,-0.012398346,-0.029198365,-0.06970398
112005434064560,a,1.021127,0.33773208,9.812037
112005470062008,g,-0.058204718,-0.057960507,-0.08142189
112005470097997,a,0.9660604,0.048033673,9.840768
112005470117372,g,0.040864874,-0.075004734,-0.08142189
112005470135133,a,1.0067618,0.33294368,9.536704
112005513314247,g,0.1239555,-0.05902577,-0.047333427
112005513752008,a,0.9756372,0.5292682,9.34038
112005514015654,g,-0.004941495,-0.040916275,-0.024962874
112005514298206,a,0.93493575,0.526874,9.625289
112005548970341,g,-0.18923225,-0.02067625,0.040018257
112005549327060,a,0.93972415,0.3544915,9.96766
112005549592997,g,-0.2595397,-0.0057625477,0.07943304
112005549872372,a,1.1552023,0.3784335,9.800066
112005591071070,g,-0.23716915,6.2903867E-4,0.11565203
112005591427112,a,1.2054806,0.44786537,9.752182
112005591711747,g,-0.23077755,0.018738534,0.11991309
112005591992372,a,1.1839328,0.13183074,9.907805
112005654694612,g,-0.24782178,0.032586973,0.11245624
112005655130237,a,1.0977415,0.028880058,10.065823
112005655394195,g,-0.17964487,0.028325913,0.07836778
112005655677112,a,1.0953473,0.07436989,10.044274
112005655935393,g,-0.057139453,0.005955361,0.055997223
112005656214768,a,1.1815386,0.27548283,9.84795
112005688986904,g,0.030212231,-0.0057625477,0.034691934
112005689354872,a,1.1671734,0.32815528,9.668385
112005689616070,g,0.013168,-4.362258E-4,0.04640984
112005689897320,a,1.1408371,0.07915829,9.725846
112005731225758,g,-0.028377313,0.0027595675,0.062388808
112005731584872,a,1.1480197,0.31857845,9.838373
112005739232945,g,-0.012415124,0.012345616,0.05706222
112005739664976,a,1.0953473,-0.062099606,9.879075
112005776721174,g,-6.9721555E-4,0.0038235004,0.026169552
112005777158049,a,1.3515269,0.27308863,9.754577
