136722040197538,g,0.0044940845,4.660532E-4,0.024234766
136722040540455,a,0.13452421,0.07332243,9.713276
136722092830819,g,-0.004028031,0.0015313176,7.9894834E-4
136722092867434,a,0.15846622,0.082899235,9.660604
136722092886236,g,0.001298291,0.0015313176,0.005060006
136722092903371,a,0.11776479,0.14036007,9.768343
136722092920507,g,0.006624613,-0.0037950044,0.03914847
136722092937277,a,0.115370594,0.10444705,9.768343
136722136013007,g,0.009820406,0.0015313176,0.030626353
136722136476965,a,0.17283143,0.20021512,9.809045
136722136742382,g,0.010885671,4.660532E-4,0.048735846
136722137046340,a,-0.11207857,0.12360066,9.691729
136722192459465,g,0.0023635554,4.660532E-4,0.048735846
136722192843475,a,0.20156185,0.12838906,9.792285
136722193107173,g,0.0034288198,-5.9921126E-4,0.04234426
136722193574882,a,-0.10010756,0.068534024,9.768343
136722193834100,g,-0.0072238245,-5.9921126E-4,0.01571265
136722194134361,a,0.16086042,0.116418056,9.720459
136722236087746,g,-0.0029627667,0.0015313176,-0.0013315806
136722236548007,a,0.13931261,0.10684125,9.691729
136722236814361,g,-8.322378E-4,-5.9921126E-4,7.9894834E-4
136722237116913,a,0.079457566,0.102052845,9.746795
136722291857850,g,-8.322378E-4,0.0015313176,-0.0013315806
136722292241027,a,0.10339958,0.12360066,9.821015
136722292505038,g,-8.322378E-4,-5.9921126E-4,7.9894834E-4
136722292805402,a,0.10818799,0.080505036,9.746795
136722293066965,g,-0.0018975022,4.660532E-4,-2.663161E-4
136722293515923,a,0.07706337,0.11881226,9.763555
136722358581913,g,2.330266E-4,4.660532E-4,-2.663161E-4
136722359015298,a,0.1249474,0.14275427,9.80665
136722359280819,g,-0.0029627667,-5.9921126E-4,7.9894834E-4
136722359559829,a,0.11776479,0.10444705,9.744401
136722364254048,g,-0.004028031,-5.9921126E-4,-2.663161E-4
136722364286392,a,0.11058219,0.14514847,9.742006
136722411010663,g,-0.0018975022,4.660532E-4,-0.0045273737
136722411046548,a,0.120159,0.09487024,9.80665
136722411066288,g,-0.0018975022,4.660532E-4,7.9894834E-4
136722411083527,a,0.14410101,0.11162966,9.725247
136722411100767,g,0.001298291,-0.00272974,-2.663161E-4
136722411116965,a,0.1225532,0.102052845,9.758766
136722451451913,g,-0.0018975022,0.0036618465,-0.002396845
136722451811652,a,0.09861118,0.12599486,9.801862
136722452073579,g,2.330266E-4,0.0015313176,7.9894834E-4
136722452398111,a,0.10339958,0.102052845,9.713276
136722494627381,g,0.001298291,0.0015313176,-0.0013315806
136722495058736,a,0.13213001,0.12120646,9.770737
136722495322590,g,2.330266E-4,-0.0016644757,0.0029294773
136722495603006,a,0.09142858,0.15951368,9.768343
136722531519673,g,0.001298291,0.0015313176,-2.663161E-4
136722531875142,a,0.1249474,0.12838906,9.775525
136722534194725,g,-8.322378E-4,-5.9921126E-4,-2.663161E-4
136722534572069,a,0.115370594,0.09487024,9.794679
136722570494621,g,0.001298291,4.660532E-4,0.0018642128
136722570851913,a,0.1273416,0.12599486,9.816227
136722571112850,g,-8.322378E-4,-5.9921126E-4,7.9894834E-4
136722571391600,a,0.09142858,0.10923545,9.734824
136722617070663,g,0.0034288198,-0.0037950044,-0.0013315806
136722617505038,a,0.10818799,0.12599486,9.76116
136722617769413,g,0.001298291,0.0015313176,-2.663161E-4
136722618292433,a,0.09382278,0.13796587,9.78989
136722651621444,g,2.330266E-4,0.0015313176,-0.0013315806
136722652008683,a,0.10579379,0.11881226,9.77792
136722652276444,g,-8.322378E-4,4.660532E-4,7.9894834E-4
136722652575506,a,0.11776479,0.12599486,9.832987
136722690544829,g,0.0034288198,-0.00272974,0.0018642128
136722690581288,a,0.11058219,0.14036007,9.782708
136722690599881,g,0.0023635554,-0.0037950044,0.0018642128
136722690617902,a,0.15128362,0.13557167,9.7084875
136722737198683,g,0.0023635554,0.0015313176,7.9894834E-4
136722737664413,a,0.112976395,0.09247604,9.770737
136722737927433,g,-0.0018975022,0.0015313176,-2.663161E-4
136722738349465,a,0.16086042,0.10923545,9.828198
136722771722642,g,-0.0018975022,-5.9921126E-4,-2.663161E-4
136722772108110,a,0.15367782,0.13078327,9.85214
136722772370610,g,2.330266E-4,0.0015313176,-0.0013315806
136722772670819,a,0.1297358,0.099658646,9.782708
136722811802017,g,0.001298291,4.660532E-4,0.0018642128
136722812192381,a,0.11058219,0.10444705,9.749189
136722812454933,g,0.0023635554,4.660532E-4,0.0018642128
136722812753423,a,0.08664017,0.116418056,9.794679
136722851843996,g,0.001298291,0.0015313176,7.9894834E-4
136722852229256,a,0.17283143,0.12838906,9.785102
136722852491444,g,-8.322378E-4,0.0015313176,7.9894834E-4
136722852792485,a,0.10579379,0.12838906,9.794679
136722891841652,g,2.330266E-4,0.0015313176,-0.002396845
136722892227954,a,0.096216984,0.07811083,9.753978
136722892489777,g,-0.0018975022,0.0015313176,7.9894834E-4
136722892789673,a,0.112976395,0.11881226,9.773131
136722931920350,g,2.330266E-4,0.002596582,-2.663161E-4
136722932309673,a,0.1273416,0.11881226,9.873688
136722932572121,g,0.001298291,-5.9921126E-4,7.9894834E-4
136722932862798,a,0.11776479,0.14514847,9.775525
136722977374204,g,0.001298291,4.660532E-4,7.9894834E-4
136722977811860,a,0.1225532,0.15472528,9.753978
136722978074673,g,-8.322378E-4,4.660532E-4,7.9894834E-4
136722978478944,a,0.16564883,0.14275427,9.792285
136723035653840,g,-0.0018975022,0.002596582,-2.663161E-4
136723035690194,a,0.1297358,0.10444705,9.742006
136723035709517,g,0.0023635554,-5.9921126E-4,7.9894834E-4
136723035727433,a,0.13213001,0.082899235,9.785102
136723037998683,g,0.001298291,4.660532E-4,7.9894834E-4
136723038493735,a,0.09142858,0.080505036,9.809045
136723077465819,g,-0.004028031,0.0047271107,7.9894834E-4
136723077897954,a,0.115370594,0.11881226,9.847352
136723078236600,g,0.001298291,0.0036618465,-2.663161E-4
136723078522485,a,0.13452421,0.14275427,9.765948
136723133786756,g,2.330266E-4,0.0015313176,-2.663161E-4
136723134142954,a,0.1249474,0.1666963,9.801862
136723134406027,g,2.330266E-4,0.0015313176,7.9894834E-4
136723134685819,a,0.15128362,0.10444705,9.751583
136723134946808,g,0.0023635554,-5.9921126E-4,-2.663161E-4
136723135229100,a,0.08424597,0.11402386,9.703699
136723170622121,g,0.001298291,0.0015313176,7.9894834E-4
136723170978162,a,0.1225532,0.09247604,9.770737
136723171243319,g,0.0023635554,-5.9921126E-4,-0.0013315806
136723171528110,a,0.11058219,0.10923545,9.765948
136723239449829,g,-8.322378E-4,0.0015313176,0.0018642128
136723239881548,a,0.15128362,0.099658646,9.77792
136723240143423,g,0.0023635554,-5.9921126E-4,-2.663161E-4
136723240426808,a,0.115370594,0.1619079,9.7563715
136723240687121,g,0.001298291,4.660532E-4,-2.663161E-4
136723240969152,a,0.13931261,0.14514847,9.713276
136723272526808,g,0.001298291,0.0015313176,-2.663161E-4
136723272888944,a,0.13691841,0.12120646,9.782708
136723273150975,g,0.001298291,4.660532E-4,-2.663161E-4
136723273433735,a,0.13931261,0.099658646,9.768343
136723310894933,g,0.0023635554,0.0015313176,-0.0013315806
136723311248527,a,0.10579379,0.10923545,9.7563715
136723315948475,g,0.0023635554,4.660532E-4,0.0018642128
136723315982225,a,0.10818799,0.1643021,9.737218
136723356524933,g,-8.322378E-4,0.0015313176,7.9894834E-4
136723356956548,a,0.096216984,0.085293435,9.821015
136723357240089,g,-0.0018975022,0.0015313176,-2.663161E-4
136723363059204,a,0.115370594,0.07811083,9.710882
136723392629829,g,-0.0012650015,-6.3250074E-4,0.0016311861
136723392981392,a,0.1273416,0.09008184,9.840169
136723393245194,g,0.0061918497,-0.0016977652,5.659217E-4
136723393531235,a,0.19916765,0.058957215,9.751583
136723432350298,g,8.6552737E-4,4.3276369E-4,0.0026964506
136723432709360,a,0.18240824,-0.039205052,9.797073
136723432973683,g,-1.9973709E-4,-0.003828294,0.11348395
136723433253579,a,0.15367782,0.22655134,9.77792
136723476851756,g,-0.009787117,-6.3250074E-4,0.1358545
136723477283579,a,0.060303956,0.1834557,9.80665
136723477549412,g,0.0104529075,-6.3250074E-4,-0.034587804
136723477832225,a,0.24226329,0.015861586,9.900024
136723512441444,g,-0.017243968,-0.0016977652,-0.011151987
136723512796287,a,0.950947,-0.3576339,9.957485
136723513063214,g,0.03814978,-0.0070240875,-0.025000425
136723513344881,a,-0.08574235,0.5928642,9.864111
136723554408423,g,0.060520336,-0.009154616,0.057024937
136723554784412,a,-0.50472766,-0.027234044,9.734824
136723555046235,g,-0.027896613,4.3276369E-4,0.08365655
136723555328891,a,0.79053545,0.22176293,9.739613
136723598836704,g,0.012583436,-0.0048935586,0.09857025
136723599280194,a,0.70195,0.22415714,9.82341
136723599546600,g,0.040280312,-0.0027630297,0.11881027
136723599828683,a,-0.1743278,0.43724108,9.809045
136723654279308,g,0.028562402,-0.0016977652,0.09963551
136723654635871,a,-0.23897126,0.28401217,9.651027
136723659845766,g,-0.004460795,-0.0016977652,-0.036718335
136723659878058,a,-0.35868135,-0.47734398,9.82341
136723659905871,g,-0.018309232,-6.3250074E-4,-0.15283215
136723659931391,a,0.2877531,-0.33608606,9.809045
136723693238631,g,0.020040287,-0.003828294,-0.10489526
136723693275193,a,0.043544542,0.1882441,9.744401
136723693294412,g,0.009387643,4.3276369E-4,-0.085720494
136723693312589,a,0.079457566,0.1714847,9.758766
136723738092173,g,-0.0012650015,-0.003828294,-0.28172916
136723738646652,a,0.0052373162,0.40372226,9.77792
136723738915506,g,-0.007656588,-0.0048935586,-0.5501758
136723739199933,a,-0.18151042,-0.33369187,9.842564
136723772679412,g,0.016844494,-6.3250074E-4,-0.72487915
136723773039256,a,0.5367501,-0.12060791,9.8042555
136723773303787,g,-0.021505026,4.3276369E-4,-0.8101003
136723773587068,a,0.35000235,0.24091655,9.689334
136723812720246,g,-0.023635555,0.005759086,-0.82181823
136723813075662,a,-0.28206688,0.14036007,9.76116
136723813341548,g,0.002996056,-0.0070240875,-0.8069045
136723813624412,a,-0.1743278,0.15711948,9.722853
136723853410714,g,0.014713965,-0.0027630297,-0.8527109
136723853767902,a,0.08424597,-0.13018471,9.816227
136723854030975,g,0.017909758,4.3276369E-4,-0.97947735
136723854314204,a,0.2901473,0.3199252,9.758766
136723893388683,g,8.6552737E-4,0.001498028,-1.0210227
136723893746027,a,-0.040252518,0.43724108,9.765948
136723894009516,g,-0.034288198,4.3276369E-4,-1.1126354
136723894302329,a,-0.06898294,-0.043993454,9.809045
136723960038006,g,-0.010852382,-0.0016977652,-1.1584418
136723960473423,a,-0.023493104,0.087687634,9.737218
136723960738527,g,-0.007656588,4.3276369E-4,-1.2979914
136723961019568,a,0.20874447,-0.31453824,9.782708
136723965516548,g,0.03814978,-0.0027630297,-1.429019
136723965548839,a,0.17043723,0.41329905,9.782708
136723992583266,g,-0.007656588,-0.0027630297,-1.5845475
136723992618995,a,-0.4640262,0.56173956,9.713276
136723992638318,g,-0.016178703,0.0036285568,-1.8125142
136723992656027,a,-0.04504092,0.81552494,9.880871
136724061799568,g,0.014713965,0.0036285568,-2.0745692
136724062238631,a,0.6349124,-0.053570263,9.8042555
136724064561183,g,0.009387643,0.0046938215,-2.1928136
136724064941027,a,0.2709937,-0.43185413,9.835381
136724065203579,g,0.033888724,0.007889614,-2.1523335
136724065485245,a,0.09142858,0.17627311,9.753978
136724092959464,g,0.036019254,0.011085408,-2.3270369
136724093317329,a,-0.0067336923,0.26964697,9.77792
136724093578266,g,0.004061321,-0.0027630297,-2.6167889
136724093861131,a,-0.40417117,0.88974524,9.706094
136724133025297,g,0.040280312,0.017476995,-2.923585
136724133385610,a,0.30930093,0.044592008,9.380483
136724133649152,g,-1.9973709E-4,-0.0016977652,-3.0418293
136724133937277,a,-0.4424784,0.1906383,10.005369
136724177093058,g,0.04454137,0.011085408,-3.0375683
136724177526287,a,0.03875614,0.22655134,9.770737
136724177790558,g,0.030692931,0.036651753,-3.1355727
136724178069204,a,-0.07377134,0.68623805,9.16261
136724234822381,g,0.0072571137,0.011085408,-3.221859
136724235178995,a,-1.3977649,0.99987847,9.054871
136724235443318,g,-0.048136637,-0.017676732,-3.4604783
136724235732797,a,1.3675381,-0.046387658,10.2974615
136724235997329,g,-0.014048175,-0.016611468,-3.899367
136724236275350,a,-0.121655375,0.1786673,9.153033
136724278849100,g,-0.030027142,-0.009154616,-3.963283
136724279280870,a,-0.011522096,0.20979193,9.591172
136724283831443,g,-0.002330266,-6.3250074E-4,-3.6596828
136724283865089,a,0.050727148,-1.4230536,9.813833
136724333685141,g,-0.057724018,4.3276369E-4,-3.8397124
136724333721808,a,-0.75372463,3.7603931,10.383653
136724333740766,g,0.1425457,0.03984755,-3.4008234
136724333758058,a,-0.09531915,1.4787189,7.9367785
136724333775349,g,-0.34747595,-0.044308342,-3.4540865
136724333792068,a,2.2294507,-3.6089597,11.544841
136724373381131,g,0.10845724,0.012150672,-3.8556912
136724379399047,a,0.096216984,1.8498201,9.375694
136724379790297,g,0.39501336,0.13465609,-3.4732614
136724380098474,a,-1.5222634,1.3925276,9.969456
136724435020402,g,-0.33895382,-0.10183262,-3.0961578
136724435375349,a,1.7601871,-0.63775545,11.683704
136724435639464,g,-0.07157245,-0.013415674,-3.7949712
136724435921860,a,2.282123,-2.2777836,8.896853
136724436184047,g,0.41631866,0.13039503,-4.2881885
136724436460506,a,0.2638111,0.008678981,8.942344
136724473428683,g,0.120175146,0.05050019,-4.1667485
136724478302329,a,0.8360253,-0.3696049,9.974244
136724478698006,g,0.047737163,0.021738052,-4.059157
136724479005454,a,3.845537,-2.8906994,8.956709
136724512223839,g,0.06904245,0.031325433,-4.4639573
136724512577172,a,4.642806,-0.71197575,10.242394
136724512843891,g,0.14148043,0.07926233,-4.381932
136724513123891,a,-2.4943092,0.7053917,9.809045
136724555146391,g,0.13721937,0.008954879,-3.3944318
136724555532745,a,-3.2101755,1.3829508,9.785102
136724555796339,g,-0.04707137,0.0036285568,-3.1803136
136724556079933,a,3.0362966,0.78918874,9.435549
136724598833318,g,-0.044940844,-0.005958823,-3.8130808
136724599265193,a,1.3316251,0.77242935,10.120291
136724603967954,g,0.048802428,4.3276369E-4,-4.1145506
136724604002954,a,-3.344251,0.9639655,9.854534
136724632686547,g,-0.13229252,0.027064374,-2.5656562
136724632723579,a,1.9636943,0.7173627,9.959879
136724632743006,g,-0.035353463,-0.011285145,-3.391236
136724632760349,a,-0.84709847,0.98551327,8.664616
136724673633995,g,-0.06944192,0.013215937,-2.8053405
136724673671339,a,-0.32755673,-1.0878654,10.160992
136724673690245,g,-0.007656588,-0.005958823,-2.846886
136724673708422,a,1.7889175,-1.2003928,10.342952
136724717700922,g,0.3790344,-0.01980726,-3.4168024
136724718134308,a,-2.7624598,1.2009914,8.89446
136724718520558,g,-0.15892413,0.016411731,-2.5869613
136724718804933,a,-1.6108488,2.524985,9.339781
136724753586547,g,-0.351737,0.011085408,-2.9246502
136724753944828,a,0.6349124,0.046986207,10.129868
136724754211964,g,-0.17490311,-0.018741995,-3.6149416
136724754497224,a,0.8192659,-1.9928737,10.266336
136724793383474,g,0.25226793,-0.0070240875,-4.0442433
136724793737381,a,2.3012767,-2.2490532,9.871294
136724794006078,g,0.10100038,-0.0080893515,-4.2551656
136724794289620,a,1.84159,0.48751932,9.507375
136724839134881,g,0.03495399,0.0046938215,-4.027199
136724839568735,a,-0.54303485,0.8610148,10.15381
136724839839151,g,0.16491625,0.015346466,-3.3006885
136724840120506,a,-1.2349591,1.2249334,10.055647
136724873384568,g,0.047737163,0.0025632926,-2.295079
136724873747068,a,-0.62922615,0.37738603,10.113108
136724874011339,g,0.033888724,0.0046938215,-2.4932182
136724874293943,a,0.32127193,-0.42227733,9.660604
136724912453162,g,0.06691192,0.011085408,-2.697749
136724912810870,a,0.18480244,-0.22116438,11.013328
136724917318058,g,0.20965736,0.03771702,-2.1608555
136724917349985,a,-1.5677532,1.2488755,9.392453
136724958272797,g,0.033888724,0.0046938215,-1.3001219
136724958709620,a,0.112976395,0.9519945,9.988609
136724958974828,g,-0.0033955304,-0.0027630297,-0.95284575
136724959257537,a,-0.21263504,0.6048352,9.969456
136724993803110,g,-0.08329036,-0.035786226,-0.9219531
136724994158370,a,0.9365818,-0.22116438,9.859323
136724994421599,g,-0.056658752,-0.009154616,-0.8143614
136724994703735,a,1.058686,-0.41748893,9.974244
136725033867433,g,-0.030027142,-0.01021988,-0.5704158
136725034301808,a,1.2909236,-0.59465986,9.878476
136725036550766,g,-0.08329036,-0.014480938,-0.44364935
136725036927485,a,-0.97877955,0.5138555,9.722853
136725080534672,g,-0.004460795,-0.005958823,-0.49691257
136725080968370,a,-0.6962638,0.023044191,10.000581
136725081231651,g,-0.052397694,-0.015546203,-0.5459147
136725081512172,a,0.8551789,0.43484688,10.0341
136725111126808,g,0.032823462,0.0046938215,-0.53313154
136725111481287,a,-0.62204355,0.14036007,9.627085
136725111743683,g,-0.04707137,-0.011285145,-0.5746769
136725112028214,a,0.20156185,-8.9782564E-4,9.43076
136725151915349,g,-0.0012650015,0.001498028,-0.49265152
136725152272589,a,3.053056,0.36062664,9.677363
136725152535297,g,0.15532887,0.038782284,-0.29344705
136725152817745,a,0.07466917,-0.039205052,9.646238
136725198341130,g,0.030692931,0.012150672,-0.30836076
136725198787849,a,-0.38980597,-8.9782564E-4,9.694122
136725199057016,g,0.018975023,0.0036285568,-0.56722003
136725199337953,a,-0.66992754,0.4563947,9.758766
136725234028787,g,-0.007656588,-0.0016977652,-1.0583069
136725234383318,a,0.47210664,0.07092822,9.694122
136725239150505,g,0.0072571137,-6.3250074E-4,-1.5153054
136725239183682,a,1.4106337,0.28161797,9.773131
136725301251078,g,-0.03215767,-0.01021988,-1.7699035
136725301682485,a,1.0012252,0.947206,9.82341
136725301947537,g,-0.011917646,-0.005958823,-1.8125142
136725302232068,a,-0.12644377,0.614412,9.832987
136725302492797,g,-0.019374497,-0.0080893515,-1.8817563
136725302772849,a,-0.9117419,0.04938041,9.821015
136725334144151,g,0.0019307918,0.001498028,-2.1288977
136725334503578,a,0.393098,0.5162497,9.6845455
136725334766235,g,0.08289089,0.032390695,-2.428237
136725335046964,a,0.47928926,0.33429042,9.770737
136725374171182,g,0.008322379,0.0046938215,-2.5869613
136725374529464,a,0.98925424,0.066139825,9.607931
136725374795557,g,-0.028961876,-0.0080893515,-2.3419507
136725375077380,a,0.14410101,0.19782092,10.158598
136725418724516,g,-0.048136637,-0.0080893515,-2.090548
136725419157901,a,-0.5765537,0.20979193,9.921572
136725419424412,g,-0.019374497,-0.0080893515,-2.150203
136725419705922,a,-0.11447277,-0.31453824,9.871294
136725454248266,g,0.011518172,-6.3250074E-4,-2.086287
136725454605037,a,0.041150343,0.42287588,9.818622
136725454869151,g,0.06584666,0.019607523,-2.1129186
136725455149984,a,0.16804303,0.5282208,9.828198
136725494283057,g,-0.049201902,-0.020872524,-2.110788
136725494640141,a,-0.65077394,1.1818378,9.682152
136725494904203,g,-0.034288198,-0.01021988,-2.274839
136725495193682,a,0.3859154,-0.07511808,9.80665
136725539783734,g,-0.06518087,-0.020872524,-2.4133232
136725540218005,a,0.46013564,-0.44621935,10.022128
136725542543474,g,-0.03641873,-0.012350409,-2.3792348
136725542920505,a,-0.06658874,1.1195886,9.775525
136725592593630,g,-0.076898776,-0.023003053,-2.2886872
136725592630297,a,-0.32995093,-0.08948329,9.672575
136725592649776,g,0.008322379,0.0036285568,-2.6593993
136725592667068,a,-0.5693711,0.4468179,9.744401
136725592684672,g,-0.046006106,-0.0070240875,-3.000284
136725592701651,a,0.7043442,0.4683657,9.950302
136725639888318,g,-0.008721853,0.0025632926,-3.0950925
136725640322120,a,2.1935377,0.22655134,9.82341
136725640587432,g,0.048802428,0.019607523,-2.964065
136725640873682,a,-0.1551742,0.57131636,9.660604
136725673364828,g,-0.0033955304,0.008954879,-2.8245153
136725673721130,a,-0.7800608,-1.059135,9.885659
136725673987328,g,-0.05133243,0.011085408,-3.1419642
136725674267901,a,1.9660885,-0.28580782,9.92636
136725711480245,g,-0.026831347,0.005759086,-3.323059
136725711838630,a,0.8120833,1.5170261,9.947908
136725712102120,g,-0.0033955304,0.015346466,-3.045025
136725712386547,a,0.78335285,0.4444237,9.916783
136725758820661,g,-0.007656588,0.0046938215,-2.9033449
136725759254672,a,-0.7178116,-0.18764555,9.825804
136725759518266,g,0.0051265853,0.001498028,-2.8575385
136725759802589,a,-0.25094226,-0.9992799,9.988609
136725793339724,g,0.004061321,4.3276369E-4,-2.956608
136725793697589,a,1.0491092,-0.055964466,10.060435
136725793961807,g,0.06584666,0.005759086,-2.5592644
136725794243891,a,-0.93568397,0.55934536,9.746795
136725834594880,g,-0.07370298,-0.02726411,-1.9680427
136725834961859,a,-0.7034464,-0.058358666,9.792285
136725835227224,g,-0.0012650015,-0.0027630297,-2.0330238
136725835508786,a,0.8456021,-0.8891467,9.792285
136725878827641,g,-0.0065913238,-0.0048935586,-2.1288977
136725879262276,a,0.6875848,-1.071106,9.957485
136725883934620,g,0.0104529075,-0.0080893515,-2.1448767
136725883966599,a,1.2981062,-0.22595279,9.844957
136725936792536,g,0.017909758,0.007889614,-2.3685822
136725936828578,a,0.31169513,2.2137387,10.125079
136725936847432,g,-0.064115606,-0.01021988,-2.1043966
136725936865297,a,0.2781763,0.25528175,9.871294
136725936881391,g,-0.11631356,-0.009154616,-2.1448767
136725936898266,a,0.16804303,-1.2554595,10.053253
136725980207016,g,-0.034288198,0.012150672,-1.9264975
136725980640245,a,-0.4161422,-0.33848026,9.8042555
136725980910297,g,-0.035353463,0.017476995,-1.7304888
136725981191286,a,0.44577044,0.35583824,9.574412
136726013836026,g,-0.076898776,0.024933845,-1.4620421
136726014196651,a,-0.23418285,0.55216277,10.141838
136726014463422,g,-0.030027142,0.041978076,-1.344863
136726014748682,a,-1.5438112,-0.19722237,9.715671
136726054793109,g,-0.018309232,0.022803316,-1.5536549
136726055141078,a,0.405069,-0.6664859,9.746795
136726055412224,g,0.021105552,-0.015546203,-1.808253
136726055698057,a,-0.36586395,-0.6688801,10.096349
136726102018995,g,0.0104529075,-0.017676732,-1.3725599
136726102455453,a,1.0371382,0.5282208,10.3692875
136726102722380,g,-0.0065913238,-0.01021988,-1.0923954
136726103004463,a,0.55350953,1.1411364,9.964667
136726134876026,g,-0.017243968,0.0025632926,-1.0593722
136726135234307,a,-0.7130232,0.0038905777,9.569624
136726135495870,g,-0.024700819,0.03984755,-1.3107746
136726135789515,a,0.10579379,0.12360066,10.093954
136726202177640,g,0.0072571137,-0.014480938,-1.3842778
136726202609463,a,0.35239655,0.051774614,9.387665
136726202872849,g,-0.05878928,0.049434926,-1.2543156
136726203155818,a,1.1137527,1.2057798,8.623915
136726517769151,g,0.05625928,0.001498028,-0.8857341
136726517800505,a,0.91742814,0.23133974,9.665392
136726257074984,g,0.22137526,-0.032590434,-2.525176
136726257110713,a,0.46492404,-0.0104746325,9.909601
136726257129932,g,-0.0129829105,-0.009154616,-2.9246502
136726257148005,a,0.46492404,-0.45819035,9.847352
136726257164932,g,-0.10885671,-0.01980726,-2.943825
136726257181755,a,-0.62204355,-0.1062427,9.77792
136726294781703,g,-0.041745048,-0.0027630297,-2.5262413
136726295137588,a,0.35239655,-0.28101942,9.811439
136726295402901,g,-0.023635555,0.0036285568,-2.2002704
136726295728734,a,0.42901102,-0.51804537,9.639056
136726340541442,g,0.014713965,4.3276369E-4,-2.3685822
136726340978370,a,0.66364276,0.24570495,9.528923
136726341243422,g,0.0051265853,-0.0027630297,-2.4942834
136726341525245,a,-0.1719336,0.54976857,10.01734
136726374769359,g,-0.05452822,0.0036285568,-2.3685822
136726375126911,a,-0.11447277,-0.032022446,9.380483
136726375392640,g,-0.015113439,-6.3250074E-4,-2.3824306
136726375674828,a,-0.18151042,-0.067935474,9.622296
136726412671234,g,0.031758197,-0.0016977652,-2.2961442
136726413023370,a,0.20635025,0.025438393,9.660604
136726413290036,g,-1.9973709E-4,0.001498028,-2.2492726
136726413572745,a,0.36915597,0.02064999,9.478644
136726455196442,g,-0.031092405,-0.0016977652,-2.2503378
136726455552328,a,-0.025887307,0.13317747,10.000581
136726455814203,g,-0.033222936,4.3276369E-4,-2.3547337
136726456103161,a,-0.413748,-0.16130935,9.703699
136726514655297,g,0.036019254,0.001498028,-2.3291674
136726515012484,a,-0.24136546,-0.37918168,9.770737
136726515281755,g,0.055194013,0.0025632926,-1.9137143
136726515563526,a,-0.12644377,0.56413376,9.873688
136726517769151,g,0.05625928,0.001498028,-0.8857341
136726517800505,a,0.91742814,0.23133974,9.665392
136726563211547,g,0.1244362,0.02812964,-0.10489526
136726563645140,a,0.05312135,0.3127426,9.749189
136726563912432,g,-0.14401044,-0.026198847,0.09857025
136726564194411,a,0.08903438,0.030226797,9.773131
136726595004047,g,-0.03748399,-0.003828294,0.0026964506
136726595040349,a,0.13691841,0.044592008,9.739613
136726595058890,g,-0.0129829105,-0.0048935586,5.659217E-4
136726595077797,a,0.14170681,0.058957215,9.651027
136726635360297,g,0.018975023,0.001498028,0.0016311861
136726635806286,a,0.115370594,0.10923545,9.749189
136726636099932,g,-0.0033955304,0.001498028,-4.993427E-4
136726636316963,a,0.17043723,0.13796587,9.753978
136726680224515,g,-0.008721853,-6.3250074E-4,-4.993427E-4
136726680660974,a,0.15128362,0.1643021,9.821015
136726680925922,g,8.6552737E-4,-0.0027630297,5.659217E-4
136726681206547,a,0.1225532,0.12360066,9.753978
136726712859619,g,0.002996056,-6.3250074E-4,0.0016311861
136726713213994,a,0.09142858,0.082899235,9.775525
136726713479307,g,-0.0055260593,-6.3250074E-4,0.0016311861
136726713761338,a,0.10100538,0.058957215,9.770737
136726754771442,g,0.013648701,-0.0016977652,-0.0015646071
136726755125869,a,0.08664017,0.102052845,9.698911
136726755386234,g,0.0019307918,-6.3250074E-4,0.013349094
136726755669619,a,0.112976395,0.04938041,9.746795
136726800204619,g,-0.03641873,-0.0016977652,-0.0015646071
136726800643838,a,0.11058219,0.14275427,9.828198
136726800909255,g,-0.002330266,-0.0016977652,-4.993427E-4
136726801193109,a,0.096216984,0.13557167,9.768343
136726835549099,g,0.014713965,-6.3250074E-4,-0.0015646071
136726835906442,a,0.0052373162,0.6096236,9.801862
136726840655817,g,0.11378355,0.0046938215,0.033589117
136726840690557,a,0.14170681,0.43963528,9.911995
136726873587276,g,0.09673933,0.005759086,0.090048134
136726873619932,a,0.14888942,0.056563016,9.919178
136726873639463,g,-0.038549256,-0.003828294,-0.0026298715
136726873657432,a,0.17283143,0.008678981,9.794679
136726918924203,g,-0.002330266,4.3276369E-4,0.0016311861
136726919359515,a,0.15128362,0.0062847794,9.610326
136726919625036,g,-0.007656588,-0.0016977652,-0.0015646071
136726919906703,a,0.1249474,-0.0104746325,9.809045
136726954766182,g,-0.03215767,-0.0016977652,0.003761715
136726955125088,a,0.112976395,0.07092822,9.734824
136726955385869,g,-0.05346296,-0.0048935586,0.03145859
136726955666390,a,0.036361936,0.116418056,9.677363
136726994775661,g,-0.024700819,-0.0016977652,0.039980706
136726995130244,a,0.08903438,0.14514847,9.739613
136726995390973,g,-0.007656588,0.0025632926,-0.017543573
136726995677223,a,0.18959084,0.13078327,9.725247
136727041175192,g,0.03495399,-6.3250074E-4,0.036784913
136727041612588,a,0.10339958,0.14754269,9.7324295
136727043935453,g,0.021105552,0.0025632926,0.027197532
136727044309515,a,-0.39938277,0.15711948,9.775525
136727099146078,g,-0.018309232,-0.0027630297,-0.09530788
136727099505661,a,-1.9508255,0.911293,9.871294
136727099768942,g,-0.0673114,-0.0070240875,-0.28385967
136727100050453,a,2.8256068,0.6192004,10.208876
136727100308838,g,0.053063486,0.005759086,0.029328061
136727100599828,a,0.74504566,0.341473,9.7324295
136727141250713,g,-0.002330266,-0.0016977652,0.21894513
136727141687119,a,-0.07377134,0.13078327,9.768343
136727141951286,g,-0.0055260593,-0.0016977652,0.09857025
136727142229723,a,0.1273416,0.12120646,9.818622
136727196295765,g,0.016844494,4.3276369E-4,0.010153302
136727196332015,a,-0.07616554,0.1714847,9.835381
136727196351286,g,-0.016178703,-0.0027630297,-0.048436243
136727196368005,a,-0.1719336,0.35344404,9.720459
136727196384307,g,-0.010852382,-6.3250074E-4,-0.02393516
136727196401130,a,0.5032313,-0.3576339,9.742006
136727235632640,g,0.014713965,4.3276369E-4,0.04637229
136727241368473,a,0.21353287,0.1858499,9.76116
136727241763317,g,0.030692931,0.0068243505,0.022936475
136727242071598,a,0.16804303,0.054168813,9.773131
136727275571963,g,-0.009787117,-0.003828294,0.0058922437
136727275932380,a,-0.2916437,-0.0032920274,9.892841
136727276202536,g,-0.010852382,-0.0070240875,-0.0143477805
136727276482275,a,0.14888942,-0.12060791,9.77792
136727313867953,g,0.0051265853,0.001498028,-0.06867626
136727314223109,a,0.036361936,0.10684125,9.873688
136727314488317,g,0.027497139,0.008954879,-0.06015415
136727314770244,a,0.24944589,0.068534024,9.816227
136727360849255,g,0.0072571137,0.0025632926,-0.036718335
136727361280609,a,0.09861118,0.025438393,9.835381
136727361545036,g,0.0104529075,0.0046938215,-0.038848862
136727361828890,a,0.10579379,0.14754269,9.9550905
136727414481130,g,-0.009787117,-0.0048935586,-0.0015646071
136727414834984,a,0.16086042,0.1906383,9.847352
136727415095869,g,-0.010852382,-0.005958823,-0.02180463
136727415378630,a,0.15367782,-0.082300685,9.703699
136727415637536,g,-0.008721853,-0.0027630297,-0.09211209
136727415927327,a,0.10818799,-0.252289,9.825804
136727456110348,g,-0.018309232,-0.005958823,-0.032457277
136727456467536,a,0.11776479,0.102052845,9.744401
136727456729359,g,-0.055593487,-0.012350409,-4.993427E-4
136727457012015,a,0.062698156,1.0645219,9.811439
136727496402275,g,0.011518172,0.001498028,0.028262798
136727496438525,a,0.026785132,-0.573112,9.710882
136727496457848,g,-0.034288198,-0.005958823,0.020805946
136727496475869,a,0.112976395,-1.4541782,9.816227
136727537048213,g,0.008322379,-6.3250074E-4,0.04850282
136727537084827,a,0.5391443,1.2488755,9.794679
136727539364150,g,0.004061321,-0.0048935586,-0.0825247
136727539744567,a,0.11776479,-0.22834699,9.718064
136727580987119,g,-0.12909673,-0.014480938,0.010153302
136727581422223,a,0.18959084,-0.13976152,9.782708
136727581685661,g,-0.0673114,-0.012350409,-0.039914127
136727581968577,a,0.11776479,0.1666963,9.782708
136727614338265,g,0.009387643,4.3276369E-4,0.017610153
136727614871442,a,0.115370594,0.14275427,9.725247
136727615138057,g,0.014713965,4.3276369E-4,-0.003695136
136727615420452,a,0.15367782,0.008678981,9.801862
136727656324775,g,-0.002330266,-6.3250074E-4,0.008022773
136727656680452,a,0.1225532,0.14036007,9.785102
136727656942432,g,-0.004460795,-0.0016977652,-0.0047604004
136727657222848,a,0.10339958,0.056563016,9.787497
136727701797952,g,-0.0033955304,4.3276369E-4,-0.053762563
136727702228682,a,0.08903438,0.37499183,9.787497
136727702496546,g,-0.016178703,-0.0027630297,-0.12833108
136727702780036,a,-0.1743278,0.085293435,9.923966
136727736391338,g,0.002996056,-6.3250074E-4,-0.17307217
136727736747744,a,-0.6076783,-0.5443816,9.983821
136727737009359,g,-0.17703363,-0.018741995,0.01228383
136727737301963,a,0.14649522,0.17627311,9.840169
136727776428577,g,0.0072571137,-0.005958823,0.24451147
136727776787379,a,-0.16714521,0.28161797,10.055647
136727777050869,g,0.04986769,-0.014480938,0.20296617
136727777335713,a,-0.04743512,0.6168062,9.9550905
136727815599411,g,-0.023635555,0.0025632926,0.09537446
136727815952223,a,1.4633062,0.13796587,9.880871
136727816215713,g,-0.057724018,0.014281201,0.0879176
136727816495921,a,0.29972413,-0.039205052,9.682152
136727856769723,g,-0.017243968,0.008954879,-0.03352254
136727856806911,a,0.20874447,-0.16849194,9.818622
136727856826286,g,-0.0033955304,-0.0016977652,-0.036718335
136727856844254,a,-0.0043394906,0.5856816,9.672575
136727896544254,g,-0.016178703,0.010020143,-0.02393516
136727896901181,a,0.3954922,-0.16609775,9.801862
136727897278838,g,-0.03961452,0.029194903,-0.030326746
136727897493786,a,0.41943422,0.32471362,9.775525
136727942082379,g,0.009387643,-0.009154616,-0.018608838
136727942515192,a,0.65406597,-0.75507134,9.753978
136727942784775,g,-0.002330266,4.3276369E-4,-0.055893093
136727943065504,a,0.07227496,-0.252289,9.809045
136727976625869,g,-0.05452822,0.02599911,0.0431765
136727976983056,a,-0.028281508,0.79158294,10.0269165
136727977248734,g,0.023236081,-0.020872524,0.08578707
136727977549775,a,-0.14080898,0.8705916,10.041282
136728016063838,g,-0.04387558,0.046239134,-0.08145944
136728016415088,a,-0.09053075,-0.58987147,9.890448
136728016680088,g,-0.052397694,0.86010116,-0.18372482
136728016962588,a,-0.4161422,-0.61620766,9.358934
136728058569723,g,-0.030027142,1.0049771,-0.3286008
136728058945348,a,-0.19108722,0.24331075,10.524911
136728059206129,g,0.022170816,0.682202,-0.24657543
136728059494879,a,-0.51191026,-0.0032920274,13.084312
136728096853473,g,0.04560663,2.1053953,-0.31262183
136728097208421,a,-0.08095395,-0.027234044,11.042058
136728097473317,g,-0.017243968,4.1123533,-0.48306412
136728097759046,a,-2.2692542,0.17627311,9.861717
136728158304358,g,0.11910988,4.9368677,-0.75257605
136728158345400,a,-2.336292,0.67426705,7.687782
136728158365556,g,0.4269713,5.214902,-0.7983824
136728158383369,a,-3.1048307,-0.7766192,7.5824366
136728158401598,g,0.21604894,3.5520244,-0.4298009
136728158418733,a,-5.4367833,-0.13976152,7.7572136
136728202278994,g,0.15852466,2.6540065,-0.31794813
136728202709150,a,-4.8478093,-0.012868834,8.477868
136728202976598,g,0.21391842,2.3035345,-0.32647026
136728203258577,a,-5.1662383,0.65750766,8.767567
136728236839983,g,0.1936784,2.8074045,-0.25509754
136728237198108,a,-6.547693,0.3462614,7.845799
136728237463369,g,0.312988,3.5967655,-0.44897565
136728237743421,a,-6.219687,-0.6569091,6.9743094
136728276896702,g,0.48449558,3.9035616,-0.6162222
136728277249983,a,-7.3066545,-0.005686229,8.051701
136728277516910,g,0.6847653,4.321145,-0.43832302
136728277800244,a,-7.7471876,-0.59705406,7.326257
136728319240608,g,0.5004746,5.670835,-0.30516496
136728319676442,a,-6.5692406,0.39175126,3.8833952
136728319939202,g,1.1204585,7.5584836,-0.29877338
136728320222067,a,-10.294619,-0.6784569,2.6240451
136728356948004,g,1.0363026,7.938783,-0.97947735
136728357305608,a,-10.12463,-1.6816274,1.3718776
136728357575192,g,0.20006998,8.538527,-1.7667078
136728357857015,a,-10.206033,-0.9992799,-1.3096284
136728396999202,g,-0.89715236,6.810668,-1.2958609
136728397363890,a,-9.174132,0.082899235,-0.1364695
136728397633942,g,0.1904826,2.1298964,-0.28172916
136728397915556,a,-11.036821,-0.4055179,1.5370775
136728442508525,g,-0.83643234,0.4371912,-0.16241954
136728442943473,a,-10.39278,-0.3576339,0.7661445
136728447663004,g,-1.4745257,3.526458,-0.24977122
136728447697015,a,-7.131878,0.5114613,-1.5131354
136728499285869,g,-1.6843828,7.0365043,-0.29877338
136728499322015,a,-5.673809,-0.17806876,-5.5976434
136728499341025,g,-1.4510899,8.217882,0.153964
136728499358108,a,-10.15336,-0.30017304,-9.157822
136728499374567,g,-1.1144663,4.9634995,0.79525316
136728499391233,a,-9.063999,0.8538322,-8.343793
136728542588004,g,-1.7163408,1.9786288,0.7313373
136728543023681,a,-7.000197,1.0046669,-6.2608376
136728545348733,g,-1.3030181,0.996455,0.46182543
136728545727171,a,-7.3473563,-0.85083944,-5.511452
136728577174619,g,-0.59035623,0.2720752,0.2317283
136728577532483,a,-7.926753,0.12360066,-2.384625
136728577797327,g,-0.24734108,0.89312434,-0.16561534
136728578080817,a,-7.4191823,-0.27623102,-2.1260512
136728617209827,g,-1.6098143,1.6388094,-0.1815943
136728617567067,a,-8.317008,-0.058358666,-2.7461493
136728617833942,g,-3.5635092,1.8838203,-0.075067855
136728618114827,a,-5.187786,0.78679454,-8.322245
136728657248890,g,-2.913698,2.0244353,0.33505896
136728657606285,a,-5.44636,1.2752117,-9.399636
136728657872744,g,-0.27823377,1.894473,0.7888616
136728658153265,a,-5.695357,1.7564462,-11.145009
136728697282327,g,0.5675862,3.1344407,0.95504284
136728697640296,a,-7.593959,1.7516578,-8.456321
136728697905348,g,0.1244362,2.5932863,0.74199
136728698256546,a,-7.5867763,2.5321677,-8.827422
136728737335608,g,0.16491625,1.2435963,0.4202801
136728737695817,a,-6.7607765,2.1730373,-9.186552
136728737960035,g,0.8402939,0.4371912,0.3222758
136728738358681,a,-6.5788174,2.0700867,-7.007828
136728782795660,g,1.3026186,0.08991498,0.20509669
136728783228056,a,-4.0649056,0.9208698,-6.8043213
136728783497796,g,0.8669255,0.9485181,0.5342634
136728783780087,a,-2.8366802,0.6096236,-7.5106106
136728835128004,g,0.74335486,2.6859643,0.8985838
136728835163785,a,-1.601272,1.8330606,-6.694188
136728835183889,g,-0.23136212,4.6172886,1.5505257
136728835201389,a,-3.0856771,2.443582,-9.126697
136728835218108,g,-0.35067174,7.8002987,1.431216
136728835234671,a,-3.346645,1.4811131,-10.240001
136728882928369,g,1.1822438,6.9832406,1.221359
136728883364983,a,-1.2158055,0.35583824,-11.025299
136728883631441,g,1.388905,4.531002,0.76649106
136728883914410,a,0.6133646,0.8849568,-9.124303
136728917494202,g,0.63895893,4.033524,0.4778044
136728917851129,a,-0.18869302,1.8474259,-10.180145
136728918123108,g,-0.9472198,4.300905,0.21468407
136728918528316,a,-1.4719851,2.1036055,-11.171345
136728957518108,g,-1.0920957,1.3064469,0.091113396
136728957871650,a,0.25662848,3.2408512,-10.125079
136728958138108,g,0.37051228,-0.26907915,0.262621
136728958485244,a,6.658724,1.9719244,-6.895301
136729003010296,g,1.9534953,0.52134705,-0.48519465
136729003444462,a,3.029114,-2.5243864,-10.453085
136729003711858,g,1.0235194,5.4503255,0.05063335
136729003991337,a,3.1536126,2.6470892,-10.0029745
136729037599827,g,-1.2614728,4.2582946,0.09643972
136729037963629,a,2.219874,1.8809447,-11.542446
136729040327223,g,0.011518172,3.7341845,0.24557674
136729040703681,a,4.7433624,0.839467,-8.350976
136729077619046,g,0.76039904,2.716857,0.33505896
136729077981962,a,6.6036572,0.6359598,-9.181764
136729082631754,g,0.25546372,3.8918438,0.4596949
136729082665764,a,7.317129,0.9136872,-8.176199
136729123685139,g,-0.34214962,4.8431244,0.7409247
136729124115868,a,8.260445,1.5074493,-7.551312
136729124389306,g,0.04986769,6.343017,0.92841125
136729124675035,a,9.914838,1.1171944,-5.875371
136729158605400,g,1.0735868,8.393651,1.354517
136729159072848,a,7.2500916,-0.31932664,-6.7468605
136729159096025,g,-0.18768628,8.942262,0.86556065
136729159115452,a,7.4344454,-0.54917,-6.5361705
136729197736806,g,-0.028961876,5.223424,0.56835186
136729198494462,a,6.5916862,-1.0615292,-3.040636
136729198528421,g,2.0951755,3.3826473,0.59924453
136729198745348,a,9.644294,-0.05117606,-3.3638535
136729243264462,g,2.3348598,0.903777,-0.1517669
136729243696233,a,10.927586,0.1834557,-0.2657564
136729243962171,g,2.7162247,0.4158859,-0.20396484
136729244244514,a,9.898079,-0.21637598,-0.2873042
136729277820035,g,1.9226025,3.1323102,-0.45749778
136729278303056,a,9.950751,-1.0998363,-1.9560628
136729278573368,g,0.014713965,3.3933,-0.85164565
136729278859671,a,9.17503,-1.2458827,-0.92895025
136729317847535,g,0.47597346,2.9224532,-0.6204832
136729318266389,a,9.737667,0.911293,-0.6584055
136729318536337,g,0.6943527,2.2843597,-0.30836076
136729318821233,a,10.137499,-0.76225394,1.8650831
136729363376702,g,0.7795738,1.9328225,-0.83566666
136729363864358,a,12.392837,0.056563016,-0.59376204
136729364131285,g,0.70394003,3.3155355,-0.8228835
136729364431545,a,9.237279,0.40372226,0.0023942017
136729397937118,g,0.5121924,2.1021996,-0.044175185
136729398436337,a,10.592398,1.588852,2.0925324
136729403005191,g,-0.06091981,1.4481272,0.003761715
136729403038056,a,8.897303,1.7109563,2.6527755
136729438831650,g,-1.0388325,2.540023,0.036784913
136729438868264,a,7.8223057,1.0022727,2.291251
136729438887639,g,-0.7629291,2.7253792,-0.06228468
136729438904879,a,7.91568,1.2943653,1.6136919
136729482976129,g,0.017909758,3.4124746,-0.33286184
136729483438889,a,7.4943004,1.3278841,2.315193
136729483713108,g,0.61019677,5.0966578,-0.49691257
136729484018681,a,7.9013147,-0.5324106,5.171476
136729518057014,g,1.4986273,8.080463,-0.84418875
136729518563733,a,5.06658,1.8474259,4.795586
136729518831389,g,0.016844494,8.7526455,-1.324623
136729519134098,a,6.8358946,0.8442554,7.8146744
136729559862535,g,0.118044615,6.429303,-0.6087653
136729560272691,a,-0.84949267,5.7858877,-6.2967505
136729560538733,g,-2.6377945,5.7773614,-0.07400259
136729560839827,a,5.59091,-2.7638066,11.827356
136729603572431,g,-2.8902621,0.87288433,-0.29131654
136729604038056,a,5.1934724,-0.7814076,8.281544
136729604305868,g,-1.0100704,3.1280491,0.075134434
136729604607483,a,4.6691422,-0.810138,7.9870567
136729638289722,g,-0.29634324,2.6156569,-0.08145944
136729638676754,a,3.3906386,-0.6497265,8.121132
136729638942535,g,0.50580084,3.1546807,0.26688203
136729639245452,a,2.459294,-0.26904842,9.837775
136729678259045,g,0.96173406,3.3325799,0.38832217
136729678623785,a,2.483236,0.8418612,9.476251
136729678889514,g,0.10100038,3.1376364,0.4959139
136729679173316,a,1.9038392,-0.48213238,10.699687
136729723778472,g,0.37157756,2.4878252,0.41069272
136729724214410,a,0.9533412,0.06135142,9.787497
136729729067587,g,8.6552737E-4,0.7599663,0.3180147
136729729101650,a,0.91024554,0.40851066,9.591172
136729780405816,g,-0.015113439,0.86436224,0.06661232
136729780441806,a,-0.52627546,1.2129624,9.883265
136729780461129,g,0.13828464,1.5035208,0.06448179
136729780479097,a,-0.04504092,0.11881226,9.864111
136729780496077,g,-0.09607354,2.498478,-0.2295312
136729780512691,a,2.3802855,-0.8987235,10.024523
136729823874566,g,-0.044940844,0.19644141,-0.35416713
136729824307274,a,0.41943422,0.5066729,9.765948
136729824575191,g,-0.025766084,-0.003828294,-0.0526973
136729824859670,a,0.029179333,0.35344404,9.77792
136729858431077,g,-0.075833514,0.0046938215,0.18805246
136729858789254,a,-0.18151042,-1.0854712,9.698911
136729859054670,g,-0.052397694,0.008954879,0.33079788
136729859342899,a,1.0395324,-1.1812392,9.868899
136729898472066,g,0.11697935,-0.0080893515,0.21574934
136729898829827,a,-0.06898294,-0.1110311,9.636662
136729899092066,g,-0.010852382,-0.003828294,0.34677687
136729899378889,a,-0.61725515,0.55455697,9.715671
136729944026389,g,-0.004460795,0.001498028,0.2764694
136729944457535,a,0.15846622,0.20979193,9.730036
136729944724827,g,8.6552737E-4,-6.3250074E-4,-0.06974153
136729945006129,a,-0.07377134,0.1882441,9.751583
136729978530087,g,8.6552737E-4,-0.0027630297,-0.23166172
136729978885712,a,0.11776479,0.1882441,9.718064
136729979152379,g,-0.0012650015,-6.3250074E-4,-0.45643252
136729979485972,a,0.16325463,-0.027234044,9.696517
136730018581441,g,-0.007656588,-6.3250074E-4,-0.048436243
136730018968785,a,0.06988076,0.28880057,9.753978
136730019234826,g,-0.015113439,-0.003828294,-0.0047604004
136730019536806,a,0.36436757,-0.9370307,8.851364
136730060447535,g,-0.1599894,0.0036285568,-0.007956194
136730060850191,a,0.18719664,-0.17806876,9.744401
136730061117587,g,-0.016178703,-0.0016977652,0.006957508
136730061420504,a,0.15128362,0.030226797,9.713276
136730098936389,g,-0.011917646,-6.3250074E-4,0.0026964506
136730098972274,a,0.14888942,0.19782092,9.892841
136730098992014,g,-0.010852382,4.3276369E-4,0.01228383
136730099009826,a,0.096216984,0.13557167,9.76116
136730137550139,g,-0.002330266,0.001498028,5.659217E-4
136730137939045,a,0.045938745,0.080505036,9.662998
136730138452431,g,0.0061918497,0.001498028,-0.0015646071
136730138672118,a,0.08903438,0.11881226,9.773131
136730185829149,g,8.6552737E-4,0.0025632926,5.659217E-4
136730186293524,a,0.09142858,0.14275427,9.775525
136730186561181,g,-1.9973709E-4,0.001498028,-4.993427E-4
136730186863785,a,0.1249474,0.11881226,9.718064
136730218804253,g,-0.0012650015,4.3276369E-4,0.0016311861
136730219189618,a,0.112976395,0.13557167,9.698911
136730219455764,g,-0.002330266,0.001498028,-0.0015646071
136730219760295,a,0.15128362,0.09247604,9.797073
136730258811545,g,0.0019307918,-0.0048935586,0.0026964506
136730259197066,a,0.14410101,0.10684125,9.730036
136730259462483,g,-1.9973709E-4,-0.0027630297,5.659217E-4
136730259764931,a,0.13452421,0.12838906,9.725247
136730304336024,g,-0.002330266,-6.3250074E-4,-4.993427E-4
136730304800087,a,0.09142858,0.14275427,9.737218
136730305063576,g,-1.9973709E-4,-0.0016977652,-4.993427E-4
136730305353785,a,0.16086042,0.09247604,9.76116
136730338868108,g,8.6552737E-4,-0.0016977652,5.659217E-4
136730339224253,a,-0.023493104,-0.71676415,9.7563715
136730339487639,g,-0.004460795,-0.0016977652,0.051698614
136730339769410,a,-1.1080664,0.1786673,9.722853
136730376553837,g,-0.0055260593,0.001498028,0.22853251
136730376589566,a,-0.8183681,0.4659715,9.615114
136730376609410,g,-0.008721853,-0.0016977652,0.0730039
136730376627535,a,1.022773,0.6048352,9.574412
136730437508524,g,8.6552737E-4,-0.0016977652,-0.14217952
136730437543160,a,2.3156419,1.2392987,9.773131
136730437561753,g,0.05945507,0.0036285568,0.60137504
136730437579670,a,-1.8837879,0.099658646,9.768343
136730437595972,g,-0.0055260593,-0.0080893515,0.65570354
136730437612430,a,0.64209497,0.27204117,9.763555
136730479211389,g,0.0072571137,-0.0027630297,0.33932
136730479247430,a,0.21113867,-0.082300685,9.7803135
136730479266753,g,0.0072571137,0.0025632926,-0.051632036
136730479284358,a,-0.8135797,-0.3863643,9.801862
136730518970608,g,-0.009787117,-0.0016977652,0.051698614
136730519416180,a,-0.013916298,0.082899235,9.742006
136730519704253,g,-0.018309232,-0.015546203,0.11561448
136730519921128,a,-0.15278,0.068534024,9.775525
136730566281701,g,0.0051265853,-0.0016977652,0.13905029
136730566716910,a,-0.4329016,0.09487024,9.775525
136730566979566,g,0.017909758,0.005759086,0.25516412
136730567261962,a,0.17043723,0.3510498,9.722853
136730599066233,g,0.20326577,0.11761185,0.122006066
136730599420451,a,0.21353287,0.087687634,10.364499
136730599684670,g,0.30020484,-0.12313791,0.07726496
136730599968316,a,0.18480244,0.48512512,10.16578
136730639088264,g,1.0757173,-0.02726411,0.06980811
136730639452170,a,0.08903438,0.8322844,9.054871
136730639717378,g,0.8584034,0.070740215,0.008022773
136730640001962,a,0.4026748,0.81313074,9.227253
136730684605399,g,-0.027896613,0.110155,0.049568087
136730685041180,a,-0.35868135,0.35344404,9.991004
136730689678785,g,-0.31658328,0.0920455,0.0879176
136730689989722,a,-0.40417117,0.8586206,10.220847
136730741302795,g,-0.10885671,-0.005958823,0.075134434
136730741339097,a,0.045938745,1.1507132,9.512163
136730741357535,g,0.30659643,0.12932976,0.06554705
136730741375764,a,0.65885437,-0.101454295,9.969456
136730741392430,g,0.43336287,-0.03152517,-0.03565307
136730741408576,a,0.03875614,0.9783307,9.794679
136730784698316,g,0.38755652,0.020672787,-0.053762563
136730785129982,a,-0.7321768,1.0669161,9.564836
136730785395087,g,0.4599945,0.024933845,-0.02180463
136730785676649,a,0.16804303,0.9567829,9.97185
136730819254930,g,0.07117298,0.018542258,-0.14217952
136730819609097,a,0.56308633,0.24331075,9.986216
136730819875868,g,0.04986769,0.1282645,-0.32966605
136730820157951,a,0.06988076,0.49230772,10.216059
136730859330399,g,0.78809595,-0.10502841,-0.1815943
136730859689045,a,-0.14320318,1.2321161,9.485827
136730859952482,g,0.7731822,0.08778445,0.06235126
136730860235920,a,0.25184008,1.220145,9.52174
136730904800191,g,0.53988934,0.041978076,0.051698614
136730905237014,a,-0.13841479,1.2273277,10.6158905
136730905502014,g,0.7742475,0.1730056,-0.0526973
136730905786024,a,-0.05701193,1.3015479,9.85214
136730938905712,g,0.9308414,0.79405475,-0.045240447
136730939263837,a,-0.38741177,1.8881273,9.184157
136730939528524,g,1.0203236,0.74292207,0.07193864
136730939818472,a,-0.37304655,2.048539,9.02614
136730979433576,g,1.1204585,0.18472351,0.13691977
136730979791909,a,-0.4664204,2.2257097,9.859323
136730980054930,g,1.1460248,-0.009154616,0.025067003
136730980335347,a,-0.51669866,2.2472575,9.856929
136731024908264,g,1.0959574,0.3583616,-0.028196217
136731025344566,a,-0.4424784,2.6279356,9.737218
136731025611753,g,1.2536165,0.55756605,-0.034587804
136731025897326,a,-0.39938277,2.8410196,9.531317
136731057066545,g,1.493301,0.5021723,-0.05695836
136731057102378,a,-1.00751,3.2887354,9.706094
136731057122378,g,1.8405772,0.39031956,0.008022773
136731057139409,a,-1.5150808,3.5137904,9.40203
136731099802899,g,2.162287,0.16235295,0.11028816
136731099839722,a,-1.2469301,3.6430771,9.445126
136731099859045,g,2.6075675,0.35197002,0.18911773
136731099876545,a,-0.05940613,4.2033205,8.226477
136731142692586,g,2.6150243,0.6172209,0.1837914
136731143128889,a,-0.2605191,5.254375,7.979874
136731143395034,g,2.259226,0.25290042,-0.07932891
136731143681493,a,-1.4695909,5.1538186,8.018182
136731203026284,g,2.049369,0.085653916,-0.19650799
136731203382170,a,-1.1846809,5.7595515,8.327033
136731203649514,g,2.4200811,-0.22007698,0.19018298
136731203937222,a,-0.7178116,5.872079,7.831434
136731204198680,g,2.315685,-0.46295726,0.3041663
136731204478680,a,-0.64837974,5.8289833,6.8929067
136731243641701,g,1.9854531,-0.276536,0.14544189
136731244075555,a,-0.52148706,6.5735803,6.730101
136731244340659,g,1.6914402,-0.18811904,0.09537446
136731244624097,a,-0.55021745,6.9374986,6.777985
136731279711545,g,1.2546817,-0.21688119,0.08365655
136731280078420,a,-0.6052841,6.8393364,6.528988
136731280344826,g,1.0043446,-0.4288688,0.11667974
136731280626232,a,-0.5526117,6.6621656,6.349423
136731319740399,g,0.6805042,-0.35003924,0.20403142
136731320100607,a,-0.8423101,6.860884,6.157887
136731324662222,g,0.22457106,0.0025632926,0.18592194
136731324695868,a,-0.73935944,7.0308723,6.0956373
136731364771388,g,-0.5466804,0.32853422,0.08259128
136731365204982,a,-0.61486095,6.9973536,6.7372837
136731365469045,g,-1.495831,0.9282781,-0.101699464
136731365754409,a,-0.8207623,6.774693,7.517793
136731399818784,g,-1.8953052,0.94532233,-0.14963636
136731400175711,a,-0.36586395,6.09474,8.034941
136731400441284,g,-2.1104887,0.91336435,-0.16774586
136731400725451,a,-0.10729016,5.9151745,8.628703
136731456786909,g,-2.8029103,0.93147385,-0.09104682
136731457112378,a,-1.2612954,6.2695165,7.8050976
136731457383368,g,-3.3888059,0.7482484,-0.14644057
136731457669878,a,-1.9915268,6.0468554,7.5920134
136731457932378,g,-3.827695,0.76955366,-0.31688288
136731458299513,a,-1.9173067,4.7037086,8.53054
136731499065607,g,-4.0322256,0.9346697,-0.4596283
136731499364045,a,-1.3498808,2.7715878,8.913613
136731499627586,g,-4.0961413,0.47660595,-0.6183527
136731499910711,a,-0.06180033,0.6168062,11.042058
136731561706805,g,-3.736082,-0.23179488,-0.6098306
136731562066649,a,-1.7521068,-0.09427169,11.293449
136731564387899,g,-3.5890756,-0.5332647,-0.7983824
136731564770138,a,-3.0761003,1.2345103,11.020511
136731565033628,g,-2.9360685,-0.5993111,-0.72700965
136731565317795,a,-3.226935,2.2209213,10.972627
136731605444930,g,-3.259909,0.7439873,-0.59598213
136731605885607,a,-0.48796824,-1.4206594,10.127473
136731606150763,g,-4.29215,2.0862205,-0.50010836
136731606433315,a,-0.66035074,0.49949032,6.2704144
136731638729461,g,-3.3802838,1.8305571,-0.5033041
136731639087743,a,-1.4576199,1.7516578,8.046912
136731643833159,g,-2.7816052,-1.4983943,-0.7355318
136731643867274,a,-4.87654,-1.6074072,8.815451
136731680405972,g,-3.558183,-1.5058511,-0.44258407
136731680442951,a,-2.4655788,-4.2458177,11.250354
136731680461961,g,-3.0852056,0.06434863,-0.047370978
136731680479618,a,1.4776714,-8.550592,8.468291
136731725545763,g,-2.9669611,0.79405475,-0.089981556
136731725976232,a,-1.8837879,-5.0406923,-3.277662
136731726245763,g,0.68689585,-2.6957514,-1.5153054
136731726535815,a,-1.2493243,-5.074211,18.993202
136731760180763,g,1.1396332,-1.992677,-0.55443686
136731760542482,a,-3.502268,-0.29299045,19.079393
136731760810034,g,-3.474027,0.18472351,-0.18585536
136731761090867,a,-2.2884078,-3.6424787,10.33098
136731800200190,g,-6.402439,2.498478,-0.18798588
136731800560295,a,-1.2277765,-7.3343377,7.989451
136731800828211,g,-6.3960476,2.4718463,-0.41382194
136731801110190,a,-1.0625767,-5.7996545,5.7125654
136731844430607,g,-5.387242,1.1402657,-0.8527109
136731844865607,a,-0.97877955,-6.280889,6.9383965
136731845131076,g,-4.9036117,-0.2669486,-1.1083744
136731845413315,a,-2.4751556,-6.36708,4.261679
136731880287013,g,-3.5134418,0.72907364,-0.22740066
136731880647326,a,-1.1463737,-6.769306,4.3263226
136731880910347,g,-2.3043666,1.032674,-0.28492495
136731881192795,a,-1.6707039,-7.5474215,3.8067808
136731918405242,g,-1.8590862,1.6856811,-0.30516496
136731918765815,a,-1.7928082,-7.9616184,4.975151
136731919027222,g,-1.9826568,1.4406703,-0.44258407
136731919310399,a,-1.8957589,-7.9735894,5.17387
136731965796024,g,-3.3398037,0.19218037,-0.73446655
136731966228888,a,-1.6491561,-7.947253,1.1468226
136731970914044,g,-3.211972,0.11122026,-0.5256747
136731970947482,a,0.30930093,-10.810719,4.2185836
136732022492117,g,-2.7049062,-0.2584265,-1.0476543
136732022528732,a,-2.3626282,-8.76607,3.53863
136732022547482,g,-2.490788,-0.4885236,-1.252185
136732022565294,a,-1.9532197,-7.612065,2.7269957
136732022582117,g,-2.9573739,0.12080765,-1.0316753
136732022598419,a,-2.0801125,-7.576152,0.93373865
136732062335399,g,-4.139817,-0.9934589,-1.3587115
136732062709409,a,-0.9093477,-9.623195,-1.3862427
136732062975555,g,-5.1976247,-0.6302038,-1.8476678
136732063257638,a,-0.4233248,-8.804378,-2.4109612
136732100536857,g,-5.7078867,-0.33086446,-2.2300978
136732100893211,a,-0.1599626,-8.785224,-2.5570073
136732101158888,g,-5.3371744,0.50110704,-1.7762952
136732101442951,a,0.75701666,-4.999991,-3.9671922
136732139274774,g,-4.6713843,1.6590495,-1.0955912
136732139632794,a,1.5255554,-7.4396825,-7.6255326
136732139900451,g,-2.490788,1.0838066,-1.0742859
136732140184722,a,2.1217117,-9.651925,-6.081272
136732181221857,g,-1.3221929,-0.590789,-1.7379457
136732181586440,a,1.4585178,-14.40681,-3.7852328
136732181852846,g,-1.2849087,-0.80490714,-1.8093183
136732182138003,a,0.5223849,-12.778752,0.7589619
136732240929096,g,-0.83430177,-1.1404655,-1.8295584
136732241284930,a,1.520767,-10.973524,2.6551697
136732241554774,g,-1.6502943,-1.980959,-1.8252974
136732241890763,a,2.6651955,-6.168361,-1.6591818
136732242153367,g,-2.7911925,-3.1857731,-1.7059877
136732242451753,a,2.9165866,-5.1029415,-6.3063273
136732285617638,g,-1.773865,-6.2963457,-2.215184
136732286078367,a,-1.7808372,-6.2282166,-4.498705
136732290753471,g,-3.7563221,-11.75263,-2.6189194
136732290786544,a,-6.574029,-6.197092,0.20350714
136732339886024,g,-7.9321585,-10.613862,-1.6878783
136732339922586,a,2.3515549,-4.6648026,-6.3446345
136732339941544,g,-7.308979,-0.3926498,0.90817124
136732339959096,a,-0.11207857,-2.7350762,-10.668563
136732339977169,g,-2.169078,4.974152,2.143878
136732339993836,a,0.6277298,-3.0104094,-10.761936
136732406540711,g,0.3428154,3.5957003,1.2703611
136732407006232,a,-0.40895957,-1.9976621,-10.072407
136732407275763,g,0.22457106,1.5386746,0.5736782
136732407577534,a,0.42422262,-3.125331,-8.365341
136732407836648,g,-1.6289891,-0.66109645,0.016544888
136732408134513,a,0.7043442,-5.284901,-5.317522
136732439576284,g,-1.4052836,-0.5854627,-0.06974153
136732439964982,a,1.1161469,-5.3471503,-4.039018
136732440230190,g,-0.5402888,2.531501,0.22533672
136732440532326,a,0.66364276,-3.4222121,-8.183381
136732480843159,g,-1.346694,4.5075665,0.6098972
136732481231388,a,0.77138186,0.14514847,-12.040441
136732481496388,g,-1.3935657,2.330166,0.4927181
136732481797951,a,0.1225532,0.41569328,-13.426683
136732526315711,g,-2.0700085,0.16235295,-0.19224694
136732526785867,a,1.6213235,-2.6393082,-12.765883
136732527047898,g,-1.3882393,0.49151966,-0.18372482
136732527348888,a,0.8120833,-2.720711,-10.31901
136732562677117,g,-1.9805263,0.7567705,-0.0974384
136732563063836,a,2.8950388,-4.9712605,-11.429919
136732563338419,g,-1.9666779,-2.5796378,-0.49478203
136732563622326,a,0.86714995,-0.74788874,-3.4165258
136732600954357,g,-0.45506763,-6.2036676,0.61309296
136732601312013,a,1.9780595,-0.26904842,-11.705252
136732605865450,g,-5.6674066,-0.09011471,0.39790955
136732605898992,a,-0.461632,-0.0966659,-11.33894
136732668335398,g,-3.216233,1.6260263,0.411758
136732668766544,a,-0.38022915,1.2273277,-12.404359
136732669035763,g,-6.495117,0.8441222,0.27114308
136732669321805,a,-0.36107555,1.6367362,-10.623073
136732669585138,g,-6.2469106,-3.1026826,0.39258322
136732669866909,a,0.5463269,1.9886838,-6.131551
136732701048055,g,-5.032509,-2.6424882,0.46715173
136732701409044,a,0.9796774,3.520973,-7.2783732
136732701672534,g,-5.5395746,0.55330503,0.5310676
136732701955503,a,-1.3666402,5.4267573,-8.973468
136732739913940,g,-5.050618,1.3724934,0.6258761
136732740267690,a,-0.64119714,6.4730234,-9.622296
136732740534617,g,-4.9036117,2.2843597,0.4564991
136732740818159,a,0.47210664,6.204873,-9.631873
136732786578784,g,-3.9565918,1.8816898,0.14544189
136732787014565,a,-0.27488428,8.297405,-9.598354
136732787282065,g,-3.7531264,0.8015116,0.003761715
136732787565242,a,0.13452421,7.1817074,-7.1730285
136732821158211,g,-3.715842,-0.5897237,-0.5075652
136732821511075,a,2.303671,7.75871,-6.8186865
136732821781909,g,-3.2908015,0.65237457,-0.41595247
136732822065242,a,-0.28446108,8.560767,-6.1985884
136732861195607,g,-3.6178377,0.19537616,-0.28812075
136732861552638,a,-0.0163105,9.221567,-7.374141
136732861821127,g,-2.6367292,-0.9646968,-0.30196917
136732862156284,a,1.5494974,9.326912,-7.335834
136732906684669,g,-3.078814,-0.24457805,-0.20609538
136732907149252,a,1.0778397,9.312547,-4.297592
136732907415450,g,-3.0926623,0.57780606,-0.051632036
136732907715034,a,0.5199907,7.8496895,-3.1004913
136732940439773,g,-2.92222,1.6824853,0.044241764
136732940475450,a,-0.27488428,6.844125,-1.1540052
136732940494200,g,-1.4084793,2.1501365,0.15822506
136732940512638,a,-1.6228198,11.326071,-5.29358
136732981601284,g,-0.64255416,0.30083734,0.22853251
136732981637638,a,0.15128362,11.943774,0.5315128
136732981656440,g,-0.9227187,-1.2331434,-0.46815044
136732981674252,a,2.4425347,8.141782,0.0
136733024531075,g,-3.369631,1.3128386,-0.36908084
136733024997430,a,0.20635025,8.974964,-1.0342951
136733025262846,g,-2.2500381,2.2225745,-0.23059645
136733025565034,a,0.5367501,9.836877,-1.5825673
136733063135502,g,-0.87904286,1.6782242,-0.5938516
136733063544721,a,-0.2629133,9.779416,-2.4660277
136733063810971,g,-1.5245931,0.94532233,-0.8878646
136733064116284,a,-0.7992145,9.511266,-2.9281087
136733101399617,g,-2.3427162,-0.7345997,-1.1467239
136733101792586,a,-1.8813937,10.935816,-1.4389153
136733102057586,g,-2.3523035,-3.5096135,-0.9315404
136733102360294,a,0.2805705,10.476129,-1.5586253
136733145767117,g,-3.7605832,-2.5838988,-0.5576326
136733146234721,a,2.234239,10.775404,-1.5849615
136733146501700,g,-3.9267645,-0.67601013,-0.27320704
136733146803679,a,0.42661682,9.1473465,0.9768343
136733181494669,g,-2.7677567,1.362906,-0.101699464
136733181883211,a,-1.1918635,9.0515785,0.5722142
136733182150346,g,-2.8838706,1.8305571,-0.40743035
136733182473679,a,0.8527847,6.5855513,0.4429273
136733221518575,g,-2.4758742,-1.3854762,-0.5842643
136733221910242,a,-0.75372463,7.1218524,2.908955
136733222170659,g,-3.0244853,-2.4613934,-0.41914827
136733222473054,a,-0.8854057,7.8712373,5.849035
136733260941179,g,-5.734518,-2.3047996,-0.39571244
136733260977325,a,-0.995539,6.700473,6.0836663
136733260997065,g,-5.246627,1.1157646,-0.5373926
136733261013940,a,-0.28446108,6.1043167,5.74369
136733301616388,g,-3.6615136,1.3437312,-0.6183527
136733302003367,a,-0.2988263,6.9111624,4.7285485
136733302269461,g,-2.4439163,0.048369665,-0.9560415
136733302570502,a,0.8168717,6.90398,6.0357823
136733340561179,g,-2.9786792,-1.0445917,-0.91449624
136733341040763,a,1.1616367,6.85849,5.650316
136733341347273,g,-4.542487,-0.96043575,-0.37440714
136733341564617,a,-0.9117419,4.1769843,7.067683
136733387154356,g,-4.2655187,-0.59505004,-0.4266051
136733387619513,a,-0.48796824,4.636671,8.3150625
136733387886388,g,-3.2673657,-0.70370704,-0.5682853
136733388320138,a,-0.03067571,2.005443,8.094796
136733421713731,g,-3.078814,0.32746893,-0.23379225
136733422100867,a,-0.55021745,3.3222542,4.6375685
136733422364773,g,-2.5738785,0.4755407,-0.053762563
136733422665971,a,0.120159,3.4826655,4.5561657
136733461730242,g,-1.540572,-0.22327277,-0.03565307
136733462118784,a,0.25184008,3.856161,9.399636
136733462381492,g,-1.4617425,-0.0815926,-0.020739367
136733462685867,a,-0.52388126,4.7037086,11.932701
136733507198367,g,-2.3597605,-0.49384993,-0.16881113
136733507665606,a,-0.4305074,2.9703064,10.500969
136733507931127,g,-2.2244718,-0.59824586,-0.35097134
136733508316752,a,-0.44966102,1.2823943,10.737994
136733540787325,g,-1.9464378,-0.032590434,-0.26255438
136733541144513,a,0.036361936,2.6590602,11.506534
136733543469148,g,-0.5882257,0.62787354,-0.289186
136733543844721,a,-0.0043394906,4.093187,12.050017
136733609069408,g,0.039215047,0.31788155,-0.32966605
136733609503783,a,0.06748656,2.7691936,10.077195
136733609777898,g,-1.8473682,-0.60889846,-0.37653768
136733610058419,a,-0.50472766,0.7053917,9.222465
136733610318002,g,-2.059356,-1.0584401,-0.3520366
136733610599148,a,-0.50712186,0.44202948,10.242394
136733639377950,g,-0.38902125,-1.6432703,-0.3520366
136733639732638,a,-0.7896376,2.0629041,11.21444
136733639997481,g,0.08289089,-0.68559754,-0.24764068
136733640281596,a,0.17043723,1.1698668,11.947066
136733681988106,g,-1.1549463,0.37753636,-0.20503011
136733682343002,a,0.30690673,1.1866262,10.213664
136733682605294,g,-1.1485548,0.5447829,-0.09317735
136733682890086,a,-0.44487262,1.6630723,9.085996
136733727448002,g,-0.6372279,-0.71435964,-0.117678426
136733727884981,a,-0.93328977,0.9304466,10.807426
136733728147950,g,-0.33788857,-1.0254169,-0.21461749
136733728587533,a,-0.75372463,0.5090671,10.860099
136733783791231,g,-0.36132437,0.5863282,-0.3104913
136733784146075,a,0.120159,0.7317279,10.512939
136733784409096,g,-0.15572834,1.4268218,-0.26681545
136733784694565,a,-0.1479916,1.2632407,9.725247
136733784954044,g,-0.45506763,0.9165602,-0.3104913
136733785231544,a,-0.1503858,-1.5547347,10.04607
136733827538054,g,-1.7706692,-0.5407216,-0.47880307
136733827970033,a,-0.51191026,-1.5212159,13.464991
136733828365606,g,-0.24308002,-1.2864066,-0.43406197
136733828701596,a,0.6277298,0.39893386,9.77792
136733882398888,g,-0.21538316,-0.13272528,-0.14963636
136733882782742,a,0.3907038,0.28401217,9.361329
136733883047481,g,-0.072637714,0.011085408,-0.07932891
136733883350294,a,-0.5574001,0.602441,9.871294
136733898871127,g,-0.023635555,-0.0027630297,-0.12193949
136733898913263,a,-1.0290579,0.22894554,9.909601
136733941158575,g,0.06371613,-0.015546203,-0.22527014
136733941193262,a,-0.24375966,-0.07032967,10.01734
136733941211596,g,0.002996056,4.3276369E-4,-0.28172916
136733941228419,a,1.3244425,-0.8245032,9.840169
136733941244721,g,-0.018309232,4.3276369E-4,-0.17733324
136733941261387,a,-0.07377134,-0.29299045,9.866506
136733978899981,g,-0.0055260593,0.001498028,-0.20183432
136733978933523,a,-0.23657705,-0.2546832,9.78989
136733978953210,g,0.03495399,-0.011285145,-0.49158624
136733978971335,a,-0.124049574,-0.032022446,9.646238
136734022334721,g,0.0051265853,-0.0016977652,-0.7951866
136734022371492,a,-0.025887307,-0.5300164,9.337387
136734022390554,g,-0.07050719,0.012150672,-0.93686676
136734022407794,a,1.5375264,1.0621277,9.861717
136734063747846,g,0.13615412,-0.014480938,-0.43938828
136734064150867,a,1.1137527,-4.0925884,10.527305
136734064416440,g,-0.0129829105,-0.0080893515,-0.28066388
136734064719929,a,0.13691841,-0.6712743,9.320627
136734102213627,g,0.020040287,-0.0070240875,0.029328061
136734102603887,a,0.1249474,0.1690905,9.825804
136734102870346,g,-0.008721853,-0.003828294,-0.0047604004
136734103172846,a,0.09861118,0.07092822,9.751583
136734141316335,g,-0.010852382,-0.0027630297,-0.0026298715
136734141702481,a,0.09382278,0.13317747,9.698911
136734141967273,g,0.002996056,-0.0016977652,-0.003695136
136734142261127,a,0.13931261,0.11881226,9.7563715
136734187870658,g,-1.9973709E-4,-6.3250074E-4,-4.993427E-4
136734188426856,a,0.11776479,0.12360066,9.710882
136734188698054,g,0.004061321,-6.3250074E-4,-4.993427E-4
136734188984512,a,0.10818799,0.12599486,9.842564
136734220576127,g,8.6552737E-4,-6.3250074E-4,0.0016311861
136734220611231,a,0.115370594,0.14993688,9.775525
136734220630554,g,-1.9973709E-4,-0.0016977652,-4.993427E-4
136734220647689,a,0.10100538,0.1738789,9.653421
136734264439825,g,0.0019307918,-0.0016977652,-0.0015646071
136734264475710,a,0.06988076,0.14275427,9.785102
136734264495606,g,8.6552737E-4,-0.0016977652,5.659217E-4
136734264513106,a,0.08664017,0.317531,9.751583
136734308851804,g,-1.9973709E-4,-0.0027630297,-0.032457277
136734309286075,a,-0.96920276,0.25288755,9.797073
136734309553002,g,0.0051265853,-6.3250074E-4,-0.25403228
136734309837377,a,-1.2205939,0.82510173,10.33098
136734342062221,g,0.07756457,-0.0016977652,-0.50436944
136734342422741,a,2.2055087,-1.190816,9.267955
136734342684096,g,-0.03641873,-0.0016977652,-0.61728746
136734342964304,a,0.065092355,-1.0304046,6.9719152
136734383398991,g,-0.39647812,0.07819707,-0.20183432
136734383758575,a,0.9198224,-0.067935474,9.837775
136734384021023,g,0.10526144,-0.018741995,-0.047370978
136734384301856,a,0.90306294,-0.4103063,9.646238
136734428834564,g,0.06371613,-0.009154616,-0.30090392
136734429270814,a,0.41704002,0.67666125,9.782708
136734429535866,g,0.030692931,0.001498028,-0.56295896
136734429818262,a,-1.6491561,0.37499183,9.698911
136734484705398,g,8.6552737E-4,-6.3250074E-4,-0.5256747
136734485064356,a,0.6013935,-0.47016135,9.706094
136734485327794,g,0.014713965,-6.3250074E-4,-0.28492495
136734485659252,a,0.36915597,-0.26665422,9.7084875
136734485921491,g,-1.9973709E-4,4.3276369E-4,-0.21248697
136734486218679,a,-0.06419453,0.25049335,9.7084875
136734522750814,g,-0.011917646,-0.0027630297,-0.24657543
136734523139304,a,0.22550388,0.59047,9.694122
136734530270866,g,-0.016178703,-0.0027630297,-0.30516496
136734530296908,a,0.36915597,-0.087089084,10.5680065
136734564576700,g,-0.2409495,-0.023003053,-0.23911858
136734564981439,a,0.47450083,0.1714847,13.113043
136734565249043,g,-1.4521551,-1.3620404,-0.16241954
136734565551648,a,0.30690673,-0.6688801,13.2351465
136734603668783,g,-3.377088,-3.2432973,-0.118743695
136734603705450,a,1.1209353,-2.1532853,10.0508585
136734603724356,g,-4.511595,-0.64937854,-0.16987638
136734603741856,a,1.3292309,-3.7765539,9.78989
136734647620710,g,-3.9139812,-1.1862718,-0.103829995
136734648085971,a,2.1073463,-3.613748,12.995727
136734648473939,g,-3.191732,0.0046938215,-0.05695836
136734648780971,a,1.5901989,-5.644031,13.445837
136734704649096,g,-3.744604,2.3504062,0.06874284
136734705034148,a,-0.5789479,-5.6727614,8.678981
136734705301283,g,-4.4956155,1.814578,-0.43832302
136734705603262,a,0.938976,-6.03668,7.8146744
136734705863783,g,-4.266584,-0.1625527,-1.3075788
136734706161804,a,1.3268367,-6.6112885,8.437167
136734747702585,g,-4.5222473,-1.332213,-1.8178405
136734748288471,a,3.2996588,-6.8914104,8.863335
136734748557273,g,-4.803477,-1.9905465,-1.9083879
136734748855241,a,2.5454853,-7.504326,7.8888946
136734804748679,g,-6.3246746,-1.2448614,-1.7347498
136734805139564,a,2.5694273,-9.953594,2.3630772
136734805403210,g,-5.319065,-0.2520349,-1.6718992
136734805728418,a,4.288464,-10.633548,2.0039468
136734805991700,g,-5.756889,-3.3775208,-2.6796393
136734806293002,a,3.7425861,-9.982325,9.172187
136734847796960,g,-7.4549203,-4.8497167,-2.3259716
136734848384095,a,3.7377977,-7.5210853,4.474763
136734852862950,g,-7.961986,-2.077898,-2.0564597
136734852896387,a,4.460847,-3.8435915,-1.2689269
136734905257689,g,-7.0650334,-0.17000954,-1.7890784
136734905293731,a,4.5733743,-5.1484313,-3.2082303
136734905312950,g,-6.141449,0.6193514,-2.3653865
136734905329720,a,5.033061,-7.71741,-3.3279405
136734905345970,g,-5.185907,1.656919,-3.0801787
136734905363314,a,3.1368532,-8.610447,-1.1803415
136734947895918,g,-3.4953322,0.53732604,-4.076201
136734948478679,a,4.214244,-6.1132946,2.2050598
136734948744616,g,-0.90141344,-2.7532759,-4.485263
136734949049877,a,6.172701,-0.039205052,-0.093373865
136734983204981,g,-2.0337896,-6.3240423,-3.7715354
136734983592637,a,4.0777745,0.12120646,-5.901707
136734983858627,g,-2.2926488,-4.9871354,-2.6231804
136734984163523,a,5.461623,-3.9417539,-8.643068
136735023357012,g,-1.2508202,-1.3971941,-1.9712385
136735023743158,a,3.1488242,-5.8834515,-7.0006456
136735024014616,g,-3.3781533,-3.0547457,-1.8412763
136735024315606,a,6.0697503,-4.6671968,-3.8833952
136735065060397,g,-4.7779107,-4.932807,-2.1640513
136735065465085,a,5.724985,0.38935706,-1.1492168
136735065730189,g,-4.2601924,-3.1910994,-1.8934742
136735066029095,a,4.4680295,-0.59944826,-5.619191
136735103409668,g,-4.502007,2.0169783,-1.670834
136735103801804,a,4.604499,-0.42467153,-11.729194
136735104065189,g,-5.359545,2.7552066,-1.3320799
136735104392429,a,5.368249,-0.18046296,-8.3390045
136735141106700,g,-5.3819156,-1.1308781,-1.4908043
136735141492481,a,5.6914663,0.863409,-3.2704794
136735141758106,g,-6.432266,-2.4954817,-1.598396
136735142061022,a,5.492748,2.929605,-4.4939165
136735190029095,g,-6.778477,0.5746103,-1.1893344
136735190492377,a,7.975535,4.959888,-10.311827
136735190760554,g,-6.62934,1.9541277,-1.0934607
136735191064825,a,5.8734255,4.742016,-11.341333
136735243360658,g,-6.651711,-0.7473829,-1.6271582
136735243397220,a,5.8614545,5.386056,-8.173804
136735243416387,g,-5.4873767,-0.7995808,-1.4386063
136735243433679,a,5.83033,4.804265,-5.303157
136735243450970,g,-4.6756454,0.7141599,-0.5501758
136735243467324,a,4.4536643,6.61907,-3.2968156
136735290552741,g,-4.8578057,2.515522,0.20616196
136735291016074,a,9.831041,7.4235215,-4.5418005
136735291285189,g,-4.425308,0.44145223,-0.51502204
136735291589199,a,5.18629,7.6437883,-7.587225
136735323381022,g,-4.397611,-1.074419,-1.6761603
136735323769252,a,4.93011,9.097069,-2.5809495
136735324034616,g,-3.736082,-1.1734886,-1.5664381
136735324335293,a,4.812794,8.371626,1.4652514
136735363557689,g,-3.010637,2.4484105,-0.4660199
136735363944824,a,6.4504285,10.456975,1.0247183
136735364209199,g,-5.01653,2.3291008,-0.75257605
136735364508470,a,6.929269,8.393173,-2.9640217
136735409045033,g,-6.64745,0.47021437,-0.9272794
136735409509252,a,8.55972,9.966164,0.260968
136735409775866,g,-3.9704401,0.42334273,-0.46388936
136735410078106,a,5.2772694,10.3252945,0.06943185
136735441467793,g,-3.2535174,2.6337664,0.17526929
136735441832689,a,2.375497,10.136152,0.5554548
136735442096491,g,-2.49931,2.5261748,-0.29770812
136735442377116,a,5.3730373,6.6094933,4.7620673
136735510823366,g,-3.0681612,0.48193228,-1.4758905
136735511256699,a,4.448876,7.6581535,2.6743233
136735516112168,g,-3.5177028,1.1828762,-1.695335
136735516144720,a,5.3371243,11.189601,0.39264908
136735516172012,g,-1.8601514,1.2627711,-1.5792212
136735516196804,a,3.8359601,9.520843,2.0901382
136735541235658,g,-1.3573467,0.944257,-1.9861523
136735541269824,a,4.654777,10.116999,6.10282
136735543549772,g,-2.3480425,1.6324179,-2.5241108
136735543928887,a,2.222268,4.648642,5.533
136735583646699,g,-2.8061063,2.647615,-2.5315676
136735583683262,a,2.3826797,5.6302648,6.5505357
136735583702324,g,-1.1400326,3.1323102,-2.3834958
136735583720189,a,1.4537294,5.740398,7.1227503
136735628851022,g,-1.0260494,1.6036557,-3.2644696
136735629284876,a,0.9317934,6.8752494,8.714894
136735629551647,g,-1.0452242,1.3032511,-3.7662091
136735629834668,a,-0.21502924,7.9358807,7.1275387
136735663845918,g,-1.1794474,2.1639848,-3.6682048
136735664205033,a,-0.9859622,7.5719624,4.951209
136735664468626,g,-0.015113439,2.5623937,-3.4082801
136735664751022,a,-2.7241526,7.569568,5.315128
136735703404043,g,1.7127454,2.7402928,-3.3880403
136735703758053,a,-3.547758,7.2942348,5.48751
136735704024147,g,2.3732095,1.9626498,-3.7363818
136735704308210,a,-2.8725932,8.345289,6.26802
136735747208991,g,1.1236542,-0.060287308,-3.818407
136735747646231,a,-3.2245407,9.221567,4.733337
136735747913210,g,1.0639994,-0.01021988,-3.60855
136735748371856,a,-4.4551606,6.398803,0.4357447
136735783949876,g,0.90420973,0.65983146,-3.814146
136735784338470,a,-4.462343,5.3094416,-2.2888567
136735784605293,g,2.7673573,-1.1447265,-4.0186768
136735784906022,a,-3.9954736,4.730045,-4.060566
136735823430501,g,2.9623005,-5.639077,-3.9813926
136735823466751,a,0.4122516,6.801029,5.8083334
136735823485658,g,0.45253766,-8.809304,-3.584049
136735823503574,a,-2.1447558,6.420351,10.496181
136735864307428,g,-2.6463165,-7.3680015,-3.8002975
136735864343418,a,-0.5789479,2.3023243,14.20001
136735864361387,g,-4.1675143,-5.7679744,-3.7480996
136735864379095,a,-1.4600141,-0.5755062,13.170504
136735903375189,g,-4.2378216,-2.222774,-2.7371635
136735903767533,a,-2.2524948,2.9367876,8.803479
136735904034147,g,-2.5088975,-4.379935,-2.6157236
136735904340085,a,-5.697751,4.2392335,8.983045
136735942749668,g,-2.3885226,-5.1234894,-3.0748525
136735943228262,a,-4.8597803,0.7149685,11.145009
136735943540189,g,-4.3304996,-3.3136048,-3.2229242
136735943758887,a,-2.2261586,-0.8795698,7.45315
136735987363053,g,-4.021573,-0.3724098,-3.1504862
136735987826751,a,0.4002806,0.030226797,3.9671922
136735988096387,g,-1.8441725,0.69072413,-2.7147932
136735988467845,a,-3.5980363,-0.62817866,10.582372
136736024168522,g,1.8000971,-0.96682733,-3.2101412
136736024562272,a,-6.34658,2.3909097,15.749059
136736024828418,g,1.5913054,0.23266041,-2.9054754
136736025130866,a,-5.795913,2.6782138,13.955802
136736065984512,g,-1.12938,3.578656,-2.7627301
136736066390137,a,-2.9156888,-0.7838018,9.799467
136736066658626,g,-2.9275465,3.4998264,-2.597614
136736066952168,a,-2.1303906,-1.9162592,7.771579
136736108833470,g,-0.80447435,2.8745162,-2.0394154
136736109268678,a,-1.9292777,-0.5300164,6.981492
136736109538001,g,0.6496116,2.0649152,-1.7422067
136736109820814,a,-3.00188,-1.7342999,7.326257
136736143105032,g,-1.10914,-0.80703765,-1.505718
136736143501439,a,-2.9396307,-2.3448212,8.288726
136736143524251,g,-1.1901001,-2.899217,-1.0199574
136736143543678,a,-3.9595606,-0.9920973,11.906365
136736184574720,g,-0.7245796,-2.153532,-0.64178854
136736184610970,a,-4.1846156,-0.087089084,10.85531
136736184631335,g,-1.4542856,-0.0965063,-0.49797782
136736184648782,a,-3.7201405,-1.1644799,8.561666
136736228830710,g,-0.9631988,-0.41608563,-0.59598213
136736229269407,a,-3.2891843,-2.9361892,9.703699
136736229533730,g,-1.1336411,-0.518351,-0.86016774
136736229816491,a,-3.8542159,-3.2713773,9.234436
136736264407116,g,-1.7003617,0.069674954,-1.171225
136736264765449,a,-1.4264953,-3.790919,9.68694
136736265033730,g,-2.41835,1.2649016,-1.7006614
136736265315137,a,-1.5557822,-2.5483284,3.4811692
136736305058001,g,-2.8593695,0.8632969,-2.3536685
136736305414407,a,-0.25812486,-4.4134116,9.660604
136736305684876,g,-1.9837221,-3.8462372,-2.9534123
136736305970293,a,-2.8510454,-4.810849,10.565612
136736347283678,g,-1.9794611,-2.7532759,-2.8479512
136736347713939,a,-3.3394625,-6.544251,10.532093
136736347986543,g,-3.7904105,-2.1226392,-2.9544775
136736348402741,a,-3.8422449,-6.685509,8.743625
136736384512741,g,-3.9778972,0.93253917,-3.0865705
136736384869355,a,-2.230947,-5.390246,8.236053
136736385141855,g,-4.642622,5.803993,-3.242099
136736385474876,a,-0.8423101,-3.362357,4.098873
136736423350084,g,-1.8367156,8.809104,-2.9310417
136736423737012,a,1.7027264,-6.460454,3.6774938
136736424005553,g,2.976149,7.2463613,-4.043178
136736424304616,a,0.45055884,-5.9073935,9.095572
136736464213887,g,3.8592532,4.6417894,-4.9305434
136736464251387,a,-3.2915785,-4.683956,10.740389
136736464269459,g,4.6134605,4.5863957,-5.5590496
136736464285970,a,-4.3977,-5.0095677,11.942278
136736504931751,g,5.1972256,4.336059,-5.9180436
136736504968678,a,-2.539799,-5.4668603,14.300567
136736504987845,g,5.968477,7.6714015,-4.7174907
136736505005814,a,2.0115783,-3.6113539,14.657303
136736542954980,g,5.8353186,15.160211,-3.3038843
136736543342220,a,1.2286744,-4.8970404,3.6535518
136736545792584,g,3.4533875,7.9494357,-2.561395
136736546199876,a,0.5391443,-6.4532714,-0.37588966
136736588798730,g,5.4752593,-2.7628632,-1.6857476
136736589263001,a,-5.989844,-5.7278285,1.0510546
136736589531439,g,4.808404,-10.357134,-1.2085092
136736589829147,a,-6.9834375,-6.0630164,5.5880666
136736624762168,g,1.6328506,-10.655408,-2.3685822
136736625146334,a,-2.5565586,-3.0199862,11.116279
136736625412689,g,2.7907932,-2.6360967,-2.9779134
136736625716022,a,-4.4072766,-0.2546832,9.986216
136736664783261,g,1.7574866,7.007742,-2.9246502
136736665174147,a,-3.4735377,-2.82845,10.481815
136736665438886,g,0.937233,4.771752,-2.6263762
136736665741439,a,-1.1751041,-3.755006,12.253524
136736710359459,g,0.65493786,0.38605848,-2.2567294
136736710822376,a,-3.6770449,-3.4150295,9.062054
136736711091855,g,0.31511852,-1.0776148,-2.0756345
136736711418522,a,-1.4001591,-2.3041198,8.236053
136736744509876,g,-0.8374976,-2.399608,-1.8913437
136736744898886,a,-1.613243,-4.430171,10.680533
136736745161959,g,-4.099337,-4.867826,-1.2809472
136736745467272,a,-2.3506572,-5.8331733,13.65892
136736785334668,g,-5.2881722,-2.4731112,-0.6854644
136736785370970,a,-3.1000423,-6.482002,13.747506
136736785389355,g,-5.919874,-0.6440522,-0.44577986
136736785407532,a,-1.9963154,-5.866692,13.745112
136736830236126,g,-6.8072395,0.9730192,-0.17413744
136736830701751,a,0.043544542,-5.366304,10.807426
136736830966491,g,-7.3601117,2.68916,-0.039914127
136736831267376,a,1.5638627,-6.924929,8.456321
136736864973678,g,-7.3313494,2.2864902,-0.14431004
136736865364147,a,0.55829793,-8.143578,8.508993
136736865631178,g,-8.432833,-0.06561363,-0.4873252
136736865934251,a,-1.6659155,-10.118794,7.3549876
136736904809407,g,-10.516491,-0.40223718,0.028262798
136736905201699,a,-2.7624598,-11.06211,4.2401314
136736905463105,g,-10.4334,-0.7857324,-0.25190175
136736905763209,a,-0.53106385,-9.910499,3.5098996
136736947358001,g,-8.618189,1.3394701,0.053829145
136736947819303,a,-2.159121,-8.718186,1.9776106
136736948087793,g,-6.2809987,3.1855733,0.23598936
136736948513001,a,0.5271733,-8.119636,2.5737667
136736985076543,g,-5.901765,4.5970483,-0.1815943
136736985464772,a,2.4425347,-5.356727,0.20590134
136736985731595,g,-6.02427,5.043394,-0.56082845
136736986033261,a,5.578939,-3.383905,-2.2457612
136737024769928,g,-4.4135904,4.1006355,-1.0370016
136737025159251,a,2.8256068,-1.8731636,-5.8681884
136737025423730,g,-3.4974627,1.0039119,-1.0923954
136737025749043,a,-3.2676363,-4.595371,-5.3199162
136737066924668,g,-3.3110416,-4.990331,-1.2564461
136737067333574,a,-3.5118449,-2.0551229,-4.8243165
136737067598626,g,-6.4940515,-7.071858,-0.29664284
136737067900761,a,-0.35389295,-0.6976105,-8.76996
136737105411803,g,-8.60008,-3.5245273,-0.1006342
136737105448522,a,-0.06180033,0.19542672,-11.906365
136737105467845,g,-6.189386,-2.069376,0.29244837
136737105485084,a,-0.23657705,1.5696985,-7.8793178
136737144927584,g,-6.737997,-0.68772805,0.72814155
136737144965084,a,0.23029228,3.3246484,-6.6534867
136737144984147,g,-11.335679,0.67474514,0.6631604
136737145002480,a,1.2526164,3.6981437,-11.585542
136737188512063,g,-8.973988,-0.7793408,1.5302856
136737188985345,a,-0.95962596,4.6630073,-14.987702
136737189253105,g,-4.060988,3.0119352,1.6048541
136737189560657,a,-0.64837974,3.3868976,-15.114595
136737225296647,g,-7.269564,1.1061772,0.8261458
136737225685813,a,0.37394437,3.0900166,-9.488221
136737225952688,g,-8.054664,0.0952413,0.9028449
136737226256074,a,1.1520599,3.0852282,-9.066842
136737265345761,g,-5.838914,2.4239094,1.2181631
136737265738834,a,3.9748237,6.0612206,-11.15698
136737266004095,g,-5.2881722,1.6281568,0.20616196
136737266308209,a,2.1169233,6.918345,-2.7509377
136737311899876,g,-5.262606,0.40416798,0.5491771
136737312370970,a,3.337966,7.3756375,-6.789956
136737312638053,g,-5.7813897,1.3788849,1.354517
136737312938365,a,3.0793922,9.954193,-3.289633
136737344780917,g,-6.4684854,1.5194998,2.0181768
136737345164667,a,4.6619596,8.725967,2.4468741
136737345435449,g,-7.679691,1.733618,3.0078075
136737345728886,a,3.979612,12.554296,4.72376
136737385458730,g,-12.321049,4.379735,3.352953
136737385815865,a,3.4002154,11.165659,-2.6264393
136737386083834,g,-6.813631,6.5805707,4.896521
136737386369563,a,-0.38022915,9.1473465,-2.8179753
136737432081907,g,-1.9251325,5.0593734,4.0911813
136737432514928,a,0.043544542,9.343672,-4.4963107
136737432782792,g,-2.2138193,6.1949453,3.0845065
136737433067376,a,2.8663085,11.577461,-0.9935937
136737465753365,g,-3.0287466,1.1519836,1.9808925
136737465790240,a,3.5438673,6.583157,4.522647
136737465809251,g,-2.192514,-0.7345997,1.2639695
136737465826438,a,6.790405,7.150583,6.241684
136737505573053,g,-4.4029374,-1.8403442,0.7675563
136737505931282,a,2.4545057,6.700473,12.753913
136737506312011,g,-3.8820233,-3.5788558,1.1819441
136737506532740,a,11.339388,9.676465,14.288596
136737547891074,g,-8.459465,-3.116531,4.2009034
136737548425761,a,8.401703,0.66469026,-0.6919243
136737550698157,g,-5.4181347,-3.1857731,3.1654665
136737551076803,a,6.0482025,4.555268,6.2728086
136737585644563,g,2.5191507,0.49897653,3.4861112
136737586001230,a,8.547749,8.017283,3.3686419
136737586269824,g,1.8235329,2.418583,4.706904
136737586553678,a,7.0681324,6.039673,4.7189717
136737624777167,g,-0.46358976,-0.95191365,3.34017
136737625132167,a,10.032154,5.658995,3.1794999
136737625397480,g,-0.13229252,2.635897,4.905043
136737625682271,a,9.3043165,7.164948,5.6790466
136737665711074,g,-3.377088,2.9373667,5.2182307
136737666071594,a,6.443246,0.98551327,4.5058875
136737666337219,g,-3.1842752,3.808753,5.7295575
136737666671074,a,3.7377977,0.001496376,6.2823853
136737704751907,g,-2.4013057,6.2407517,7.765278
136737705137792,a,0.07227496,0.887351,5.5138464
136737705407011,g,-2.1392508,8.454371,10.040683
136737705709199,a,-3.370587,2.0126257,0.5386954
136737746089199,g,-1.12938,6.484697,8.806042
136737746125240,a,-0.61486095,-3.218705,-3.0933087
136737746144355,g,2.230464,-2.2685804,2.184358
136737746161594,a,7.3578305,-12.108376,7.917625
136737791280032,g,9.2526865,-2.9524803,3.1782496
136737791754563,a,-2.1279964,-4.250606,19.529503
136737792023782,g,14.894327,6.049004,4.8219523
136737792329251,a,4.487183,15.669152,19.529503
136737824772011,g,6.391387,1.2318784,2.2962108
136737825161646,a,4.3985972,6.1761427,3.9576154
136737825427688,g,-5.112404,0.93893075,2.032025
136737825730657,a,4.1974845,2.1395185,9.217676
136737865919459,g,-8.505271,0.26461834,3.9260654
136737866307011,a,2.4760535,-4.114136,8.078036
136737866573678,g,-6.1307964,-2.677642,3.667206
136737866873730,a,-2.8510454,-6.2114573,2.8491
136737911273365,g,-0.8907608,-3.0132003,3.1207254
136737911737792,a,-1.8550574,-3.51798,9.581595
136737912007480,g,1.7787919,-1.6709671,3.287972
136737912315813,a,-0.8973767,0.3103484,14.065935
136737945820292,g,3.942344,3.901431,2.7713187
136737946211126,a,0.6923732,1.373374,12.8927765
136737946479719,g,0.7369633,6.0458083,2.510329
136737946782323,a,1.7194858,-1.9569606,11.35091
136737986021803,g,-2.2031665,5.803993,2.4698489
136737986411490,a,0.49365446,-3.6281135,7.228095
136737986679719,g,-0.7863649,4.3019705,2.2386866
136737986971178,a,0.050727148,-2.354398,4.5681367
136738028305605,g,0.11484882,2.559198,1.8594524
136738028663626,a,-1.9843442,-1.7678187,4.223372
136738028934771,g,0.58143467,1.016695,1.3992581
136738029221282,a,-2.8438628,-1.5643115,5.3223104
136738067873417,g,0.37796915,-0.43312985,1.189401
136738068312480,a,-2.7624598,-1.2267292,7.249643
136738068581698,g,0.5974136,-1.795603,0.81336266
136738068866750,a,-2.3099558,-0.21398178,11.676521
136738106070188,g,1.6797223,-2.3293006,0.5736782
136738106426073,a,-1.7975966,-0.053570263,11.858481
136738106693834,g,0.9148624,-0.4533699,0.59285295
136738106978313,a,-1.160739,-1.3608044,10.45069
136738147961855,g,-0.10672618,-0.76655763,0.63546354
136738148489615,a,-1.5462054,-1.7223289,10.728417
136738148757584,g,0.8967529,-1.5782892,0.6184193
136738149044094,a,-1.6180314,0.4468179,12.449849
136738186169355,g,1.8427078,-1.3471267,0.59072244
136738186526490,a,-1.1918635,2.7548282,11.719617
136738186790813,g,1.0639994,-0.60889846,0.36169055
136738187074771,a,-0.28446108,1.1171944,10.553641
136738226245032,g,-0.7810386,-0.45230463,0.14650714
136738226604719,a,-0.65556234,-1.6074072,10.606314
136738226867584,g,-1.0452242,-1.5143733,0.6077666
136738227152115,a,-1.4887445,-1.4493898,10.108319
136738266281855,g,0.36518598,-2.1961424,0.46395594
136738266642688,a,-1.778443,0.43005848,9.232041
136738266906334,g,0.8861003,-1.6326176,0.44265065
136738267195136,a,0.6061819,-4.573823,19.529503
136738306373469,g,0.48556083,-0.26268756,0.2977747
136738306730657,a,1.1951555,-1.0543466,8.841787
136738306995448,g,-0.8374976,-0.69731545,0.38299584
136738307328000,a,-0.39698857,-0.12779051,9.797073
136738348078105,g,-0.010852382,-6.3250074E-4,0.2764694
136738348571334,a,-0.49036244,0.3079542,9.797073
136738348840709,g,0.04560663,-0.0070240875,0.11135342
136738349140865,a,0.18480244,0.030226797,9.742006
136738388491230,g,0.018975023,-0.0016977652,0.08365655
136738388879615,a,0.3859154,-0.17328034,9.890448
136738389143313,g,0.08608668,-6.3250074E-4,0.06980811
136738389445396,a,0.13452421,0.20500351,9.775525
136738426423000,g,0.004061321,-6.3250074E-4,0.08046076
136738426814146,a,0.026785132,-0.35045126,9.864111
136738427078365,g,0.020040287,4.3276369E-4,0.027197532
136738427379355,a,0.13931261,0.10684125,9.76116
136738466437532,g,-0.023635555,0.0036285568,-0.07400259
136738466828677,a,0.060303956,-0.17806876,9.701305
136738467091802,g,-0.056658752,0.0046938215,-0.42873564
136738467392063,a,0.37633857,1.112406,9.497798
136738511996125,g,0.023236081,4.3276369E-4,-0.59598213
136738512462115,a,0.20635025,-0.017657237,9.696517
136738512728313,g,-0.02043976,-0.0027630297,-0.6045043
136738513027896,a,0.2614169,0.015861586,9.768343
136738546629094,g,0.040280312,-6.3250074E-4,-0.4660199
136738547018834,a,0.64927757,-0.47016135,9.696517
136738549346542,g,0.008322379,-0.0016977652,-0.16774586
136738549756177,a,0.14649522,0.35583824,9.935937
136738586582532,g,0.0051265853,-0.0027630297,-0.28492495
136738586973261,a,-0.27727848,0.54258597,9.667787
136738587237323,g,-0.105660915,-0.0027630297,-0.22740066
136738587537479,a,0.14410101,0.11162966,9.746795
136738628759823,g,0.055194013,-6.3250074E-4,-4.993427E-4
136738629147636,a,0.17283143,0.14514847,9.722853
136738629412427,g,0.011518172,4.3276369E-4,5.659217E-4
136738629707792,a,-0.21024084,0.30556,9.251195
136738666664615,g,-0.08648615,0.0025632926,-0.085720494
136738667023417,a,-0.07616554,-1.4110826,10.721235
136738667289459,g,-0.025766084,-6.3250074E-4,0.019740682
136738667571438,a,-0.13362639,0.27443537,9.639056
136738706168104,g,0.022170816,-0.0027630297,0.0058922437
136738706203052,a,0.06748656,0.14754269,9.720459
136738706222219,g,-0.015113439,4.3276369E-4,-4.993427E-4
136738706239563,a,0.10100538,0.14036007,9.768343
136738752307167,g,-0.021505026,4.3276369E-4,0.0026964506
136738752744250,a,0.10579379,0.13317747,9.80665
136738753009406,g,-0.004460795,4.3276369E-4,5.659217E-4
136738753290604,a,0.1225532,0.13557167,9.828198
136738786776386,g,0.0061918497,-6.3250074E-4,-4.993427E-4
136738787136698,a,0.15128362,0.11881226,9.763555
136738787402063,g,-1.9973709E-4,-6.3250074E-4,5.659217E-4
136738787681959,a,0.11776479,0.10444705,9.7803135
136738826806750,g,0.002996056,-6.3250074E-4,0.0016311861
136738827160656,a,0.1273416,0.14754269,9.813833
136738827426229,g,-1.9973709E-4,-0.0016977652,5.659217E-4
136738827707584,a,0.115370594,0.13078327,9.713276
136738866843104,g,8.6552737E-4,4.3276369E-4,-4.993427E-4
136738867206177,a,0.13931261,0.11162966,9.713276
136738867470969,g,0.002996056,-0.0027630297,5.659217E-4
136738867752844,a,0.08424597,0.14275427,9.715671
136738906871438,g,8.6552737E-4,-0.003828294,0.0016311861
136738907225240,a,0.09861118,0.116418056,9.7084875
136738907489875,g,-0.0033955304,-6.3250074E-4,-4.993427E-4
136738907774094,a,0.09142858,0.13796587,9.753978
136738946924823,g,8.6552737E-4,-0.0016977652,5.659217E-4
136738947281594,a,0.08664017,0.14514847,9.818622
136738947543261,g,8.6552737E-4,-0.0016977652,-0.0015646071
136738947926958,a,0.10818799,0.102052845,9.753978
136738988963938,g,-0.0012650015,-0.0016977652,5.659217E-4
136738989347427,a,0.16086042,0.09726445,9.799467
136738989635813,g,-0.002330266,4.3276369E-4,0.0026964506
136738989938365,a,0.15367782,0.12838906,9.746795
136739025082740,g,8.6552737E-4,-0.003828294,5.659217E-4
136739025119302,a,0.1225532,0.087687634,9.7563715
136739025137948,g,-0.0012650015,-6.3250074E-4,5.659217E-4
136739025155865,a,0.08903438,0.1666963,9.718064
136739068855604,g,-1.9973709E-4,-6.3250074E-4,-4.993427E-4
136739069262271,a,0.08424597,0.14514847,9.696517
136739069525969,g,8.6552737E-4,-6.3250074E-4,0.0016311861
136739069830240,a,0.09382278,0.09247604,9.753978
136739112506125,g,-1.9973709E-4,4.3276369E-4,-0.0015646071
136739112969511,a,0.04833295,0.12360066,9.734824
136739113233261,g,8.6552737E-4,-6.3250074E-4,-4.993427E-4
136739113536021,a,0.096216984,0.15711948,9.751583
136739146821646,g,-1.9973709E-4,-0.0027630297,0.0016311861
136739147204510,a,0.08903438,0.15472528,9.818622
136739147470708,g,-0.002330266,-6.3250074E-4,0.0016311861
136739147772167,a,0.08903438,0.14754269,9.701305
136739187155917,g,8.6552737E-4,-0.0027630297,0.0016311861
136739187542531,a,0.13213001,0.099658646,9.718064
136739187805448,g,0.0019307918,-0.0027630297,-4.993427E-4
136739188102948,a,0.09861118,0.13796587,9.78989
136739232621177,g,-0.0012650015,-6.3250074E-4,-4.993427E-4
136739233088156,a,0.11776479,0.12838906,9.715671
136739233355865,g,0.0019307918,-0.0016977652,0.0016311861
136739233656750,a,0.1249474,0.1810615,9.734824
136739288941490,g,8.6552737E-4,-0.0016977652,0.0016311861
136739289327792,a,0.08903438,0.080505036,9.746795
136739289595448,g,-0.0012650015,-6.3250074E-4,-4.993427E-4
136739289885917,a,0.1273416,0.116418056,9.792285
136739290148104,g,-1.9973709E-4,-0.0016977652,5.659217E-4
136739290425760,a,0.09382278,0.12120646,9.725247
136739332716281,g,8.6552737E-4,0.001498028,0.0016311861
136739333148781,a,0.08903438,0.12838906,9.821015
136739337844927,g,0.0051265853,-0.0016977652,-4.993427E-4
136739337878885,a,0.09861118,0.14514847,9.830592
136739390422635,g,-1.9973709E-4,-0.0027630297,5.659217E-4
136739390459510,a,0.1297358,0.10923545,9.828198
136739390478312,g,8.6552737E-4,-0.0027630297,0.0016311861
136739390496021,a,0.14649522,0.13796587,9.797073
136739390512479,g,-0.0012650015,-0.0027630297,0.0016311861
136739390528781,a,0.1225532,0.13557167,9.7803135
136739432837323,g,-1.9973709E-4,-6.3250074E-4,-4.993427E-4
136739433267010,a,0.112976395,0.11162966,9.811439
136739433530969,g,-1.9973709E-4,-0.0016977652,-4.993427E-4
136739433809510,a,0.120159,0.11881226,9.742006
136739467086281,g,-1.9973709E-4,-0.0016977652,-4.993427E-4
136739467443365,a,0.07706337,0.10684125,9.830592
136739467706698,g,8.6552737E-4,-0.0016977652,5.659217E-4
136739467990031,a,0.14888942,0.10444705,9.713276
136739507454042,g,8.6552737E-4,-6.3250074E-4,-0.0015646071
136739507810604,a,0.10579379,0.116418056,9.753978
136739508072896,g,-0.0012650015,-0.0016977652,0.0016311861
136739508420187,a,0.09142858,0.116418056,9.785102
136739552928156,g,-1.9973709E-4,-6.3250074E-4,-4.993427E-4
136739553361385,a,0.10818799,0.12599486,9.744401
136739555684042,g,0.0019307918,-0.0016977652,-0.0015646071
136739556060656,a,0.079457566,0.13557167,9.737218
136739587518521,g,8.6552737E-4,-0.0027630297,5.659217E-4
136739587875708,a,0.16325463,0.087687634,9.698911
136739588137427,g,-0.0033955304,0.001498028,-4.993427E-4
136739588668000,a,0.14170681,0.1619079,9.746795
136739627570708,g,0.004061321,-0.0027630297,-4.993427E-4
136739627958937,a,0.115370594,0.09726445,9.718064
136739628301698,g,-1.9973709E-4,-0.0016977652,5.659217E-4
136739634127010,a,0.115370594,0.12838906,9.715671
