1428280201532221433,a,-0.23572643,-0.06283889,-0.084111586
1428280201552227681,a,-0.31094402,-0.010247235,-0.092957035
1428280201572233929,a,-0.3581145,-0.033989046,-0.15580627
1428280201592240177,a,-0.2779914,0.078763425,-0.16906877
1428280201612246425,a,-0.23173901,0.16485298,-0.15506265
1428280201632252673,a,0.034776952,-0.17404036,-0.027709614
1428280201652258921,a,-0.12271247,-0.17852665,0.06368317
1428280201672265169,a,-0.16459477,0.028229542,0.107389316
1428280201692271417,a,-0.18539062,0.24907316,0.11514403
1428280201712277665,a,-0.3368581,0.2715374,0.07209632
1428280201732283913,a,-0.052458145,-0.11911221,0.33177128
1428280201752290161,a,-0.20064202,-0.12313602,0.25969675
1428280201772296409,a,-0.1723483,0.17836343,0.1703136
1428280201792302657,a,-0.23437554,0.49414453,0.18119903
1428280201812308905,a,-0.2036994,0.2637316,0.30705106
1428280201832315153,a,0.022924483,-0.12472279,0.5357108
1428280201852321401,a,0.07254084,-0.23960283,0.6677936
1428280201872327649,a,-0.06837779,0.038921658,0.56593686
1428280201892333897,a,-0.19700953,0.14387876,0.53971815
1428280201912340145,a,-0.10325751,0.25883597,0.33620986
1428280201932346393,a,0.00661157,0.31949052,0.06262002
1428280201952352641,a,-0.13476859,0.46044797,-0.056618534
1428280201972358889,a,-0.3153484,0.6175746,-0.28640017
1428280201992365137,a,-0.30342317,0.60398453,-0.2959746
1428280202012371385,a,-0.09769833,0.44628757,-0.4256003
1428280202032377633,a,-0.05481584,0.33547515,-0.5750699
1428280202052386813,a,-0.028587919,0.16008198,-0.51747346
1428280202072395993,a,0.034824587,-0.033396773,-0.36659843
1428280202092405173,a,0.092335746,-0.21927577,-0.37511894
1428280202112414353,a,0.13304548,-0.27404046,-0.23521715
1428280202132423533,a,0.10351718,-0.2647999,-0.22108105
1428280202152432713,a,0.06786716,-0.08784382,-0.442429
1428280202172441893,a,-0.14178064,0.042034402,-0.4338532
1428280202192451073,a,-0.25182694,-0.027796714,-0.38298374
1428280202212460253,a,-0.21306852,-0.070343815,-0.22845517
1428280202232469433,a,-0.05488553,-0.067212164,-0.27516988
1428280202252478613,a,-0.015214333,-0.0063752476,-0.3712461
1428280202272487793,a,-0.106515616,-0.03765461,-0.31915596
1428280202292496973,a,-0.11218442,-0.06289994,-0.2372404
1428280202312506153,a,-0.27957508,-0.16300508,-0.104067005
1428280202332515333,a,-0.26057047,-0.32687336,0.08870486
1428280202352524513,a,-0.25706217,-0.2270229,0.23174497
1428280202372533693,a,-0.33727852,-0.06411173,0.27247974
1428280202392542873,a,-0.41009304,0.06969492,0.2913266
1428280202412552053,a,-0.4023499,0.07415607,0.39892945
1428280202432561233,a,-0.13428162,-0.03522661,0.4010495
1428280202452570413,a,0.018070273,-0.04069058,0.25007054
1428280202472579593,a,0.07405784,-0.005562449,0.18696521
1428280202492588773,a,0.06385779,0.013765423,0.25700444
1428280202512597953,a,0.11532604,-0.081642285,0.18884806
1428280202532607133,a,0.068843834,0.071371466,0.027268292
1428280202552616313,a,7.4094255E-4,0.17235006,-0.116755456
1428280202572625493,a,-0.15217622,0.26829207,-0.008534519
1428280202592634673,a,-0.060331807,0.14095815,-0.03493714
1428280202612643853,a,-0.092340276,-0.034847174,-0.04891496
1428280202632653033,a,-0.17337926,0.06652936,0.077852294
1428280202652662213,a,-0.07654821,0.055580303,0.048094265
1428280202672671393,a,-0.066574104,-0.08003775,0.0460297
1428280202692680573,a,-0.1959926,-0.070773564,0.12209538
1428280202712689753,a,-0.17150767,-0.1874704,0.2064011
1428280202732698933,a,-0.24311626,-0.23212452,0.29416224
1428280202752708113,a,-0.3490427,0.0676671,0.18938681
1428280202772717293,a,-0.12552537,0.21276015,0.013821594
1428280202792726473,a,0.1737431,0.053280868,0.026330022
1428280202812735653,a,0.14393705,0.0861297,-0.02845304
1428280202832744833,a,-0.18780899,0.24259365,-0.08772569
1428280202852754013,a,-0.17318162,0.3985462,-0.15183438
1428280202872763193,a,-0.009993801,0.20376508,-0.0644743
1428280202892772373,a,0.2916323,0.016009515,-0.21441181
1428280202912781553,a,0.26163572,-0.07366409,-0.1566087
1428280202932790733,a,0.06043019,0.051890645,-0.07772747
1428280202952799913,a,0.029600792,0.15033412,-0.095415816
1428280202972809093,a,0.16156451,0.04123628,-0.17320514
1428280202992818273,a,0.2093118,0.15490746,-0.14474525
1428280203012827453,a,0.0950595,0.18889377,-0.08630139
1428280203032836633,a,-0.04327926,0.21538422,0.014460944
1428280203052845813,a,-0.06907007,0.11954661,0.07204522
1428280203072856173,a,0.17280559,0.03730499,-0.036554944
1428280203092866533,a,0.22426537,0.063655555,-0.044860866
1428280203112876893,a,0.13912609,0.25483206,0.0019587511
1428280203132887253,a,0.0057477243,0.22046617,0.035381608
1428280203152897613,a,-0.053342693,0.119868964,0.06581553
1428280203172907973,a,0.13839273,-0.02387369,0.020947106
1428280203192918333,a,-0.010209545,0.21714836,0.1220932
1428280203212928693,a,-0.28488624,0.34459293,0.059746988
1428280203232939053,a,0.17558154,0.13688855,0.034362298
1428280203252949413,a,0.032849498,0.035795055,-0.067612186
1428280203272959773,a,-0.26433355,0.118493855,0.08346194
1428280203292970133,a,-0.28241107,-0.18853393,0.09247839
1428280203312980493,a,-0.22274974,-0.33003116,0.093331546
1428280203332990853,a,-0.12057047,-0.25922292,0.20774966
1428280203353001213,a,-0.14355455,-0.06439237,0.069968864
1428280203373011573,a,-0.31494755,0.15214348,-0.05017536
1428280203393021933,a,-0.23405549,0.20817658,-0.07356939
1428280203413032293,a,-0.042616002,0.040883135,-0.11932105
1428280203433042653,a,0.16141273,-0.15369171,-0.0013810489
1428280203453053013,a,-0.0034863264,-0.038486812,-0.054878023
1428280203473063373,a,-0.1282116,0.028863028,-0.10659363
1428280203493073733,a,-0.28161415,0.113682926,0.024860352
1428280203513084093,a,-0.117555164,-0.006599635,0.015825013
1428280203533094453,a,0.00736978,-0.03717903,0.04095043
1428280203553104813,a,-0.0065435157,0.038778633,0.14959237
1428280203573115173,a,-0.25628573,0.111689016,0.11451471
1428280203593125533,a,-0.15407507,0.101945356,0.11833339
1428280203613135893,a,-0.08155679,0.15800555,-0.018567132
1428280203633146253,a,0.09894099,0.10118535,-0.13429226
1428280203653156613,a,-0.05567372,0.20564958,0.010629289
1428280203673166973,a,-0.2544799,0.21194541,-0.06760946
1428280203693177333,a,-0.15373799,-0.06301014,0.15337312
1428280203713187693,a,0.18235718,-0.10024734,0.06618118
1428280203733198053,a,0.26617408,-0.09365442,0.04845214
1428280203753208413,a,0.07116027,0.10604689,-0.073129505
1428280203773218773,a,0.01526087,0.13167684,-0.12777653
1428280203793229133,a,-0.011597988,0.017166685,-0.098220915
1428280203813239493,a,0.061652295,-0.09773244,0.040013626
1428280203833249853,a,-0.11480062,0.07265898,0.11305327
1428280203853260213,a,-0.08061452,0.13715073,0.040400896
1428280203873270573,a,0.050030474,-0.014082888,-0.08210123
1428280203893280933,a,0.13132235,-0.011842553,0.029922578
1428280203913291293,a,0.003330205,-0.0061235563,0.0030634906
1428280203933301653,a,-0.12095723,0.17991312,-0.06192965
1428280203953312013,a,-0.14086966,0.17620927,-0.22839053
1428280203973322373,a,0.091629624,0.042581804,-0.1407164
1428280203993332733,a,0.11257886,0.07900455,-0.13067625
1428280204013343093,a,0.042063624,0.02473765,-0.06229413
1428280204033353453,a,-0.047892544,0.09132359,-0.0052390415
1428280204053363813,a,-0.07418583,0.06508212,0.028077323
1428280204073374173,a,-0.07767522,0.08912701,0.07111756
1428280204093384801,a,-0.06687127,0.015820842,0.11044923
1428280204113395429,a,-0.052793376,0.0522368,0.13162108
1428280204133406057,a,-0.06798612,0.1227159,0.07373766
1428280204153416685,a,0.05653988,0.06569364,0.009860935
1428280204173427313,a,0.14357582,0.031113764,-0.01925407
1428280204193437941,a,-0.015588126,0.04430109,-0.016873285
1428280204213448569,a,-0.09186897,-0.030516047,0.0202422
1428280204233459197,a,-0.028856674,0.05466142,0.0038443431
1428280204253469825,a,0.011709203,0.1175395,0.008350548
1428280204273480453,a,-0.070166856,0.16426754,0.018662143
1428280204293491081,a,6.01224E-4,-0.03503905,0.024954237
1428280204313501709,a,-0.059390217,0.044250537,-0.06044423
1428280204333512337,a,-0.04782761,0.03574391,-0.05015699
1428280204353522965,a,0.13041328,0.018934311,-0.08035156
1428280204373533593,a,-0.032100536,0.011448935,2.9356987E-4
1428280204393544221,a,-0.14154327,0.09713131,-0.18955478
1428280204413554849,a,-0.08195705,0.06257845,-0.07378081
1428280204433565477,a,-9.326611E-4,0.014442435,-0.06260062
1428280204453576105,a,0.02601142,-0.021045642,0.010208603
1428280204473586733,a,-0.016513318,0.049514227,0.025693368
1428280204493597361,a,-0.040404703,0.039593533,0.015354389
1428280204513607989,a,-0.008882982,-0.0029994515,0.059568033
1428280204533618617,a,0.20844926,-0.035067383,0.14813253
1428280204553629245,a,0.036719564,0.07672587,0.059891775
1428280204573639873,a,-0.10618383,0.1124373,0.06485109
1428280204593650501,a,-0.0076276646,0.07990718,0.07789578
1428280204613661129,a,0.12510194,-0.0030446467,-0.0023945225
1428280204633671757,a,0.07741803,-0.0133240735,0.020287469
1428280204653682385,a,-0.08076603,0.20758931,0.062364303
1428280204673693013,a,-0.10316525,0.15190515,-0.022947984
1428280204693703641,a,-0.07042834,0.12727946,-0.0013851635
1428280204713714269,a,-0.038502943,0.08959342,-0.04680992
1428280204733724897,a,0.024440862,-0.05232974,0.09688008
1428280204753735525,a,0.023519095,0.04545515,0.16100962
1428280204773746153,a,-0.018637963,0.12099665,-0.032012105
1428280204793756781,a,0.08351549,0.1426679,-0.03301163
1428280204813767409,a,0.16940077,0.009012488,-0.081082195
1428280204833778037,a,0.20379753,-0.045163345,-0.1594243
1428280204853788665,a,0.0773007,-0.072957866,-0.0032157823
1428280204873799293,a,-0.13939232,0.11181288,-0.03647256
1428280204893809921,a,0.04941117,0.063871086,-0.060186155
1428280204913820549,a,0.14962015,-5.803937E-4,-0.07418872
1428280204933831177,a,0.096861914,0.005443479,-0.077974446
1428280204953841805,a,-0.01801851,0.1955469,0.040954843
1428280204973852433,a,-8.8980375E-4,0.08017741,-0.039588116
1428280204993863061,a,-0.004344195,0.09469694,-0.12437244
1428280205013873689,a,0.092077516,-0.036672596,-0.10169791
1428280205033884317,a,0.07701878,-0.09185816,0.1712891
1428280205053894945,a,-0.027390733,0.05217052,0.13762394
1428280205073905573,a,-0.1015847,0.19977209,-0.040858798
1428280205093916201,a,-0.081133164,0.10810215,-0.045645047
1428280205113926829,a,0.04977275,-0.013573898,0.045147687
1428280205133937257,a,0.13398787,-0.06669905,0.07335244
1428280205153947685,a,-0.033833645,0.13039118,0.0129946675
1428280205173958113,a,0.020405691,0.016720634,0.005861722
1428280205193968541,a,0.08918112,0.109109044,0.020146936
1428280205213978969,a,0.005207001,0.03291004,0.024390541
1428280205233989397,a,0.020035584,9.747362E-5,0.05140361
1428280205253999825,a,0.006450493,0.038966913,-0.05657447
1428280205274010253,a,-0.051654074,0.11239798,-0.07224124
1428280205294020681,a,-0.042510297,0.17906147,-0.1607365
1428280205314031109,a,0.054429576,0.049876478,-0.101900965
1428280205334041537,a,0.017311089,0.014865455,-0.021099038
1428280205354051965,a,-0.006759331,-0.0789827,0.019364458
1428280205374062393,a,-0.014499736,0.10005018,-0.011658406
1428280205394072821,a,0.036080252,0.15737621,0.026862714
1428280205414083249,a,0.03548032,0.16078857,-0.050549667
1428280205434093677,a,0.11220575,0.04616832,0.06403627
1428280205454104105,a,0.010076377,-0.01730359,-0.07409644
1428280205474114533,a,0.17008926,-0.030198827,0.1218555
1428280205494124961,a,0.14212205,0.044367734,-0.03320975
1428280205514135389,a,0.048194297,0.045393556,-0.03139804
1428280205534145817,a,-0.040983703,0.08120747,0.054853663
1428280205554156245,a,-0.057156384,0.056640193,0.07203
1428280205574166673,a,-0.071767986,0.009942571,0.031011261
1428280205594177101,a,0.07622496,-0.038191892,0.123215325
1428280205614187529,a,0.16783686,-0.033767782,0.07167649
1428280205634197957,a,0.07725923,0.04304438,0.016636865
1428280205654208385,a,-0.016502481,0.05154341,0.13150704
1428280205674218813,a,-0.048731327,0.08775056,0.05151908
1428280205694229241,a,0.037756488,0.04463538,-0.039017327
1428280205714239669,a,0.025280653,0.056970317,-0.026770487
1428280205734250097,a,-0.042473357,0.07989583,-0.043605376
1428280205754260525,a,0.04262488,0.1134907,-1.2914184E-4
1428280205774270953,a,-0.016537197,0.023703173,-0.119574465
1428280205794281381,a,-0.00945264,-0.022794303,0.029907238
1428280205814291809,a,-0.02988066,0.028028237,0.031035619
1428280205834302237,a,0.13972251,0.0336757,-0.047363315
1428280205854312665,a,0.07132571,0.009469449,-0.08309846
1428280205874323093,a,-0.025329387,0.090972744,-0.058153182
1428280205894333521,a,-0.0034907064,0.066092364,-0.043723404
1428280205914343949,a,-0.0017483796,0.06825324,-0.032121085
1428280205934354377,a,0.017077873,0.052686296,-0.12844434
1428280205954364805,a,0.13482234,0.006998009,-0.015617877
1428280205974375233,a,0.19236627,-0.05419791,0.10430737
1428280205994385661,a,0.045155764,0.008930143,0.11739111
1428280206014396089,a,-0.010408812,0.054156557,0.10564439
1428280206034406517,a,0.033999126,0.10619672,-5.6804623E-4
1428280206054416945,a,0.075725295,0.06727807,-0.039669797
1428280206074427373,a,-0.009807645,0.17575036,0.008751309
1428280206094437801,a,2.1801796E-5,0.20586024,-0.048547164
1428280206114448229,a,-0.058855396,0.11376767,0.0048401766
1428280206134458233,a,0.17037955,-0.029859314,-0.013221365
1428280206154468237,a,0.27810448,-0.0914198,0.067415595
1428280206174478241,a,0.092467606,-0.042914473,0.043852698
1428280206194488245,a,0.042411126,-0.020096757,0.01147731
1428280206214498249,a,0.025668811,0.038796846,-0.014089473
1428280206234508253,a,0.107189536,0.01038342,-0.042216804
1428280206254518257,a,0.0833266,0.100322306,-0.10897195
1428280206274528261,a,0.12100364,0.16170883,-0.12771358
1428280206294538265,a,-0.05731383,0.037430253,-0.032337572
1428280206314548269,a,-0.009069695,-0.08173502,-0.1417546
1428280206334558273,a,0.13277303,0.054804526,-0.061519228
1428280206354568277,a,-0.06086765,0.16938512,-0.059074666
1428280206374578281,a,-0.06988305,0.093281455,0.011861881
1428280206394588285,a,0.05000284,-0.04303413,0.06453857
1428280206414598289,a,0.06502025,-0.093763106,0.20869745
1428280206434608293,a,0.060485326,-0.12219553,0.26619455
1428280206454618297,a,-0.019604638,-0.03900963,0.21202189
1428280206474628301,a,-0.022292407,-0.013632439,0.22886749
1428280206494638305,a,-0.0046851514,0.061474662,0.0061482163
1428280206514648309,a,-0.22438997,0.06346706,-0.015630493
1428280206534658313,a,-0.015256099,0.34818834,-0.13735685
1428280206554668317,a,0.15542877,0.07564965,-0.13675135
1428280206574678321,a,0.07515161,0.08990149,-0.16335796
1428280206594688325,a,-0.00226408,0.26594344,-0.09229599
1428280206614698329,a,-0.09623599,0.101137154,-0.016330596
1428280206634708333,a,0.030552048,0.001962719,0.0108794905
1428280206654718337,a,0.19923353,-0.110428795,0.016297126
1428280206674728341,a,0.27753913,0.006547954,0.07180904
1428280206694738345,a,0.15115361,0.043195806,-0.0044675367
1428280206714748349,a,0.01920825,0.044575393,0.021912951
1428280206734758353,a,0.11919805,-0.1293749,0.07831845
1428280206754768357,a,0.11935881,0.07604053,0.012598957
1428280206774778361,a,0.030223174,0.14441742,0.011529762
1428280206794788365,a,-0.10520615,0.069963776,0.004741668
1428280206814798369,a,0.1030602,0.037772924,0.010634087
1428280206834808373,a,0.25888443,-0.04954796,0.021614723
1428280206854818377,a,0.11612919,3.7530996E-4,0.14345297
1428280206874828381,a,0.09077684,0.07744638,0.10414748
1428280206894838385,a,-0.056090273,0.0070522083,0.07004634
1428280206914848389,a,0.055807278,0.14132097,-0.036093593
1428280206934858393,a,-0.024476703,0.19770995,-0.0044833906
1428280206954868397,a,0.06025008,0.033275448,0.017821435
1428280206974878401,a,-0.017284695,-0.039540634,-0.062153537
1428280206994888405,a,0.037464578,0.044054028,-0.075484514
1428280207014898409,a,0.10283411,0.016015457,0.04177998
1428280207034908413,a,0.106760964,-0.041380886,0.005161242
1428280207054918417,a,0.07095292,0.102743454,0.034635834
1428280207074928421,a,-0.09366802,0.14269026,-0.08695538
1428280207094938425,a,-0.01972843,0.08404777,-0.120600715
1428280207114948429,a,0.10171446,0.009814709,-0.0013686218
1428280207134958433,a,0.07004871,0.024057195,0.040972088
1428280207154967913,a,0.0026790674,0.117725216,-0.018726867
1428280207174977393,a,-0.19459829,0.097735584,-0.22547597
1428280207194986873,a,-0.05830632,0.004353145,-0.05904844
1428280207214996353,a,-0.105170205,-0.03959607,-0.04045452
1428280207235005833,a,0.08393331,0.019540709,0.09207666
1428280207255015313,a,-0.05095787,0.069559105,0.01305211
1428280207275024793,a,0.103760704,-0.01236048,-0.06185338
1428280207295034273,a,0.10650492,0.044711575,-0.052667033
1428280207315043753,a,-0.032027274,0.16472813,-0.06768061
1428280207335053233,a,0.027308924,0.050533902,-0.071254
1428280207355062713,a,0.13436332,-0.047665995,0.053699426
1428280207375072193,a,0.13988148,-0.08703065,0.08649668
1428280207395081673,a,0.20866612,0.018424142,0.06665141
1428280207415091153,a,0.031833645,0.02545217,0.06959883
1428280207435100633,a,-0.0068017454,0.14206578,0.07365056
1428280207455110113,a,0.06909285,0.103977256,0.0028883936
1428280207475119593,a,0.03609601,0.118674956,-0.02021371
1428280207495129073,a,-0.027066872,0.13914086,-0.118213214
1428280207515138553,a,0.06972654,0.09786882,-0.0029979441
1428280207535148033,a,0.103974916,0.080481954,-0.041052364
1428280207555157513,a,0.08173425,-0.01684186,6.680749E-5
1428280207575166993,a,0.04912917,-0.04810323,-0.061412167
1428280207595176473,a,0.10639018,0.053021602,-0.15771496
1428280207615185953,a,-0.055014513,0.055188194,-0.06574308
1428280207635195433,a,-0.011791229,0.033672236,-0.044796675
1428280207655204913,a,-0.010041965,-0.018711152,-0.097056784
1428280207675214393,a,0.10848275,-0.060355674,0.030131144
1428280207695223873,a,0.072352245,-0.02806274,-0.026795011
1428280207715233353,a,0.023205802,0.05269324,-0.12097893
1428280207735242833,a,-0.011585777,0.11183106,-0.01255665
1428280207755252313,a,0.052567784,0.08398698,-0.12154481
1428280207775261793,a,0.0077391607,0.046050835,-0.0030411235
1428280207795271273,a,-0.018843427,0.16980442,0.13692574
1428280207815280753,a,-0.14014147,0.10564937,0.22837584
1428280207835290233,a,0.08510678,0.10348917,0.09664409
1428280207855299713,a,0.2622078,-3.1020655E-4,0.013425281
1428280207875309193,a,0.19666292,8.39117E-4,-0.055383645
1428280207895318673,a,0.07077425,0.020117976,-0.013177928
1428280207915328153,a,-0.027112067,0.08843683,-0.030676015
1428280207935337633,a,0.10112458,0.00178588,-0.02853728
1428280207955347113,a,0.26372537,-0.030048858,-0.0026052073
1428280207975356593,a,0.100266315,0.006549753,0.042353205
1428280207995366073,a,0.01318625,0.1344017,0.029182622
1428280208015375553,a,0.04888531,0.08944451,-0.08280681
1428280208035385033,a,0.16556756,0.051007815,-0.13302954
1428280208055394513,a,0.15165812,-0.059443016,-0.07288866
1428280208075403993,a,0.12180505,-0.043036345,-0.014765832
1428280208095413473,a,-0.09369136,0.12714922,0.017750647
1428280208115422953,a,-0.19161266,0.21741532,0.019895293
1428280208135432433,a,-0.2577335,0.15884167,-0.031276084
1428280208155441913,a,-0.32740304,0.1153845,0.10549793
1428280208175444709,a,-0.44565168,0.21428633,0.11786641
1428280208195447505,a,-0.5989846,0.27568787,0.175874
1428280208215450301,a,-0.7340096,0.17776445,0.35451633
1428280208235453097,a,-0.853002,0.39787126,0.521006
1428280208255455893,a,-1.1114236,0.39193785,0.5830964
1428280208275458689,a,-1.1465057,0.40404764,0.52356184
1428280208295461485,a,-1.3642951,0.4137847,0.6880501
1428280208315464281,a,-1.7012576,0.6345396,0.7843385
1428280208335467077,a,-2.2438707,0.6406544,0.7549385
1428280208355469873,a,-1.98858,0.6311205,0.6908616
1428280208375472669,a,-2.090099,0.5206256,0.49863446
1428280208395475465,a,-2.2447593,0.6752204,0.21490043
1428280208415478261,a,-2.3215265,0.80138046,0.034022465
1428280208435481057,a,-1.928076,0.5339972,0.06541304
1428280208455483853,a,-1.0022352,0.03432434,-0.101573065
1428280208475486649,a,-1.1429727,0.038937338,-0.16620283
1428280208495489445,a,-1.3122762,0.24136643,-0.29799235
1428280208515492241,a,-0.6567913,0.3434131,-0.40250894
1428280208535495037,a,0.8128527,0.4048179,-0.51643
1428280208555497833,a,1.126253,0.5748293,-0.5219963
1428280208575500629,a,0.72765464,0.24589753,-0.287665
1428280208595503425,a,0.28089833,0.03404706,-0.24337588
1428280208615506221,a,0.5115361,-0.23765662,-0.4057563
1428280208635509017,a,0.703304,-0.07419428,-0.5042047
1428280208655511813,a,0.11183868,-0.18842952,-0.51844424
1428280208675514609,a,-0.38303795,-0.33649495,-0.5953277
1428280208695517405,a,-0.64322543,-0.5928363,-0.5394617
1428280208715520201,a,-0.13243116,-0.76984704,-0.41729623
1428280208735522997,a,0.22579141,-0.45221978,-0.32102698
1428280208755525793,a,-0.0049998844,-0.5691663,-0.20466095
1428280208775528589,a,-0.45122227,-0.99582475,-0.0021894798
1428280208795531385,a,-0.44773537,-0.91075385,0.21681635
1428280208815534181,a,0.13953419,-0.5079241,0.011445049
1428280208835536977,a,0.38370082,-0.5304401,0.12456594
1428280208855539773,a,0.2767675,-0.8231383,0.0946693
1428280208875542569,a,0.17112587,-0.6312429,0.15862505
1428280208895545365,a,0.8436866,-0.8579899,-0.14593342
1428280208915548161,a,1.3381834,-1.1574981,0.14761774
1428280208935550957,a,2.2650273,-1.1347839,0.19241208
1428280208955553753,a,2.1985772,-0.7416697,-0.08145788
1428280208975556549,a,1.8131617,-1.0585134,-0.044699192
1428280208995559345,a,1.6351466,-0.68451786,-0.1451555
1428280209015562141,a,1.6590132,-1.0853217,-0.2944251
1428280209035564937,a,1.2905843,-1.6941254,-0.31609264
1428280209055567733,a,1.9342849,-0.4679692,-0.6369158
1428280209075570529,a,1.8553568,-0.29897472,-0.3083345
1428280209095573325,a,1.746511,-0.10505463,-0.025885463
1428280209115576121,a,1.2975513,-0.29134893,0.25175446
1428280209135578917,a,1.4748766,0.18596192,0.5168352
1428280209155581713,a,1.2459515,1.1485884,0.49241972
1428280209175587325,a,1.8384086,1.7672416,0.33803207
1428280209195592937,a,0.94809204,0.93086475,0.27753225
1428280209215598549,a,0.61273575,1.2527902,0.1543554
1428280209235604161,a,0.723207,1.4780416,-4.410725E-4
1428280209255609773,a,0.93270975,1.5553344,-0.47457197
1428280209275615385,a,0.71070755,1.5043949,-0.47894257
1428280209295620997,a,0.2422008,0.6450721,-0.020254917
1428280209315626609,a,-0.37923008,0.18881619,-0.40577227
1428280209335632221,a,-0.01711686,-0.22102913,-1.1271944
1428280209355637833,a,-0.33803502,0.24641466,-0.7644347
1428280209375643445,a,-0.06069911,0.57591987,-0.23560065
1428280209395649057,a,0.1731434,-0.770646,-0.35067627
1428280209415654669,a,-0.31405658,-0.6646416,-0.36169222
1428280209435660281,a,-0.56322116,0.25023085,-0.05662236
1428280209455665893,a,0.0021379571,0.5209694,0.094069116
1428280209475671505,a,0.21729997,0.048157543,0.100026965
1428280209495677117,a,-0.028375596,-0.030397033,-0.03720925
1428280209515682729,a,0.11264917,0.9004832,0.2776535
1428280209535688341,a,0.26315916,0.26433986,0.25244212
1428280209555693953,a,0.012569604,0.15362379,0.15167476
1428280209575699565,a,0.49256527,1.5391873,0.9556188
1428280209595705177,a,1.1878273,0.95646095,0.9381131
1428280209615710789,a,0.48303667,0.23522836,0.7848797
1428280209635716401,a,0.18997978,0.5872226,0.6113203
1428280209655722013,a,0.90330875,0.83435965,0.40128672
1428280209675727625,a,1.6187736,0.97199166,-0.02497141
1428280209695733237,a,1.3596851,0.61879146,-0.2919993
1428280209715738849,a,0.9048028,0.805945,0.11841125
1428280209735744461,a,1.1207107,0.5311908,0.16406688
1428280209755750073,a,1.3564162,0.023236522,-0.28520912
1428280209775755685,a,1.9300206,-0.45710608,-0.9176656
1428280209795761297,a,1.7167087,-0.031404853,-0.37886608
1428280209815766909,a,1.2872717,-0.31199342,0.39516366
1428280209835772521,a,0.32245433,-1.2777035,0.38986224
1428280209855778133,a,-0.42521894,-1.2106876,0.098706186
1428280209875783745,a,-0.14432767,-1.0848827,0.29916757
1428280209895789357,a,-0.107448,-0.90842927,0.42857507
1428280209915794969,a,0.14890397,-1.0169686,0.13380356
1428280209935800581,a,-0.077995904,-0.28464454,-0.36969888
1428280209955806193,a,0.2149263,-0.0037759244,-0.4519086
1428280209975811805,a,0.17184542,-0.36460808,0.13796207
1428280209995817417,a,0.28512558,-0.5736793,0.040344983
1428280210015823029,a,0.38736108,-0.25553432,-0.37025154
1428280210035828641,a,0.6403701,0.022431448,-0.59959334
1428280210055834253,a,0.7514364,-0.30983126,-0.68130875
1428280210075839865,a,0.7952812,-0.5897461,-0.29988855
1428280210095845477,a,0.6778477,-0.7213336,-0.19722228
1428280210115851089,a,0.604671,-0.12690425,-0.3135731
1428280210135856701,a,0.2620546,-0.43261698,-0.28489894
1428280210155862313,a,0.2452226,-0.6621642,-0.07975115
1428280210175867925,a,0.30254328,-0.78643346,0.04330133
1428280210195874773,a,0.64227223,-1.0157294,0.03538665
1428280210215881621,a,0.6307296,-0.5686873,-0.21949063
1428280210235888469,a,0.1884686,-0.2304706,-0.3229732
1428280210255895317,a,-0.73978734,-0.25569147,0.122794494
1428280210275902165,a,-1.4403057,-0.02188341,0.38688102
1428280210295909013,a,-1.5265794,0.22711466,0.14882779
1428280210315915861,a,-0.912354,0.409044,0.013280794
1428280210335922709,a,-0.42014465,0.17716998,0.28400227
1428280210355929557,a,-0.70640415,-0.009477347,0.2570716
1428280210375936405,a,-0.98091906,-0.0052552745,-0.008762315
1428280210395943253,a,-0.37075523,-0.47686362,-0.08292179
1428280210415950101,a,-0.12202246,-0.62343305,0.2170484
1428280210435956949,a,-0.49583858,-0.50572,0.2884109
1428280210455963797,a,0.036129985,0.13022408,-0.3104772
1428280210475970645,a,0.16720426,0.12086609,-0.9007833
1428280210495977493,a,0.5140152,-0.25261718,-1.0329996
1428280210515984341,a,-0.057447683,-0.23642479,-0.7631825
1428280210535991189,a,-1.4465603,0.5872856,-0.17191078
1428280210555998037,a,-2.1963208,1.1662768,-0.19997098
1428280210576004885,a,-1.7208438,0.84688133,-0.07158984
1428280210596011733,a,-1.0024422,0.3411072,-0.076626375
1428280210616018581,a,-0.8704133,0.37923,-0.03162323
1428280210636025429,a,-1.4114842,0.54547036,0.24993251
1428280210656032277,a,-1.7555028,0.6953635,0.2164879
1428280210676039125,a,-1.489689,0.85692257,-0.08502257
1428280210696045973,a,-1.1220444,0.6291673,-0.05725539
1428280210716052821,a,-0.9130626,0.52167743,0.059077784
1428280210736059669,a,-1.0757945,0.5063278,0.29953703
1428280210756066517,a,-1.1143258,0.3881771,0.47014788
1428280210776073365,a,-0.7404909,0.27231532,0.43273127
1428280210796080213,a,-0.34201786,0.039904106,0.34873605
1428280210816087061,a,-0.116079815,-0.17726636,0.24646087
1428280210836093909,a,-0.03264578,-0.08398985,0.17946179
1428280210856100757,a,-0.102675185,0.21725126,0.047125153
1428280210876107605,a,-0.73038113,0.81588125,-0.01622428
1428280210896114453,a,-0.87220824,0.83307296,-0.030683644
1428280210916121301,a,-0.54011434,0.5248982,0.06580433
1428280210936128149,a,-0.21502909,0.21530521,0.17236155
1428280210956134997,a,0.18757732,-0.031562418,0.26051816
1428280210976141845,a,0.19759475,0.110409595,0.30223054
1428280210996148693,a,0.012169621,0.12353097,0.3825675
1428280211016155541,a,0.16726972,-0.055205934,0.24307872
1428280211036162389,a,0.29295617,-0.09558117,0.08672839
1428280211056169237,a,0.23140949,0.06577504,0.100222886
1428280211076176085,a,0.11781965,0.15650757,0.13934734
1428280211096182933,a,0.20723663,0.008600287,-0.044922672
1428280211116189781,a,0.36800212,0.0036837808,-0.050547764
1428280211136196629,a,0.098886326,0.23146991,-0.22244021
1428280211156203477,a,0.11921464,0.33353713,-0.28023288
1428280211176210325,a,-0.028192146,0.49342704,-0.332637
1428280211196217173,a,0.06828987,0.34954724,-0.25354946
1428280211216224425,a,0.2794742,-0.034067452,-0.16633062
1428280211236231677,a,0.22499156,-0.1133683,-0.07744326
1428280211256238929,a,0.10587718,-0.052438185,0.051017914
1428280211276246181,a,-0.06820984,0.10154005,0.20051159
1428280211296253433,a,0.047906656,-0.05627702,0.22426993
1428280211316260685,a,0.20535779,-0.28654146,0.25108245
1428280211336267937,a,0.1903233,-0.27599773,0.2506399
1428280211356275189,a,-0.023405999,-0.16586733,0.32632923
1428280211376282441,a,-0.01592908,0.008941922,0.21294007
1428280211396289693,a,0.20080629,0.17808916,-0.10860464
1428280211416296945,a,0.050365724,0.346498,-0.35714602
1428280211436304197,a,-0.07567907,0.346044,-0.25605243
1428280211456311449,a,-0.23857458,0.38053247,-0.23311591
1428280211476318701,a,-0.006907369,0.14887312,-0.21090977
1428280211496325953,a,0.26952222,0.002924716,-0.078319415
1428280211516333205,a,0.265987,-0.0021513316,0.010062123
1428280211536340457,a,0.039507564,0.13302445,0.05511067
1428280211556347709,a,0.08721608,-0.08516302,0.23259638
1428280211576354961,a,0.25743893,-0.1472092,0.36474565
1428280211596362213,a,0.38266087,-0.18572341,0.10965154
1428280211616369465,a,0.36682937,0.09681991,-0.0030863732
1428280211636376717,a,0.16232103,0.31476498,-0.057289544
1428280211656383969,a,0.028600935,0.2139384,-0.051895805
1428280211676391221,a,0.011200046,0.22836615,-0.14521046
1428280211696398473,a,0.19567221,0.027019363,-0.23421937
1428280211716405725,a,0.2718521,-0.009635761,-0.14232105
1428280211736412977,a,0.116780944,0.032430574,0.06439052
1428280211756420229,a,-0.034556225,0.14516936,0.1816786
1428280211776427481,a,-0.14838015,0.12925301,0.1420203
1428280211796434733,a,-2.9822905E-4,0.2325263,0.19077799
1428280211816441985,a,0.005165866,0.2498518,0.23063591
1428280211836449237,a,-0.1429223,0.343151,0.342466
1428280211856456489,a,-0.35876676,0.54592186,0.41859174
1428280211876463741,a,-0.20522699,0.66908634,0.3973746
1428280211896470993,a,-0.2732956,0.85229665,0.40006164
1428280211916478245,a,-0.3007996,1.0494306,0.34554893
1428280211936485497,a,-0.4575954,1.3004097,0.3076133
1428280211956492749,a,-0.50017226,1.4772019,0.5834019
1428280211976500001,a,-0.54282707,1.2985729,0.7810379
1428280211996507253,a,-0.32552204,0.9264549,0.93824494
1428280212016514505,a,-0.028931659,0.6949452,0.9697568
1428280212036521757,a,-0.061868276,0.96785545,0.8492394
1428280212056529009,a,-0.3562449,1.1370982,0.82860976
1428280212076536261,a,-0.5272645,1.0296772,0.8933356
1428280212096543513,a,0.06078191,0.6368981,0.54982454
1428280212116550765,a,0.39530453,0.65165216,0.13759862
1428280212136558017,a,-0.1299924,0.90354085,0.1707921
1428280212156565269,a,-0.50684285,0.99658185,0.32911992
1428280212176572521,a,-0.43254614,1.1461705,0.13224536
1428280212196579773,a,0.36059123,0.74854124,-0.13689952
1428280212216593245,a,0.5153999,0.7705456,-0.12838781
1428280212236606717,a,-0.15923823,0.8824549,0.1892137
1428280212256620189,a,-0.58762777,0.8727599,0.007008342
1428280212276633661,a,-0.46629652,0.67521346,-0.1192372
1428280212296647133,a,0.016955238,0.16585708,-0.36159867
1428280212316660605,a,0.09239513,0.41841942,-0.46079302
1428280212336674077,a,-0.22584818,0.57375675,-0.44252533
1428280212356687549,a,-0.502912,0.6869613,-0.52901214
1428280212376701021,a,-0.6496053,0.6102996,-0.5104844
1428280212396714493,a,-0.5696405,0.30002326,-0.35111162
1428280212416727965,a,-0.16874227,-0.32990012,-0.4155625
1428280212436741437,a,0.824837,-0.693176,-0.9312124
1428280212456754909,a,1.2422783,-1.285234,-1.0000949
1428280212476768381,a,0.74353284,-0.69175977,-0.99622923
1428280212496781853,a,0.28616068,-0.7280429,-0.9291398
1428280212516795325,a,-0.20065476,-0.8616383,-0.8439041
1428280212536808797,a,-0.17419022,-1.0957252,-1.025332
1428280212556822269,a,0.43547794,-1.5915519,-1.4122236
1428280212576835741,a,0.90762633,-1.4111241,-1.2614715
1428280212596849213,a,0.7515197,-1.493487,-0.98379827
1428280212616862685,a,0.5137352,-1.5226914,-1.1532447
1428280212636876157,a,0.38717633,-1.454639,-0.82268417
1428280212656889629,a,0.5049991,-0.93764687,-0.2700005
1428280212676903101,a,-0.07081494,-1.3116796,0.45314953
1428280212696916573,a,-1.1314167,-1.7250305,1.0419276
1428280212716930045,a,-0.9943484,-1.9435338,1.1799612
1428280212736943517,a,-1.2802646,-1.642946,0.71065545
1428280212756956989,a,-0.32727957,-1.0463701,0.4325691
1428280212776970461,a,0.5374121,-0.6242354,0.37418702
1428280212796983933,a,0.41972357,-0.8583508,0.14610936
1428280212816997405,a,0.4001353,-0.6620086,0.006942101
1428280212837010877,a,0.008372801,-0.33824423,0.30806303
1428280212857024349,a,0.42151162,-0.065687925,0.3662353
1428280212877037821,a,0.7922495,0.05943209,0.39683604
1428280212897051293,a,0.6178767,0.23765434,0.2423257
1428280212917064765,a,0.4365822,0.17651139,0.04787826
1428280212937078237,a,0.5363223,0.03234078,0.11792131
1428280212957091709,a,0.40810996,-0.21155359,0.2448153
1428280212977105181,a,0.018317739,-0.1605088,0.14672078
1428280212997118653,a,0.41212177,0.04848364,-0.18042502
1428280213017132125,a,0.48809037,-0.04837522,-0.6511647
1428280213037145597,a,0.22369853,-0.15303743,-0.74444246
1428280213057159069,a,0.34791774,0.32913098,0.006086413
1428280213077172541,a,0.38389412,0.2063352,-0.122711174
1428280213097186013,a,0.1651572,-0.17745754,-0.30636585
1428280213117199485,a,0.49239933,0.3281972,0.031788893
1428280213137212957,a,1.1951274,0.19610807,0.12313817
1428280213157226429,a,1.2357609,-0.09716297,0.012680059
1428280213177239901,a,0.6524123,-0.07586808,-0.037193794
1428280213197253373,a,1.2787911,0.25792202,0.3888388
1428280213217266845,a,1.8139943,-0.19588909,0.2991187
1428280213237280317,a,0.7419423,-0.97237754,-0.15571856
1428280213257296477,a,1.146976,-0.08983147,0.25957033
1428280213277312637,a,1.5687218,-0.32298046,0.49129605
1428280213297328797,a,0.060049053,-1.2632451,0.6396357
1428280213317344957,a,-0.5704938,-1.3576429,-0.15269235
1428280213337361117,a,0.75226504,0.16259617,-0.8242614
1428280213357377277,a,0.9231977,-0.31227148,-0.72869664
1428280213377393437,a,-0.8771887,-1.1318046,0.20228967
1428280213397409597,a,-0.80314195,-1.0263728,-0.85504365
1428280213417425757,a,1.764409,0.7054626,-1.613745
1428280213437441917,a,1.9031448,0.33814704,-0.62031
1428280213457458077,a,-0.40998703,-1.0692438,0.84291095
1428280213477474237,a,-0.88491374,-1.2988642,0.08856618
1428280213497490397,a,-0.031210475,0.40126565,-0.7836991
1428280213517506557,a,0.815066,-0.38535842,-0.41117996
1428280213537522717,a,0.17471246,-0.54337555,0.6471304
1428280213557538877,a,-0.6426091,-1.4817498,0.680684
1428280213577555037,a,0.78533876,-0.3683378,-1.2931957
1428280213597571197,a,1.1275532,-0.31542096,-0.8477435
1428280213617587357,a,0.12058275,-0.76783353,0.36105773
1428280213637603517,a,-1.2329557,-0.9408531,0.8151771
1428280213657619677,a,-0.91776913,-0.041473143,0.057883333
1428280213677635837,a,-0.28066665,0.2692312,-0.39040625
1428280213697651997,a,-0.26243907,-0.19432895,-0.16173917
1428280213717668157,a,-0.86681354,-0.3322261,0.27277726
1428280213737684317,a,-0.039760962,-0.1671381,0.25287575
1428280213757700477,a,0.25866205,0.47647837,-0.2159271
1428280213777716637,a,0.12026468,-0.14739779,-0.41601807
1428280213797732797,a,-1.2422647,0.18148343,0.44497642
1428280213817748957,a,-0.33975655,0.39297193,0.61180186
1428280213837765117,a,-0.14002056,1.0809627,-0.30055034
1428280213857781277,a,-0.65482825,1.0293455,-0.41587856
1428280213877797437,a,-1.3533825,1.1219937,0.13229819
1428280213897813597,a,-0.6456038,0.82468444,0.21085157
1428280213917829757,a,0.09557087,0.7137314,-0.21340989
1428280213937845917,a,-0.38398933,0.90615296,-0.5063649
1428280213957862077,a,-0.85652333,1.106896,-0.30806616
1428280213977878237,a,-0.63235414,1.2845433,-0.30963922
1428280213997894397,a,0.4654114,0.6921313,-0.42795843
1428280214017910557,a,0.68490994,0.081170686,-0.39830616
1428280214037926717,a,0.21576466,0.25275853,-0.25078636
1428280214057942877,a,-0.43460554,0.8664091,0.24491677
1428280214077959037,a,-0.6800355,1.0189283,0.31190777
1428280214097975197,a,-0.35500517,0.7338723,0.17689969
1428280214117991357,a,0.3180906,0.42395434,0.05442468
1428280214138007517,a,0.37817737,0.5248941,0.32454097
1428280214158023677,a,0.30198336,0.75463754,0.21370327
1428280214178039837,a,0.11525061,1.0376207,0.24031602
1428280214198055997,a,0.042605482,1.1649913,0.11738004
1428280214218072157,a,0.012047925,0.99639106,0.2533481
1428280214238088317,a,-0.13784628,1.0206455,0.3372385
1428280214258104477,a,0.04672713,0.72155154,0.29479626
1428280214278120637,a,0.2276479,0.57931054,0.12794957
1428280214298137637,a,0.11925572,0.35273927,0.10933289
1428280214318154637,a,-0.14447896,0.40786478,0.3867806
1428280214338171637,a,-0.15636325,0.22625835,0.36201373
1428280214358188637,a,-0.05357117,0.15665631,0.0011388492
1428280214378205637,a,0.11372264,0.12742859,-0.1386129
1428280214398222637,a,0.23569481,0.021884285,-0.004008289
1428280214418239637,a,0.13845634,0.03538557,0.20325142
1428280214438256637,a,0.017944558,0.043141417,0.2105601
1428280214458273637,a,-0.12849173,0.428872,-0.008289512
1428280214478290637,a,-0.09279995,0.20469864,0.2018772
1428280214498307637,a,0.26116008,-0.26186106,0.5705896
1428280214518324637,a,0.15575679,-0.3607503,0.5140765
1428280214538341637,a,-0.08748842,-0.22845818,0.36863568
1428280214558358637,a,-0.016393095,0.3161673,0.018223975
1428280214578375637,a,0.1728412,0.37188613,-0.17954513
1428280214598392637,a,0.4677916,0.092529446,-0.29274338
1428280214618409637,a,0.4105385,-0.09107849,-0.35348728
1428280214638426637,a,0.06821409,-0.022368561,-0.28811643
1428280214658443637,a,-0.0567917,0.27112246,-0.42997465
1428280214678460637,a,0.038539696,0.3652565,-0.31332552
1428280214698477637,a,0.23800233,0.04538499,-0.16291079
1428280214718494637,a,0.2923842,-0.18175215,0.17946546
1428280214738511637,a,0.0027528005,-0.09255406,0.37090108
1428280214758528637,a,-0.16981308,0.24432889,0.43581828
1428280214778545637,a,-0.05590056,0.23055366,0.4802072
1428280214798562637,a,0.24896452,-0.06881379,0.45765018
1428280214818579637,a,0.31730604,-0.08743788,0.2534996
1428280214838596637,a,0.18808408,0.15162164,0.06445427
1428280214858613637,a,0.0068891277,0.25466594,-0.050795138
1428280214878630637,a,0.2808866,0.028943878,0.23452233
1428280214898647637,a,0.5347487,-0.3247117,0.17657393
1428280214918664637,a,0.34313393,-0.100803986,-0.034844477
1428280214938681637,a,0.21499567,0.1995634,-0.2769202
1428280214958698637,a,0.028192015,0.39903915,-0.3877326
1428280214978715637,a,0.18603396,0.13318147,-0.36078227
1428280214998732637,a,0.266277,0.022152502,-0.30484253
1428280215018749637,a,-0.12370388,0.22705802,-0.20549051
1428280215038766637,a,-0.32097906,0.35285684,-0.035200514
1428280215058783637,a,-0.2748653,0.13444854,0.08833626
1428280215078800637,a,0.037182648,-0.0169039,0.009951124
1428280215098817637,a,0.2736097,-0.2007235,0.057907123
1428280215118834637,a,0.16001464,0.029517991,0.0044310116
1428280215138851637,a,0.053521752,0.1960295,-0.020018142
1428280215158868637,a,0.25167218,0.04060767,-0.015661474
1428280215178885637,a,0.5607831,0.045246378,0.069897905
1428280215198902637,a,0.29226997,0.47873345,0.055791765
1428280215218919637,a,-0.26516336,0.6857691,0.25534475
1428280215238936637,a,0.106756985,0.49698892,0.4516819
1428280215258953637,a,0.5226446,0.32543725,0.42491093
1428280215278970637,a,0.7019548,0.5650864,0.2757164
1428280215298987529,a,0.16601813,1.0561364,0.43192226
1428280215319004421,a,-0.2939698,1.6413833,0.47702634
1428280215339021313,a,-0.23502104,1.9798466,0.34987855
1428280215359038205,a,0.10584296,1.6212906,0.4524989
1428280215379055097,a,0.20846124,1.254493,0.5343974
1428280215399071989,a,0.4492093,0.9763063,0.47864175
1428280215419088881,a,1.0011863,0.52044874,0.37269342
1428280215439105773,a,0.95169073,0.8613928,0.15709206
1428280215459122665,a,0.48574314,1.0851952,0.10129008
1428280215479139557,a,0.30791867,0.9669451,0.24086376
1428280215499156449,a,0.44754928,0.95907354,0.17193726
1428280215519173341,a,1.0951722,0.6407279,0.021196745
1428280215539190233,a,1.0434003,0.5501572,-0.120406
1428280215559207125,a,0.7658435,1.2518724,-0.22709474
1428280215579224017,a,0.17501353,1.2323905,0.004931435
1428280215599240909,a,-0.2396777,1.0801803,0.22057796
1428280215619257801,a,-0.082840994,0.75659007,-0.078196175
1428280215639274693,a,-0.0259772,0.61746037,-0.09920565
1428280215659291585,a,-0.15944833,0.21267885,0.11785855
1428280215679308477,a,-0.19188038,-0.35811308,0.107744284
1428280215699325369,a,0.8254389,-1.1975845,-0.03172031
1428280215719342261,a,1.0194732,-1.1485177,-0.103198275
1428280215739359153,a,0.24654104,-0.77610105,0.09525227
1428280215759376045,a,-0.50238764,-0.88035655,0.40036312
1428280215779392937,a,-0.36805484,-0.77517515,0.18940684
1428280215799409829,a,0.6038045,-1.0223596,0.02464594
1428280215819426721,a,0.8364271,-0.8971032,-0.12575504
1428280215839443613,a,0.067235254,-0.5824346,-0.3850856
1428280215859460505,a,-0.30889526,0.2178079,-0.7367325
1428280215879477397,a,-0.67610776,0.6554074,-1.1516734
1428280215899494289,a,-1.2913234,-0.01538071,-1.4704068
1428280215919511181,a,-1.2375932,0.06442746,-1.4063209
1428280215939528073,a,-1.004115,-0.35200948,-1.3063157
1428280215959544965,a,-1.0301598,-0.6611682,-0.8574263
1428280215979561857,a,-1.1044425,-1.3680228,-0.28485984
1428280215999578749,a,-1.3573067,-1.3400735,-0.32955772
1428280216019595641,a,-0.51137835,-1.9372598,-0.15263604
1428280216039612533,a,-0.0053486796,-2.1154988,-0.07594851
1428280216059629425,a,-0.091538675,-1.5866059,0.28646436
1428280216079646317,a,-0.42172894,-1.2028776,0.3507113
1428280216099663209,a,0.12534595,-1.0696572,0.4217648
1428280216119680101,a,-0.50019175,-0.9708271,0.7371223
1428280216139696993,a,-0.55634147,-0.7118404,1.0054746
1428280216159713885,a,-0.40811616,-0.756372,0.608595
1428280216179730777,a,-0.41918096,-0.67751604,-0.2637192
1428280216199747669,a,0.056368683,-0.2842664,-0.21000789
1428280216219764561,a,0.68723685,-0.33351237,-0.005963185
1428280216239781453,a,0.0666951,-0.7346766,-0.07680393
1428280216259798345,a,0.12704977,-0.08191912,-0.40136078
1428280216279815237,a,0.3676634,-0.08162969,-0.27204913
1428280216299832129,a,0.28805396,-0.23169352,-0.030911548
1428280216319848441,a,0.093828626,-0.08604021,-0.30795527
1428280216339864753,a,0.4683032,-0.062126983,-0.25392058
1428280216359881065,a,0.50087976,-0.35855436,-0.18656126
1428280216379897377,a,-0.008213853,-0.35289785,-0.29201266
1428280216399913689,a,0.038580514,0.0102284625,-0.6448921
1428280216419930001,a,0.24129723,0.28363767,-0.3171132
1428280216439946313,a,0.41404393,-0.15147369,0.103431955
1428280216459962625,a,0.27632353,-0.23678079,0.073245205
1428280216479978937,a,0.25241637,0.52431345,0.2700376
1428280216499995249,a,0.803405,0.26323402,0.6235403
1428280216520011561,a,0.30871567,-0.5444062,0.38178635
1428280216540027873,a,-0.4094482,-0.34179696,0.31149906
1428280216560044185,a,-0.46635905,0.042641968,0.15434709
1428280216580060497,a,0.31493124,0.43221036,0.5348958
1428280216600076809,a,0.5855235,-0.17983572,0.4715359
1428280216620093121,a,0.16592202,-0.83666193,0.70303965
1428280216640109433,a,0.15330845,-0.8596853,0.6278561
1428280216660125745,a,0.4390778,-0.47152996,0.36074194
1428280216680142057,a,0.60040915,-0.4849367,-0.055521764
1428280216700158369,a,0.31007382,-0.08285809,0.097044855
1428280216720174681,a,-0.8031063,-0.30203426,-0.1434885
1428280216740190993,a,-0.40692678,-0.484642,-0.425646
1428280216760207305,a,0.44070342,0.18780512,-0.0745793
1428280216780223617,a,0.13672017,-0.17825538,0.14603575
1428280216800239929,a,-1.1374393,-0.57497114,0.46222055
1428280216820256241,a,-0.10543905,-0.76584613,-1.1407965
1428280216840272553,a,0.94654673,-0.04620149,-0.90122086
1428280216860288865,a,1.0946028,-0.6132766,-0.18067232
1428280216880305177,a,-0.8805282,-1.078484,-0.07855129
1428280216900321489,a,-0.13059184,-0.8864243,-1.1683995
1428280216920337801,a,0.39727417,-0.42344663,-1.6063012
1428280216940354113,a,-0.04824254,-0.38579634,-0.91342145
1428280216960370425,a,-0.594319,-1.1364348,-0.6749219
1428280216980386737,a,0.231669,-1.1192076,-1.6431354
1428280217000403049,a,1.5187533,-0.71441424,-0.8300821
1428280217020419361,a,0.9354722,-1.1346684,0.6588253
1428280217040435673,a,-1.4449333,-0.5182623,1.6003755
1428280217060451985,a,-2.2245362,-0.13448913,1.4594038
1428280217080468297,a,-1.4100957,0.72028756,0.4112685
1428280217100484609,a,-0.30417708,-0.06797521,0.012569228
1428280217120500921,a,-0.11600291,-0.7947619,0.21179086
1428280217140517233,a,0.056840405,-0.7554532,-0.08860853
1428280217160533545,a,0.12064101,0.45293137,-0.58501625
1428280217180549857,a,-0.26753643,0.802025,-0.7467674
1428280217200566169,a,-1.0629666,0.500195,-0.5138508
1428280217220582481,a,-0.37399375,0.06707249,-0.3897977
1428280217240598793,a,0.81029737,0.18842497,-0.70055467
1428280217260615105,a,0.74697363,0.76551855,-0.6398031
1428280217280631417,a,-0.085235335,0.68978786,-0.36407283
1428280217300647729,a,-0.6774062,0.1534518,0.050598036
1428280217320664041,a,0.11944159,0.7534138,-0.22230485
1428280217340679553,a,0.36893868,1.2567586,-0.34543866
1428280217360695065,a,-0.20708486,1.2439927,-0.20576656
1428280217380710577,a,-0.71945345,0.62058425,-0.2533012
1428280217400726089,a,0.7060031,0.801255,0.015327573
1428280217420741601,a,1.5372912,1.8792595,-0.4228139
1428280217440757113,a,1.0605794,1.6653402,-0.3573339
1428280217460772625,a,0.6446251,1.1751437,0.021207213
1428280217480788137,a,0.122894965,0.73710567,0.12612388
1428280217500803649,a,0.71670413,0.8849296,0.23549381
1428280217520819161,a,0.60694283,1.1673535,0.3539153
1428280217540834673,a,0.8038331,0.9112154,0.38588664
1428280217560850185,a,0.33270124,0.8487362,0.5735481
1428280217580865697,a,-0.036612466,0.9196216,0.67156994
1428280217600881209,a,0.29654667,1.1481305,0.6484402
1428280217620896721,a,0.58127755,0.5994844,0.82744414
1428280217640912233,a,0.6473406,0.30475527,0.9587978
1428280217660927745,a,0.5011253,0.25506848,0.88886696
1428280217680943257,a,0.41810465,0.2906886,0.79516214
1428280217700958769,a,0.169608,0.39048338,0.6160563
1428280217720974281,a,0.08823825,0.49821615,0.38238817
1428280217740989793,a,0.30276713,0.21621305,0.20901538
1428280217761005305,a,0.66075164,-0.079094246,-0.023161735
1428280217781020817,a,0.6042821,-0.079794504,-0.057442404
1428280217801036329,a,0.297361,0.13439265,-0.28790766
1428280217821051841,a,-0.008879055,0.3311697,-0.27524936
1428280217841067353,a,0.1860595,0.08509351,-0.1380437
1428280217861082865,a,0.24974653,-0.31580797,-0.089753464
1428280217881098377,a,0.33601803,-0.12672532,0.16241916
1428280217901113889,a,0.23211579,0.06353291,-0.033623043
1428280217921129401,a,0.080009386,0.3568062,-0.13358349
1428280217941144913,a,-0.20907964,0.57131034,-0.09745792
1428280217961160425,a,-0.18560804,0.42657652,0.03962118
1428280217981175937,a,0.04282861,0.10633491,0.1606187
1428280218001191449,a,0.32237437,-0.347043,0.27963004
1428280218021206961,a,0.20332155,-0.39526963,0.27746177
1428280218041222473,a,-0.05428302,-0.0024618749,0.16554667
1428280218061237985,a,-0.11452689,0.12336036,-0.0051460043
1428280218081253497,a,0.08776833,-0.30857486,-0.0764344
1428280218101269009,a,0.49906808,-0.69114995,0.07003964
1428280218121284521,a,0.2853698,-0.46576133,0.08531355
1428280218141300033,a,-0.12210331,0.020421084,-0.04340424
1428280218161315545,a,-0.3260681,0.444982,-0.16542426
1428280218181331057,a,-0.23734276,0.46557844,-0.199842
1428280218201346569,a,0.059381142,0.21818346,0.17134593
1428280218221362081,a,0.51848423,-0.0803253,0.23687638
1428280218241377593,a,0.012581091,0.48942897,0.15362692
1428280218261393105,a,-0.2671443,0.7547089,-0.01241453
1428280218281408617,a,-0.20490026,0.4535576,0.020652048
1428280218301424129,a,0.12868108,0.13540924,0.0143661965
1428280218321439641,a,0.37313262,0.025449533,-0.11536485
1428280218341455153,a,0.16766445,0.2895126,-0.2491671
1428280218361463653,a,0.15831956,0.36648318,-0.23118883
1428280218381472153,a,0.25654507,0.27339435,-0.10673433
1428280218401480653,a,0.45922735,-0.04827165,-0.11220704
1428280218421489153,a,0.20788215,0.17387849,-0.03543704
1428280218441497653,a,0.09531307,0.26994354,0.030604918
1428280218461506153,a,0.32289255,0.48885843,0.063914925
1428280218481514653,a,0.8617971,0.15248294,0.23336107
1428280218501523153,a,1.1629795,-0.36729383,0.43693146
1428280218521531653,a,0.96247816,-0.0709656,0.29867017
1428280218541540153,a,0.6910801,0.25962853,0.37705028
1428280218561548653,a,0.596852,0.6148839,0.10175502
1428280218581557153,a,0.6829147,0.69058347,0.19685939
1428280218601565653,a,0.99043435,0.45409903,0.34671068
1428280218621574153,a,0.9053423,0.4075768,0.51648295
1428280218641582653,a,0.6481503,0.6217717,0.5818728
1428280218661591153,a,0.6975419,0.57187384,0.6086079
1428280218681599653,a,0.8471694,0.49462873,0.49450302
1428280218701608153,a,0.81756014,0.3022502,0.5090997
1428280218721616653,a,0.3742079,0.23159319,0.57548106
1428280218741625153,a,0.23849322,-0.034178525,0.56090826
1428280218761633653,a,0.6558037,-0.39356798,0.3070773
1428280218781642153,a,1.0017049,-0.2562461,-0.056303766
1428280218801650653,a,1.066736,-0.010690382,-0.13844207
1428280218821659153,a,0.7104651,0.16441323,0.053022735
1428280218841667653,a,0.50097585,0.22361813,0.21509841
1428280218861676153,a,0.7459144,-0.0028471276,0.32945076
1428280218881684653,a,1.0773821,0.4498344,0.19548681
1428280218901693153,a,1.1114929,0.88737667,0.13951339
1428280218921701653,a,0.76952064,0.92860836,0.26371852
1428280218941710153,a,0.5869593,0.8580605,0.3472811
1428280218961718653,a,0.8380454,0.3951027,-0.0059838854
1428280218981727153,a,0.61154723,-0.12162679,-0.3317397
1428280219001735653,a,0.44364312,0.2993921,-0.44590732
1428280219021744153,a,0.6394697,0.43876955,-0.4813011
1428280219041752653,a,0.6631068,0.5704946,-0.7205847
1428280219061761153,a,0.98872775,-0.0068818927,-0.8602735
1428280219081769653,a,1.2298348,-0.7386143,-0.63503855
1428280219101778153,a,1.0301609,-0.4607515,-0.26617274
1428280219121786653,a,0.628684,0.2126901,-0.08551833
1428280219141795153,a,0.11257117,0.5661344,-0.008002244
1428280219161803653,a,-0.050835185,0.574079,0.18838151
1428280219181812153,a,-0.19617677,0.2678424,0.21365473
1428280219201820653,a,0.10143105,-0.29292932,0.3942507
1428280219221829153,a,-0.20825675,-0.71329373,0.46959928
1428280219241837653,a,-0.6699856,-1.0011865,0.3542396
1428280219261846153,a,-0.70597833,-1.2229357,0.05596827
1428280219281854653,a,-0.58914834,-1.1510482,-0.122749
1428280219301863153,a,-0.50193596,-1.5155807,0.107921764
1428280219321871653,a,0.026497547,-1.7747577,0.10592878
1428280219341880153,a,0.525885,-0.6691328,-0.38369265
1428280219361888653,a,-0.2382766,0.35825586,-0.13056627
1428280219381899505,a,-1.0792723,0.9694751,0.32433757
1428280219401910357,a,-1.1925917,1.7281957,0.27805182
1428280219421921209,a,-0.7653609,1.2431644,0.11761823
1428280219441932061,a,-0.7560378,0.5269619,0.015010472
1428280219461942913,a,-1.1038907,-0.26337165,-0.19070521
1428280219481953765,a,-0.63842344,-0.48636872,-0.34959248
1428280219501964617,a,-0.5078723,-0.8563157,-0.38360697
1428280219521975469,a,-0.94229746,-1.8416427,-0.3727532
1428280219541986321,a,-1.175637,-2.167676,-0.34750396
1428280219561997173,a,-0.6637707,-1.7562332,-0.84375143
1428280219582008025,a,-0.66934323,-0.89233136,-1.0380019
1428280219602018877,a,-0.98691607,-0.61896235,-0.38263118
1428280219622029729,a,-1.0615418,-0.27690765,-0.62401974
1428280219642040581,a,-0.69680893,-0.36807078,-0.53042597
1428280219662051433,a,-0.96737885,-0.12040765,-0.39003217
1428280219682062285,a,-1.6032814,0.53314346,-0.38570702
1428280219702073137,a,-0.9258853,0.8251427,-0.2500304
1428280219722083989,a,-0.9112137,0.6384823,-0.022410601
1428280219742094841,a,-1.2698591,0.22676742,0.06317587
1428280219762105693,a,-1.5154948,0.045696378,0.073440656
1428280219782116545,a,-0.7802372,0.16191436,-0.33850038
1428280219802127397,a,0.26610005,0.11193106,-0.13896674
1428280219822138249,a,-0.3006568,0.034417376,-0.45761415
1428280219842149101,a,-1.0470718,0.2256985,-0.6219141
1428280219862159953,a,-0.19103825,0.6167925,-0.22429384
1428280219882170805,a,0.15499721,0.5260088,0.21251668
1428280219902181657,a,-0.09708619,0.22832176,0.21104367
1428280219922192509,a,-0.25055125,-0.075585626,-0.026862077
1428280219942203361,a,0.188147,0.16171308,0.21219787
1428280219962214213,a,0.479537,0.40075532,0.31567377
1428280219982225065,a,0.036675334,0.18045363,0.10033749
1428280220002235917,a,0.16248104,0.07591989,-0.09383002
1428280220022246769,a,0.45079216,-0.27776027,-0.16791946
1428280220042257621,a,0.18716499,-0.12435383,0.047190625
1428280220062268473,a,-0.20849495,0.094670214,-0.21791181
1428280220082279325,a,0.069038175,0.22543974,-0.5507159
1428280220102290177,a,0.7696005,-0.3209598,-0.34892735
1428280220122301029,a,0.4487611,-0.7285911,0.22638652
1428280220142311881,a,-0.038048927,-0.81989664,0.4452563
1428280220162322733,a,-0.107869714,-0.49938175,0.45170325
1428280220182333585,a,-0.037358906,-0.508682,0.37006631
1428280220202344437,a,-0.18186149,-0.58413774,0.39423537
1428280220222355289,a,-0.43698537,-0.413059,0.14737886
1428280220242366141,a,-0.4744652,-0.080191016,0.17885953
1428280220262376993,a,-0.4228333,-0.40000436,0.096792206
1428280220282387845,a,-0.5943008,-0.6095525,-0.052168515
1428280220302398697,a,-1.1483191,-0.38177893,-0.48340157
1428280220322409549,a,-0.79689693,0.32834634,-0.6078419
1428280220342420401,a,-0.73813474,0.042901427,-0.308
1428280220362431253,a,-1.4197288,-0.8859358,-0.038839325
1428280220382442945,a,-2.2225711,-1.061976,-0.9982013
1428280220402454637,a,-0.6211943,0.46885455,-1.6777035
1428280220422466329,a,-0.21603127,-0.22299483,-0.7486389
1428280220442478021,a,-1.2778664,-0.91989607,-0.030639585
1428280220462489713,a,-2.6979985,-1.2975596,-0.5034507
1428280220482501405,a,-0.9025091,0.52024865,-1.6972654
1428280220502513097,a,-0.020671483,0.97449404,-0.9010245
1428280220522524789,a,-0.85131115,0.62716144,-0.032318287
1428280220542536481,a,-1.8525492,0.16983128,0.20423946
1428280220562548173,a,-0.45517716,1.0391514,-0.7323897
1428280220582559865,a,0.8290366,1.1232252,-0.8751018
1428280220602571557,a,0.50071824,0.31556836,-0.09843009
1428280220622583249,a,-0.49428314,-0.96548784,0.33078212
1428280220642594941,a,-1.3407018,-1.0150309,-0.13093883
1428280220662606633,a,0.11203998,0.13692278,-0.76502347
1428280220682618325,a,1.3560874,0.3207343,-0.8753727
1428280220702630017,a,0.9583469,-0.94988054,-0.4345764
1428280220722641709,a,0.16018134,-1.0057508,-0.24772528
1428280220742653401,a,-0.5124152,0.101711296,-0.17928697
1428280220762665093,a,0.048047237,1.300075,0.065427706
1428280220782676785,a,0.45132095,0.83864826,0.5070956
1428280220802688477,a,0.40914425,-0.01963371,0.9570555
1428280220822700169,a,0.7159482,-0.82626766,1.0301486
1428280220842711861,a,1.0765029,-0.12930432,1.0003759
1428280220862723553,a,0.79473424,0.29590327,0.87030303
1428280220882735245,a,0.9618223,0.083098836,1.0511408
1428280220902746937,a,1.0045154,-0.44445854,1.3245953
1428280220922758629,a,1.3454933,-0.5848015,0.9413104
1428280220942770321,a,0.93195146,0.22684312,0.40510842
1428280220962782013,a,0.342015,1.0428954,0.034055352
1428280220982793705,a,0.5742216,1.349825,0.14873433
1428280221002805397,a,1.0417341,0.6626994,0.08470858
1428280221022817089,a,1.2283213,0.56044996,-0.20852631
1428280221042828781,a,0.8305897,0.27753606,-0.45098332
1428280221062840473,a,0.7589858,0.54892415,-0.11868006
1428280221082852165,a,0.8932544,0.89753747,-0.05543094
1428280221102863857,a,1.1676152,0.16461924,0.15724562
1428280221122875549,a,1.4393064,-0.2511093,0.3327315
1428280221142887241,a,1.3868335,-0.07511982,0.4139359
1428280221162898933,a,1.3376724,0.20895682,0.2968433
1428280221182910625,a,1.4063613,-0.023440268,0.20026487
1428280221202922317,a,1.1404457,-0.32376936,0.09542115
1428280221222934009,a,1.0552713,-0.32096696,0.08068007
1428280221242945701,a,1.02195,0.024703851,0.19917129
1428280221262957393,a,0.91310394,0.2661124,0.25534156
1428280221282969085,a,0.58850616,0.3107799,0.2922261
1428280221302980777,a,0.6771966,0.16656765,0.32136303
1428280221322992469,a,0.8314994,0.34380898,0.2626388
1428280221343004161,a,1.0878825,0.3700533,-0.00942927
1428280221363015853,a,0.9057951,0.2518725,-0.17897122
1428280221383027545,a,0.56563115,0.22340329,-0.13899277
1428280221403045417,a,0.60493743,-0.04953512,-0.087622166
1428280221423063289,a,0.71292233,-0.12822062,-0.15872508
1428280221443081161,a,0.5496976,0.07139008,-0.33529067
1428280221463099033,a,0.2909825,0.31719992,-0.3388775
1428280221483116905,a,0.014353474,0.11892673,-0.21382883
1428280221503134777,a,-0.2972519,0.37090546,-0.08636841
1428280221523152649,a,-0.22181214,0.15592642,0.06001959
1428280221543170521,a,0.2503603,-0.01207895,-0.06927264
1428280221563188393,a,0.50264865,-0.19577847,0.20246723
1428280221583206265,a,0.07382582,-0.32603413,0.36457816
1428280221603224137,a,0.008758977,-0.17390859,0.3469313
1428280221623242009,a,-0.103424266,-0.10398176,0.29733548
1428280221643259881,a,0.107175164,0.012332693,0.4003764
1428280221663277753,a,0.11504322,-0.13539152,0.3154301
1428280221683295625,a,-0.027451083,-0.093823515,0.28778443
1428280221703313497,a,-0.11004294,0.07680762,0.18111551
1428280221723331369,a,-0.045279916,0.28247732,-0.014927616
1428280221743349241,a,-0.043707166,0.50147766,-0.10096279
1428280221763367113,a,-0.07109972,0.36478752,0.005119916
1428280221783384985,a,-0.07932977,0.17136684,0.17256817
1428280221803402857,a,-0.12664402,0.030336414,0.1388726
1428280221823420729,a,0.033549514,0.18736073,-0.13436827
1428280221843438601,a,0.18148677,0.15738456,-0.2750048
1428280221863456473,a,0.3510059,0.036303252,-0.25665408
1428280221883474345,a,0.26885748,-0.14697947,-0.19744745
1428280221903492217,a,0.085817866,-0.15667717,-0.18251856
1428280221923510089,a,-0.14942154,0.058135573,-0.3341236
1428280221943527961,a,-0.040777754,-0.023917727,-0.36680096
1428280221963545833,a,0.0953052,-0.023770817,-0.37873143
1428280221983563705,a,0.2857916,-0.12705027,-0.26833406
1428280222003581577,a,0.13994676,0.11335918,-0.18142354
1428280222023599449,a,0.118268766,0.30357495,0.057049315
1428280222043617321,a,0.38926336,0.17014995,0.1716814
1428280222063635193,a,0.65151656,-0.102994494,0.29546973
1428280222083653065,a,0.9238837,-0.1911583,0.6672301
1428280222103670937,a,1.3131725,-0.1067807,0.83990675
1428280222123688809,a,1.6542082,-0.1718913,0.81931025
1428280222143706681,a,1.9135468,-0.071793735,0.55725235
1428280222163724553,a,2.0462759,-0.020471588,0.47834134
1428280222183742425,a,2.284674,-0.1527031,0.5506125
1428280222203760297,a,2.4906204,-0.25505102,0.3561986
1428280222223778169,a,2.8859859,-0.59478325,-0.06939694
1428280222243796041,a,2.6479783,-0.40800998,-0.35573938
1428280222263813913,a,2.3707256,-0.5915166,-0.18302181
1428280222283831785,a,1.921732,-1.1033661,-0.27541026
1428280222303849657,a,2.4093325,-1.2364085,-0.11745921
1428280222323867529,a,2.06413,-1.24873,0.06742188
1428280222343885401,a,1.9692527,-0.9338647,0.31267262
1428280222363903273,a,1.7166528,-0.0910435,-0.21922213
1428280222383921145,a,1.8190932,0.09596899,-0.5056021
1428280222403939017,a,1.3880029,-0.54872346,-0.2737282
1428280222423959421,a,0.90609574,-0.56357193,-0.10660061
1428280222443979825,a,-4.2363547E-4,-0.61970204,0.21907853
1428280222464000229,a,0.29030097,-1.0104755,0.5151248
1428280222484020633,a,0.19750461,-1.2918588,0.03969364
1428280222504041037,a,-0.5821626,-0.91348803,0.6770365
1428280222524061441,a,-1.4423971,-0.028602809,1.0119631
1428280222544081845,a,-1.7038609,-0.40701583,0.65123045
1428280222564102249,a,-1.0542921,-1.1997051,0.23411368
1428280222584122653,a,-0.7974093,-1.5526993,-0.01538071
1428280222604143057,a,-1.1656595,-0.8694421,-0.5291507
1428280222624163461,a,-1.4494967,-0.44093716,-0.42630774
1428280222644183865,a,-1.0743532,-0.5692913,-0.79912287
1428280222664204269,a,-1.0338538,-0.3730002,-0.6677832
1428280222684224673,a,0.3904881,-0.015537433,-0.6886698
1428280222704245077,a,0.7766305,-0.25156426,-0.9374699
1428280222724265481,a,-0.17778404,-0.69592154,-0.71467316
1428280222744285885,a,-0.96920234,-1.0062814,-0.3650496
1428280222764306289,a,-0.03475295,-0.210735,-0.21434228
1428280222784326693,a,1.1977483,0.16418375,-0.5862346
1428280222804347097,a,-0.13757744,-0.041825447,-0.7609615
1428280222824367501,a,-0.96673137,0.49889085,-0.22796826
1428280222844387905,a,-0.4848981,1.0280095,0.070790574
1428280222864408309,a,-0.2575165,0.63585746,0.13434722
1428280222884428713,a,-0.57071674,0.06902057,-0.103754535
1428280222904449117,a,-0.9767781,-0.13586497,0.25009865
1428280222924469521,a,-1.0257543,-0.11636542,0.6198878
1428280222944489925,a,-0.35669455,-0.24538061,0.07289657
1428280222964510329,a,-0.46864372,-0.32964295,-0.99226415
1428280222984530733,a,-1.3836241,-1.1324139,-0.80524194
1428280223004551137,a,-2.5466206,-2.3775873,-0.38660496
1428280223024571541,a,-3.7044313,-2.8287222,0.7956266
1428280223044591945,a,-4.6166744,-2.261723,1.855677
1428280223064612349,a,-4.424788,-0.5280612,1.7238144
1428280223084632753,a,-3.3199203,1.4523042,0.9207419
1428280223104653157,a,-2.092148,3.3511112,0.3820656
1428280223124673561,a,-0.9198843,3.6465976,-0.111493215
1428280223144693965,a,-0.16318837,3.996624,-0.38845873
1428280223164714369,a,0.19772238,4.3076243,-0.22984567
1428280223184734773,a,0.16431537,4.435919,-0.5835383
1428280223204755177,a,0.08845173,3.8276565,-0.58572584
1428280223224775581,a,0.5654825,2.566942,-1.0589181
1428280223244795985,a,0.25817505,1.6524284,-0.9411399
1428280223264816389,a,-0.18136044,1.0075153,-1.2419578
1428280223284836793,a,-0.060875118,1.1598289,-1.5807259
1428280223304857197,a,-0.3460728,0.5850353,-0.93329304
1428280223324877601,a,-0.5625053,0.52038336,-0.63089204
1428280223344898005,a,-0.99032086,0.53584623,-0.09904368
1428280223364918409,a,-0.47723228,0.5696674,-0.47534674
1428280223384938813,a,-0.05474609,0.5460204,-0.4225555
1428280223404959217,a,0.07857273,0.48184937,0.4139789
1428280223424979621,a,-0.1265689,0.90455586,0.30769727
1428280223445000025,a,-0.0425821,1.228028,0.057479277
1428280223465021057,a,0.18649523,0.9424793,-0.22715987
1428280223485042089,a,0.0765541,0.5428513,0.045974664
1428280223505063121,a,-0.53488404,0.46552604,0.3625762
1428280223525084153,a,-0.98161036,0.668837,0.39502975
1428280223545105185,a,-0.9906472,0.7408581,-0.16670516
1428280223565126217,a,-0.6197728,0.58036757,-1.002747
1428280223585147249,a,-0.26535085,0.03708979,-0.40481663
1428280223605168281,a,-0.7609713,0.031955495,0.61252785
1428280223625189313,a,-1.522899,0.37343514,1.1763245
1428280223645210345,a,-1.3088005,0.6520583,1.171087
1428280223665231377,a,-0.071113504,0.41497305,0.34121045
1428280223685252409,a,-1.0757233,0.3097906,1.0251896
1428280223705273441,a,-2.2788332,0.34305492,1.1844689
1428280223725294473,a,-1.2397485,0.64504,0.09223007
1428280223745315505,a,0.48493397,0.0047678277,-0.39973578
1428280223765336537,a,-0.66170484,0.16632938,0.37074476
1428280223785357569,a,-2.4391785,0.38962874,1.2509832
1428280223805378601,a,-2.1724808,1.1250356,0.5059442
1428280223825399633,a,-0.08686723,0.5324984,-0.12673414
1428280223845420665,a,-0.75179654,0.00836027,-0.36477
1428280223865441697,a,-2.228835,-0.5648569,-0.31231302
1428280223885462729,a,-1.8263822,0.08916848,-0.5593244
1428280223905483761,a,-0.29022238,-0.22969288,-0.9991015
1428280223925504793,a,-0.31620964,-1.1700217,-0.5975515
1428280223945525825,a,-1.3355422,-0.989045,-0.34916636
1428280223965546857,a,-2.0826507,0.32124925,-0.50107384
1428280223985567889,a,0.47471783,0.92684096,-0.9427148
1428280224005588921,a,1.1525571,0.07050089,-0.69346166
1428280224025609953,a,-0.15269724,-1.7259667,-0.2764952
1428280224045630985,a,-1.069622,-1.1828411,-0.29360485
1428280224065652017,a,-0.20187981,0.34157532,-0.28236246
1428280224085673049,a,1.4877646,0.81918013,-0.23316708
1428280224105694081,a,1.1205106,-0.94389904,0.14495064
1428280224125715113,a,-0.04836915,-2.087819,0.28880167
1428280224145736145,a,-0.58766276,-2.1766803,0.26339453
1428280224165757177,a,0.77146244,-0.7948867,0.057981253
1428280224185778209,a,1.2903154,-1.023647,0.19566613
1428280224205799241,a,0.75879407,-1.232345,0.48826602
1428280224225820273,a,0.106573835,-1.0717928,0.32003897
1428280224245841305,a,-0.05625257,-0.531147,-0.43331128
1428280224265862337,a,0.763328,0.14703445,-0.8422784
1428280224285883369,a,1.1165636,-0.64438415,-0.53894866
1428280224305904401,a,1.2172905,-1.2981143,-0.25051877
1428280224325925433,a,1.412283,-1.2427988,-0.17486
1428280224345946465,a,1.4195855,-0.7591011,0.24777985
1428280224365967497,a,1.7243606,-0.29256383,0.5002557
1428280224385988529,a,1.6847593,-0.5806462,0.5654257
1428280224406009561,a,1.9454697,-1.1258663,0.45401597
1428280224426030593,a,2.5096228,-1.421649,0.6680783
1428280224446051625,a,2.4752572,-1.1269537,0.85498106
1428280224466072657,a,2.4392214,-0.99799645,0.7132098
1428280224486093689,a,2.3353012,-0.9643345,-0.008854583
1428280224506114377,a,2.8210075,-1.145297,-0.5414122
1428280224526135065,a,2.70682,-0.2313161,-1.077649
1428280224546155753,a,1.7164762,0.2303106,-0.8114829
1428280224566176441,a,1.2959613,0.1953699,-0.4422109
1428280224586197129,a,1.0210084,0.31374237,-0.20476374
1428280224606217817,a,1.1479851,0.30149588,-0.14087379
1428280224626238505,a,1.1352844,0.47369885,-0.18819237
1428280224646259193,a,0.5744526,0.47670606,-0.04533792
1428280224666279881,a,0.4341869,0.43030328,0.1623176
1428280224686300569,a,0.8936645,0.07645176,0.06293099
1428280224706321257,a,0.71646124,0.08832833,0.16052242
1428280224726341945,a,0.45270628,0.21458116,0.20405583
1428280224746362633,a,0.40772447,-0.041579265,0.32599902
1428280224766383321,a,0.87583715,-0.25831455,0.15088972
1428280224786404009,a,0.69875765,-0.47382316,0.04599262
1428280224806424697,a,0.076673105,-0.1408888,-0.05582823
1428280224826445385,a,-0.33041492,0.14338349,0.22425555
1428280224846466073,a,-0.2722914,0.25392056,0.23090506
1428280224866486761,a,0.26165673,-0.16343458,-0.08195125
1428280224886507449,a,0.5405051,-0.33409676,0.0028541982
1428280224906528137,a,-0.023363415,-0.04481065,-0.0645038
1428280224926548825,a,-0.025393609,0.113887176,-0.2282184
1428280224946569513,a,0.2441827,4.1423738E-4,-0.40919578
1428280224966590201,a,0.45815372,-0.107898235,-0.36453956
1428280224986610889,a,0.14193384,-0.1226591,0.3197341
1428280225006631577,a,-0.36145502,0.2216019,0.2432953
1428280225026652265,a,-0.11961079,0.11978726,-0.00563886
1428280225046672953,a,0.22034258,0.16267017,0.01715428
1428280225066693641,a,-0.09109084,0.14418304,0.11078149
1428280225086714329,a,0.045505337,0.12021989,0.26058462
1428280225106735017,a,0.051528305,0.020524714,0.07987355
1428280225126755705,a,0.12683149,0.01860188,0.080466524
1428280225146776393,a,-0.080055304,0.19456303,0.1702591
1428280225166797081,a,-0.11515442,-0.027411038,0.122589536
1428280225186817769,a,0.18822752,-0.16278268,0.103622094
1428280225206838457,a,0.30213636,-0.18247494,-0.070537604
1428280225226859145,a,0.019014481,0.096155256,-0.19441558
1428280225246879833,a,-0.09683853,0.16649854,-0.15362385
1428280225266900521,a,0.13437957,0.08635013,-0.20947936
1428280225286921209,a,0.23307517,0.09601602,-0.2721065
1428280225306941897,a,0.16819409,0.055111974,-0.44073516
1428280225326962585,a,-0.088103004,0.1546186,0.10201031
1428280225346983273,a,-1.000287E-4,0.11042911,0.039063856
1428280225367003961,a,0.13352059,-0.10828702,0.14371167
1428280225387024649,a,0.25504708,-0.012219204,-0.026535017
1428280225407045337,a,-0.1358493,0.41427293,-0.011366971
1428280225427066025,a,-0.18700756,0.44136035,-0.14619833
1428280225447086713,a,-0.07471936,0.30741692,-0.23397171
1428280225467107401,a,0.10856009,-0.08451826,-0.18706684
1428280225487128089,a,-0.039551258,0.18284784,-0.15569063
1428280225507148777,a,-0.22345768,0.32068378,-0.28580558
1428280225527168649,a,-0.18471655,0.1891055,-0.22046882
1428280225547188521,a,0.0854456,-0.4263098,0.5121176
1428280225567208393,a,0.66321486,-0.56926894,0.53864044
1428280225587228265,a,-0.06899569,-0.23781292,0.3628895
1428280225607248137,a,0.15470119,-0.18404153,0.33218178
1428280225627268009,a,-0.054157536,0.017302934,0.23417418
1428280225647287881,a,-0.012520261,-0.03767251,0.21725027
1428280225667307753,a,0.004102189,-0.0079152975,0.1837295
1428280225687327625,a,0.06943023,0.3080837,0.023987282
1428280225707347497,a,-0.08168322,0.16987598,0.21249159
1428280225727367369,a,-0.06805743,0.18699653,-0.028669229
1428280225747387241,a,0.01907068,0.32572162,-0.2508246
1428280225767407113,a,0.02670342,0.25585604,-0.33648416
1428280225787426985,a,-0.022469588,0.24670093,-0.27496427
1428280225807446857,a,0.12229598,-0.08121304,-0.117766805
1428280225827466729,a,0.13770838,-0.19784923,0.012899835
1428280225847486601,a,0.14667916,-0.2120899,0.017031975
1428280225867506473,a,0.04796468,0.03017968,0.008949269
1428280225887526345,a,-0.114670165,0.14952835,0.01994234
1428280225907546217,a,-0.056480356,0.010006154,0.061682947
1428280225927566089,a,0.23477142,0.01303023,-0.019910347
1428280225947585961,a,0.17407164,-0.05229386,-0.1129053
1428280225967605833,a,0.15425266,0.0107931625,-0.14308435
1428280225987625705,a,-0.087631166,0.25868666,-0.15097687
1428280226007645577,a,-0.12101386,0.1661739,-0.1059606
1428280226027665449,a,0.068466455,-0.12262959,-0.03552896
1428280226047685321,a,0.0150489295,-0.14267224,0.16894493
1428280226067705193,a,0.072410546,-0.103369296,0.1851791
1428280226087725065,a,-0.115146786,0.12460041,0.17842248
1428280226107744937,a,-0.026465436,0.11583564,-0.059065
1428280226127764809,a,0.025486473,-0.010298299,-0.050785884
1428280226147784681,a,0.1765441,-0.048821528,0.016877051
1428280226167804553,a,-0.029382505,0.12370444,-0.0087533295
1428280226187824425,a,-0.077574395,0.15722618,-0.1372794
1428280226207844297,a,-0.028496535,0.09774747,0.05447614
1428280226227864169,a,0.19666155,-0.20173256,0.12788022
1428280226247884041,a,0.2007149,-0.11819109,0.09424707
1428280226267903913,a,0.11802747,0.09894304,-0.09232731
1428280226287923785,a,-4.4091465E-4,0.2112093,-0.11978999
1428280226307943657,a,0.09617803,0.020627808,-0.16393068
1428280226327963529,a,0.325508,-0.0796727,-0.09608288
1428280226347983401,a,0.16196387,-0.109870315,-0.032709636
1428280226368003273,a,-0.07216102,0.13706827,-0.052216314
1428280226388023145,a,-0.13864796,0.27748957,-0.011708774
1428280226408043017,a,0.008226643,0.16807052,-0.062852085
1428280226428062889,a,0.30486158,-0.10740214,0.005707614
1428280226448082761,a,0.14994061,-0.13291308,-0.0013459623
1428280226468102633,a,-0.13734268,0.12168525,0.06479095
1428280226488122505,a,-0.19454558,0.2157219,1.1119619E-4
1428280226508142377,a,-0.12294628,0.09804216,0.024552982
1428280226528162249,a,0.12873323,-0.10526413,0.0012330506
1428280226548181093,a,0.23899059,-0.115893245,0.0118989665
1428280226568199937,a,0.08909011,0.004368156,-0.22372437
1428280226588218781,a,-0.10728549,0.14531311,-0.28795516
1428280226608237625,a,0.10563163,-0.008107502,-0.03827416
1428280226628256469,a,0.1419507,-0.22432545,0.12370804
1428280226648275313,a,0.064439714,-0.07714546,0.056239106
1428280226668294157,a,-0.1131841,0.17458269,0.06574254
1428280226688313001,a,-0.033299427,0.19462134,-0.08133589
1428280226708331845,a,0.048831034,0.028310757,-0.05741348
1428280226728350689,a,0.25374967,-0.12919615,0.098709404
1428280226748369533,a,0.13224882,0.07018618,0.086373344
1428280226768388377,a,-0.07780193,0.21480283,0.008652598
1428280226788407221,a,-0.10675108,0.16180557,-0.035336614
1428280226808426065,a,0.10826267,-0.032257903,-0.008827078
1428280226828444909,a,0.30134872,-0.23498881,0.0541276
1428280226848463753,a,-5.353028E-4,-0.013444534,0.05222069
1428280226868482597,a,-0.2246091,0.2750665,-0.054571833
1428280226888501441,a,-0.13973173,0.19846381,6.367527E-4
1428280226908520285,a,0.24750301,-0.035424802,0.039213065
1428280226928539129,a,0.34923288,-0.11821217,0.07656996
1428280226948557973,a,0.03699238,0.06678829,-0.020816857
1428280226968576817,a,-0.073058195,0.14409436,0.059996758
1428280226988595661,a,0.07933053,-0.009764639,0.08274589
1428280227008614505,a,0.22257532,-0.084572904,0.014604356
1428280227028633349,a,0.23996311,-0.0037259888,-0.08492896
1428280227048652193,a,0.012874155,0.092843205,-0.08011125
1428280227068671037,a,-0.08759294,0.06919427,0.060653985
1428280227088689881,a,0.16349813,-0.030702952,0.13881141
1428280227108708725,a,0.047676697,0.03154004,0.03092256
1428280227128727569,a,-0.047714725,0.15885127,-0.050212465
1428280227148746413,a,-0.05852543,0.10295763,-0.12396288
1428280227168765257,a,0.15827683,0.0037750453,-0.048531827
1428280227188784101,a,0.124417976,-0.075718775,-0.055639423
1428280227208802945,a,0.13419095,0.012971148,-0.09787375
1428280227228821789,a,0.040094994,0.016610784,-0.1269794
1428280227248840633,a,-0.0014234334,0.05215081,-0.12449177
1428280227268859477,a,0.219087,-0.018964874,-0.112618946
1428280227288878321,a,0.113524124,-0.07932505,-0.12667708
1428280227308897165,a,0.060939822,-0.02285488,-0.051965795
1428280227328916009,a,0.16579172,0.09036944,5.093913E-4
1428280227348934853,a,-0.08450339,0.08244563,-0.030328035
1428280227368953697,a,0.027080355,0.07210616,-0.015383116
1428280227388972541,a,0.05210623,0.013550017,0.07976487
1428280227408991385,a,-0.039989635,0.17716166,0.14836659
1428280227429010229,a,-0.07761582,0.19682834,0.14513627
1428280227449029073,a,0.038805503,0.09661209,0.14029154
1428280227469047917,a,0.19433749,-0.01509909,0.15666826
1428280227489066761,a,0.14372033,-0.033924118,0.217044
1428280227509085605,a,0.022098748,0.083067596,0.1550304
1428280227529104449,a,-0.0051173363,0.03952388,0.17043878
1428280227549123293,a,0.03419272,0.06929898,0.11905627
1428280227569141033,a,0.27738696,-0.11922068,0.10090167
1428280227589158773,a,0.22737157,-0.041181218,0.017681055
1428280227609176513,a,0.054373275,0.05465906,-0.11142524
1428280227629194253,a,-0.0603834,0.1837398,-0.03289806
1428280227649211993,a,-0.036852624,0.037514374,0.0024764994
1428280227669229733,a,0.21978045,0.087654725,0.0036801524
1428280227689247473,a,0.23925501,0.041594435,-0.1791929
1428280227709265213,a,0.1412194,-0.15522517,-0.022170223
1428280227729282953,a,-0.046639748,0.11182616,7.4732304E-4
1428280227749300693,a,-0.17653094,-0.016360065,-0.02068345
1428280227769318433,a,0.10163402,-0.051192127,0.040279813
1428280227789336173,a,0.16963108,-0.0081047565,-0.1758942
1428280227809353913,a,-0.12362334,0.11300907,-0.17517145
1428280227829371653,a,-0.20990872,0.093603596,-0.03825411
1428280227849389393,a,0.010836922,0.06343557,-0.039096713
1428280227869407133,a,0.16536903,-0.067378975,-0.1332844
1428280227889424873,a,0.22839129,-0.033943787,-0.13984396
1428280227909442613,a,0.014342259,0.04614803,-0.055450134
1428280227929460353,a,0.047839172,0.17413002,-1.6347319E-4
1428280227949478093,a,0.16887794,0.1428319,-0.061835364
1428280227969495833,a,0.22474219,0.030894773,0.035915032
1428280227989513573,a,0.1655092,-0.06071631,0.1483512
1428280228009531313,a,0.08669044,-0.061528683,0.24199963
1428280228029549053,a,0.13549891,0.06017109,0.12573996
1428280228049566793,a,0.1117329,0.07694849,0.008248706
1428280228069584533,a,0.08997695,0.16348508,-0.27984667
1428280228089602273,a,-0.03983201,0.13080981,-0.18408595
1428280228109620013,a,0.010440002,-0.0075874412,-0.10110502
1428280228129637753,a,0.10361424,-0.29208422,-0.062927134
1428280228149655493,a,0.21621244,-0.14464042,-0.00820617
1428280228169673233,a,0.09602646,-0.01172114,-0.026124885
1428280228189690973,a,-0.020390175,0.17336226,0.022752672
1428280228209708713,a,-0.07952292,0.072701275,0.0042435545
1428280228229726453,a,-0.050495837,0.087336056,-0.031703282
1428280228249744193,a,0.19017205,-0.12095827,-0.04135429
1428280228269761933,a,0.039665442,0.046450175,-0.04426142
1428280228289779673,a,-0.04640886,0.03142821,-0.09244786
1428280228309797413,a,0.088348754,-0.08563711,-0.10405566
1428280228329815153,a,0.20125216,-0.17092417,-0.0063390248
1428280228349832893,a,0.26825586,-0.03594615,0.18913144
1428280228369850633,a,-0.09378506,0.13416587,0.13476352
1428280228389868373,a,-0.08521434,0.12133296,0.0733688
1428280228409886113,a,-0.018720642,0.08504926,0.100991465
1428280228429903853,a,0.11192352,0.17356491,0.10993338
1428280228449921593,a,0.029741723,0.14377508,0.12659931
1428280228469939333,a,-0.14650752,0.14752227,0.26309544
1428280228489957073,a,-0.005578798,0.04869999,0.12933853
1428280228509974813,a,0.14404437,-1.2066122E-4,-0.039358113
1428280228529992553,a,0.35394126,0.06995793,-0.15797904
1428280228550010293,a,0.26816562,0.07730534,-0.12562945
1428280228570028033,a,0.053628452,-0.005539459,0.005808947
1428280228590044669,a,-0.022189524,-0.17613266,0.07403661
1428280228610061305,a,0.070133775,-0.19427973,-0.062241685
1428280228630077941,a,0.1496797,0.027814887,-0.2732536
1428280228650094577,a,0.10978617,0.19407187,-0.43944764
1428280228670111213,a,0.039330266,0.1840322,-0.32482782
1428280228690127849,a,0.07930593,0.04182648,0.046401564
1428280228710144485,a,0.15827772,-0.101370364,0.09201865
1428280228730161121,a,0.047481075,-0.08382473,0.078262396
1428280228750177757,a,-0.089439504,0.06939195,-0.023810053
1428280228770194393,a,0.0064186463,0.18110229,-0.018155362
1428280228790211029,a,0.051082756,0.09641406,-0.09250705
1428280228810227665,a,0.16122301,0.05371588,-0.059110187
1428280228830244301,a,0.14610542,-0.023341548,-0.03973998
1428280228850260937,a,0.19384636,-0.08233944,0.07234593
1428280228870277573,a,0.11389588,-0.06953846,0.25781456
1428280228890294209,a,-0.04774742,0.08705391,0.21701019
1428280228910310845,a,-0.06404093,0.13850828,0.010695087
1428280228930327481,a,0.08446952,0.10322127,-0.08896739
1428280228950344117,a,0.17581351,0.060014866,-0.07809296
1428280228970360753,a,0.28344476,0.012082431,-0.13110477
1428280228990377389,a,0.12812257,-0.07661484,-0.07406029
1428280229010394025,a,0.10133984,0.010384469,-0.008457936
1428280229030410661,a,0.046319947,0.031808186,0.051106874
1428280229050427297,a,0.18179034,-0.09456444,0.092398435
1428280229070443933,a,0.10476796,0.06249796,0.16752838
1428280229090460569,a,0.033549655,0.10848395,0.0632645
1428280229110477205,a,0.040923413,0.09941922,0.052931566
1428280229130493841,a,0.019463781,-0.026861843,-0.06975151
1428280229150510477,a,-0.047862705,0.005512491,-0.14080466
1428280229170527113,a,6.0180016E-4,0.07301715,-0.14507316
1428280229190543749,a,0.06803397,0.10050123,-0.19634525
1428280229210560385,a,-0.08125712,0.12840647,0.048993327
1428280229230577021,a,-0.016637232,1.28638E-4,0.26530766
1428280229250593657,a,0.050781913,-0.14220607,0.2048257
1428280229270610293,a,0.0487721,0.021153089,-0.07260462
1428280229290626929,a,-0.08352227,0.18679842,-0.10285147
1428280229310643565,a,-0.13266937,0.09385384,0.014834037
1428280229330660201,a,-0.014621955,0.007298696,-0.07895719
1428280229350676837,a,0.20725426,-0.05242958,-0.11584844
1428280229370693473,a,0.28040105,-0.049327184,-0.3286817
1428280229390710109,a,0.1663957,0.052625865,-0.0021407688
1428280229410726745,a,0.04037129,0.07044049,-0.16611172
1428280229430743381,a,-0.008674105,-0.03259146,-0.13216256
1428280229450760017,a,0.15366265,0.018731996,3.7673395E-4
1428280229470776653,a,0.09453168,0.14576869,0.031793203
1428280229490793289,a,0.027824566,0.16145498,0.010753045
1428280229510809925,a,0.018302212,0.08794171,-0.00926654
1428280229530826561,a,0.18022375,-0.020701135,0.008544124
1428280229550843197,a,0.3420783,-0.0743556,0.04998142
1428280229570859833,a,0.15275219,0.05876169,-0.027948666
1428280229590875401,a,0.07909949,0.029613277,0.03470754
1428280229610890969,a,0.036552317,0.122426614,-0.15988606
1428280229630906537,a,0.12666513,-0.080079205,-0.047964953
1428280229650922105,a,0.17183627,-0.012702515,0.004914942
1428280229670937673,a,-0.08749394,0.19202246,0.07665369
1428280229690953241,a,-0.050741896,0.15984967,-0.019665692
1428280229710968809,a,0.040162407,0.109103,0.065802716
1428280229730984377,a,0.11876333,-0.063570835,0.21111824
1428280229750999945,a,0.18853907,-0.19080892,0.31989956
1428280229771015513,a,0.12740287,0.069535896,0.19637837
1428280229791031081,a,-0.123685464,-0.029389333,-0.037144646
1428280229811046649,a,0.095370516,0.09804775,-0.09474908
1428280229831062217,a,0.11413163,-0.08506724,-0.13892126
1428280229851077785,a,0.2546509,-0.09531371,-0.09361867
1428280229871093353,a,-0.016419943,0.03561487,-0.13029009
1428280229891108921,a,-0.16670707,0.15208659,-0.13581282
1428280229911124489,a,-0.33279914,0.2770672,-0.05072366
1428280229931140057,a,-0.13083263,0.11275902,0.04619627
1428280229951155625,a,0.113007516,0.021017175,0.12409793
1428280229971171193,a,0.027162585,-0.051508565,-0.025934584
1428280229991186761,a,0.24810982,0.08680685,-0.09878436
1428280230011202329,a,0.1560067,0.089244485,-0.14454088
1428280230031217897,a,0.25958985,0.047705125,-0.071838394
1428280230051233465,a,0.28271595,-0.33148733,0.08169312
1428280230071249033,a,0.2621777,-0.19168174,0.114235654
1428280230091264601,a,0.11704039,0.027919922,0.12471226
1428280230111280169,a,-0.0630558,0.21430853,0.058155186
1428280230131295737,a,-0.009816427,0.21229692,-0.11992071
1428280230151311305,a,0.15777631,0.0052544028,-0.13952944
1428280230171326873,a,0.25047576,-0.06350216,-0.12188992
1428280230191342441,a,0.17937878,0.025518518,-0.1232998
1428280230211358009,a,0.1141912,0.02034918,-0.08590059
1428280230231373577,a,0.0041197073,0.015127281,-0.07928978
1428280230251389145,a,0.27347845,-0.04842392,0.06223936
1428280230271404713,a,0.15680534,-0.0077500762,-0.055673122
1428280230291420281,a,-0.069146045,0.043380745,-0.052307624
1428280230311435849,a,-0.01639028,0.11513974,-0.034389883
1428280230331451417,a,0.028508108,0.055207055,-0.1207302
1428280230351466985,a,0.028991329,0.049045432,0.007678371
1428280230371482553,a,-0.15283659,0.021434974,-0.070401266
1428280230391498121,a,0.1458484,-0.08904782,0.04286526
1428280230411513689,a,0.21052518,-0.17382199,0.10184673
1428280230431529257,a,0.070039414,-0.12126022,0.010240698
1428280230451544825,a,0.029724333,0.0077022295,-0.015522436
1428280230471560393,a,0.04638605,-0.019944973,-0.11863186
1428280230491575961,a,0.15453789,0.08756459,-0.06296
1428280230511591529,a,0.09211461,-0.09447307,0.037054125
1428280230531607097,a,0.12223135,-0.106093824,0.09143403
1428280230551622665,a,0.1253478,0.008995762,-0.10251408
1428280230571638233,a,0.031219326,0.19108151,-0.12521587
1428280230591653801,a,-0.031571805,0.12749277,0.017554186
1428280230611674473,a,0.01152095,0.048923604,0.12527385
1428280230631695145,a,0.06740829,-0.01830078,0.18215115
1428280230651715817,a,0.08741199,0.23580717,0.044614535
1428280230671736489,a,0.06267081,0.116203144,0.10189487
1428280230691757161,a,0.29916954,0.019308658,0.026890019
1428280230711777833,a,0.17382726,0.0728727,0.18889454
1428280230731798505,a,0.011240944,0.09686515,0.20777898
1428280230751819177,a,-0.085200764,0.1544203,0.13467333
1428280230771839849,a,0.11902711,0.019739248,0.12743479
1428280230791860521,a,0.26944813,0.015835967,0.010527606
1428280230811881193,a,0.10388448,0.10757716,-0.29073974
1428280230831901865,a,8.3389506E-4,0.2256091,-0.25436327
1428280230851922537,a,0.13223608,0.057114698,-0.045893706
1428280230871943209,a,0.18895139,-0.023472745,0.009445063
1428280230891963881,a,0.14997238,-0.09377656,0.09919946
1428280230911984553,a,0.05992332,0.007910353,0.05920779
1428280230932005225,a,0.0037955127,-0.0064206286,-0.0049166935
1428280230952025897,a,0.023662372,-0.07345337,-0.10407859
1428280230972046569,a,0.20070638,-0.18617153,-0.0047699846
1428280230992067241,a,0.028541386,-0.08233266,-0.083102986
1428280231012087913,a,-0.110409334,0.19391572,-0.21904843
1428280231032108585,a,-0.090882584,0.246645,-0.27651042
1428280231052129257,a,-0.0013086684,0.2648146,-0.3602326
1428280231072149929,a,0.14776994,0.20741767,-0.31294227
1428280231092170601,a,0.12424802,0.117441036,-0.14527726
1428280231112191273,a,0.077875875,0.036480397,-0.006249939
1428280231132211945,a,0.068381146,-0.08195345,-0.07548381
1428280231152232617,a,0.45114723,-0.02449124,-0.020436525
1428280231172253289,a,0.39235377,-0.22152773,-0.20608686
1428280231192273961,a,0.26663336,-0.10375574,-0.14530824
1428280231212294633,a,0.27057257,-0.012301923,-0.04887726
1428280231232315305,a,0.1932077,0.07172317,0.0104698595
1428280231252335977,a,0.068662435,0.21064985,-0.069851056
1428280231272356649,a,-0.2515312,0.48190114,-0.23746747
1428280231292377321,a,0.0027648918,0.66110325,-0.53887284
1428280231312397993,a,-0.0154874325,0.05896914,1.6568975
1428280231332418665,a,0.30906492,-0.47441632,1.316119
1428280231352439337,a,-0.47054273,-0.2684328,1.3716551
1428280231372460009,a,-0.2527549,0.024927288,0.9565439
1428280231392480681,a,0.11158112,-0.0858251,0.4502895
1428280231412501353,a,0.25105995,-0.10524751,-0.14245331
1428280231432522025,a,0.19139016,-0.19417746,-0.15452823
1428280231452542697,a,0.06616208,0.12564,-0.06934859
1428280231472563369,a,-0.007923914,0.23088963,-0.1047664
1428280231492584041,a,-0.045197695,0.2803895,-0.14224817
1428280231512604713,a,0.052456446,0.21355484,-0.17790473
1428280231532625385,a,-0.05192478,0.28325418,-0.19376072
1428280231552646057,a,-0.031259507,0.12337834,-0.30184585
1428280231572666729,a,0.28358188,0.027741741,-0.090053014
1428280231592687401,a,0.18154366,-0.061770916,-0.2896419
1428280231612709981,a,0.22330673,-0.0061914474,-0.27655184
1428280231632732561,a,0.07030688,0.012885988,-0.35397097
1428280231652755141,a,0.23627153,-0.107449874,-0.26830155
1428280231672777721,a,0.3336555,-0.021686018,-0.27037415
1428280231692800301,a,0.122046225,-0.010428697,-0.21286398
1428280231712822881,a,-0.029134896,0.05065047,-0.08739355
1428280231732845461,a,0.06404969,-0.011952179,-0.05732868
1428280231752868041,a,0.16660415,-0.10073293,-0.10734115
1428280231772890621,a,0.1717041,-0.06537744,0.04616619
1428280231792913201,a,-0.1072153,0.008705096,0.013936935
1428280231812935781,a,0.047537502,0.030623674,0.15461326
1428280231832958361,a,0.07563107,-0.0071570897,0.054379355
1428280231852980941,a,0.2620252,-0.018362666,0.14428514
1428280231873003521,a,0.06753697,0.006940794,3.7021656E-4
1428280231893026101,a,-0.05511048,0.17275612,-0.036881845
1428280231913048681,a,-0.10354278,0.21728295,-0.021009283
1428280231933071261,a,0.07621829,0.06855866,0.06660323
1428280231953093841,a,0.20301354,-0.07575367,-0.007035829
1428280231973116421,a,-0.007510939,0.020337239,-0.008590212
1428280231993139001,a,-0.188645,0.19695532,-0.11642529
1428280232013161581,a,-0.059992496,0.19928975,-0.014485508
1428280232033184161,a,0.060617853,-0.13287044,0.051319882
1428280232053206741,a,0.19137657,-0.11689109,0.019396009
1428280232073229321,a,0.05171973,-0.11394477,0.05771526
1428280232093251901,a,-0.118172534,0.1088037,-0.018507555
1428280232113274481,a,-0.15572235,0.08705261,0.06642018
1428280232133297061,a,-0.07548496,0.08535874,0.0066401605
1428280232153319641,a,0.030801496,0.009194838,-0.031312436
1428280232173342221,a,0.06905729,-0.021330398,-0.06529797
1428280232193364801,a,0.15759122,-0.021114804,0.036479615
1428280232213387381,a,0.30526736,-0.053919107,0.06969665
1428280232233409961,a,0.40171942,-0.13673726,0.025351748
1428280232253432541,a,0.3806257,0.041310456,0.022478387
1428280232273455121,a,0.1192332,0.14035973,-0.012230349
1428280232293477701,a,0.039140716,0.25478995,-0.06604341
1428280232313500281,a,0.16460767,0.14873688,0.01903018
1428280232333522861,a,0.29910997,-0.006743934,-0.020460349
1428280232353545441,a,0.2622795,-0.08877229,-0.03690515
1428280232373568021,a,0.07764158,0.1313339,-0.0011796728
1428280232393590601,a,-0.024232015,0.102289006,0.024008667
1428280232413613181,a,0.006547383,0.05229969,0.0128542995
1428280232433635761,a,0.20217566,0.07095083,-0.06819954
1428280232453658341,a,0.12724128,0.02708193,-0.15837961
1428280232473680921,a,-0.010490314,0.04464347,-0.024031535
1428280232493703501,a,-0.081710346,0.013724754,-0.017502716
1428280232513726081,a,0.12027479,-0.041296083,0.03035045
1428280232533748661,a,0.18746687,-0.004845993,-0.023356207
1428280232553771241,a,0.05044697,0.0130325705,0.1016851
1428280232573793821,a,-0.0835921,0.0055497624,0.092401735
1428280232593816401,a,-0.07792351,0.05655905,0.07624067
1428280232613838981,a,0.05605482,0.025390226,-0.09221054
1428280232633861561,a,0.032110743,0.011482546,-0.12610687
1428280232653884141,a,0.07926764,-0.008146244,-0.0022996068
1428280232673906969,a,-0.095534794,0.08875114,-0.064726904
1428280232693929797,a,-0.045548853,0.04157978,-0.062734045
1428280232713952625,a,0.1990188,-0.06589863,-0.05881256
1428280232733975453,a,0.16573411,-0.015086233,-0.04660178
1428280232753998281,a,-0.008636234,0.022506796,-0.057740718
1428280232774021109,a,-6.727525E-5,0.060434446,-0.05092586
1428280232794043937,a,0.14778405,-0.06516506,0.019598048
1428280232814066765,a,0.17095959,-0.020359665,-0.11359422
1428280232834089593,a,-0.08761142,0.09016439,-0.054189794
1428280232854112421,a,0.07496049,0.18801422,0.059971094
1428280232874135249,a,0.039984927,-0.038513176,0.13371009
1428280232894158077,a,0.15947808,0.009891334,0.098893866
1428280232914180905,a,0.08685818,-0.017262446,-0.03559648
1428280232934203733,a,0.1582648,0.1215827,-0.056597915
1428280232954226561,a,0.1417927,0.092631236,-0.061424308
1428280232974249389,a,0.13775805,0.13092087,-0.08986978
1428280232994272217,a,0.010925526,0.10856259,-0.17733893
1428280233014295045,a,0.16015157,0.029386949,-0.048507217
1428280233034317873,a,0.10569091,-0.03288545,0.03178913
1428280233054340701,a,0.0407279,0.07974375,0.020097068
1428280233074363529,a,-0.08210016,0.05160345,0.044228792
1428280233094386357,a,0.083848126,-0.10533425,0.021350313
1428280233114409185,a,0.22951947,-0.118355766,-0.03266843
1428280233134432013,a,0.12795743,0.021822795,-0.022645053
1428280233154454841,a,-0.024808438,0.14348948,-0.071319215
1428280233174477669,a,0.10520512,0.102955475,0.062700704
1428280233194500497,a,0.07152655,0.0597917,0.010270132
1428280233214523325,a,0.27190146,-0.030992355,0.022843381
1428280233234546153,a,0.15332492,-0.10847389,0.20638894
1428280233254568981,a,-0.050503694,0.055487767,0.20072636
1428280233274591809,a,-0.055110194,0.16008772,0.13725945
1428280233294614637,a,0.14373806,0.05989115,-0.087889336
1428280233314637465,a,0.3040584,-0.12452346,-0.1513306
1428280233334660293,a,0.14493579,-0.029782875,0.0061720405
1428280233354683121,a,-0.026873607,0.026910596,0.12246427
1428280233374705949,a,-0.07811472,0.18385012,0.05393307
1428280233394728777,a,0.18426153,0.041942835,-0.014603605
1428280233414751605,a,0.22615232,-0.19778058,0.12418741
1428280233434774433,a,0.15534212,-0.09710439,0.0537365
1428280233454797261,a,0.009260701,-0.022868285,-0.103862084
1428280233474820089,a,-0.017853959,0.16774563,-0.1548532
1428280233494842917,a,0.14320666,0.11233544,-0.23659125
1428280233514865745,a,0.07017918,0.11066877,-0.14610347
1428280233534888573,a,-0.047779094,0.0828248,-0.09521753
1428280233554911401,a,-0.09896691,-0.08971773,0.12774529
1428280233574934229,a,-0.06120511,-0.018341424,0.09435691
1428280233594957057,a,0.030718844,0.05428188,-0.042325467
1428280233614979885,a,0.20744812,-0.051727057,-0.07804729
1428280233635002713,a,0.0012018224,0.13297462,-0.08552778
1428280233655025541,a,-0.15257795,0.20846911,-0.054091193
1428280233675047781,a,-0.14328846,0.09770416,-0.04665367
1428280233695070021,a,0.10574004,-4.3193158E-4,-0.058466848
1428280233715092261,a,0.17156678,-0.08529886,0.019173011
1428280233735114501,a,0.015588618,-0.003889246,0.11926615
1428280233755136741,a,0.036279898,0.08148009,0.121195786
1428280233775158981,a,-0.007909965,0.08104929,0.031479366
1428280233795181221,a,0.11785065,0.06264368,-0.15128492
1428280233815203461,a,0.2536954,-0.118181795,-0.10901227
1428280233835225701,a,0.29022393,-0.10689332,-0.055222094
1428280233855247941,a,0.079551876,0.0271022,-0.06736071
1428280233875270181,a,0.07290503,0.117080204,-0.10377436
1428280233895292421,a,0.08992905,0.041375507,-0.18630645
1428280233915314661,a,0.2949182,-0.009566795,-0.13194776
1428280233935336901,a,0.18276615,-0.01031049,-0.16470048
1428280233955359141,a,-0.08300579,0.08435667,0.09227128
1428280233975381381,a,0.12290126,0.07104487,-0.089414276
1428280233995403621,a,0.15544559,0.062085107,0.14628945
1428280234015425861,a,0.12934278,0.08279608,0.094779424
1428280234035448101,a,0.07233386,0.024826981,0.036531348
1428280234055470341,a,0.052984715,-0.09843069,0.13402909
1428280234075492581,a,0.08118925,0.003113316,0.0071632927
1428280234095514821,a,0.09936207,0.04070634,0.0049619777
1428280234115537061,a,0.116309896,0.062010385,0.07114376
1428280234135559301,a,0.0102584,0.028114848,0.15225218
1428280234155581541,a,-0.050714135,-0.023068545,0.11102333
1428280234175603781,a,0.17265372,-0.078786515,-7.5578876E-4
1428280234195626021,a,0.29741386,-0.06985966,-0.114066385
1428280234215648261,a,0.06255512,0.13305852,-0.14532635
1428280234235670501,a,0.019569363,0.12835088,-0.16449502
1428280234255692741,a,-0.047169343,0.07768325,-0.016098576
1428280234275714981,a,-0.0130099775,-0.14722282,0.0030887742
1428280234295737221,a,-0.07276158,-0.1188208,0.051866375
1428280234315759461,a,-0.03510964,0.17219101,-0.17870478
1428280234335781701,a,0.047399968,0.21781947,-0.3036558
1428280234355803941,a,0.2169027,0.19388191,-0.18643063
1428280234375826181,a,0.14972846,0.065056525,-0.12763606
1428280234395848421,a,-0.08865352,-0.14593503,0.0945324
1428280234415870661,a,-0.0994414,0.12996617,0.3665813
1428280234435892901,a,-0.03409068,0.21402255,0.42331362
1428280234455915141,a,0.13764383,0.049666055,0.16876112
1428280234475937381,a,0.31607828,-0.18014807,-0.07653509
1428280234495959621,a,0.389467,-0.33970293,-0.07790178
1428280234515981861,a,0.35575607,-0.078369975,-0.14638545
1428280234536004101,a,0.26189718,0.13150735,-0.15261939
1428280234556026341,a,0.2821256,0.068338975,-0.2658765
1428280234576048581,a,0.2538752,-0.10964017,-0.38448226
1428280234596070821,a,0.08301473,0.051839802,-0.3537832
1428280234616093061,a,-0.08420987,0.46086487,-0.5943161
1428280234636115301,a,-0.17420572,0.49520597,-0.5911795
1428280234656137541,a,0.124240026,0.62911046,-0.8735088
1428280234676158793,a,0.94114727,-0.9789701,1.839654
1428280234696180045,a,0.52841634,-0.2931361,1.4589953
1428280234716201297,a,-0.88007957,0.014537424,1.2291585
1428280234736222549,a,-0.54262495,-0.0349015,1.4623653
1428280234756243801,a,-0.22513993,0.060565576,0.82713306
1428280234776265053,a,0.32681286,-0.11448442,0.05286689
1428280234796286305,a,0.44014013,-0.12733632,-0.27276936
1428280234816307557,a,0.2545933,-0.19463211,-0.11052981
1428280233554911401,a,-0.09896691,-0.08971773,0.12774529
1428280233574934229,a,-0.06120511,-0.018341424,0.09435691
1428280233594957057,a,0.030718844,0.05428188,-0.042325467
1428280233614979885,a,0.20744812,-0.051727057,-0.07804729
1428280233635002713,a,0.0012018224,0.13297462,-0.08552778
1428280233655025541,a,-0.15257795,0.20846911,-0.054091193
1428280233675047781,a,-0.14328846,0.09770416,-0.04665367
1428280233695070021,a,0.10574004,-4.3193158E-4,-0.058466848
1428280233715092261,a,0.17156678,-0.08529886,0.019173011
1428280233735114501,a,0.015588618,-0.003889246,0.11926615
1428280233755136741,a,0.036279898,0.08148009,0.121195786
1428280233775158981,a,-0.007909965,0.08104929,0.031479366
1428280233795181221,a,0.11785065,0.06264368,-0.15128492
1428280233815203461,a,0.2536954,-0.118181795,-0.10901227
1428280233835225701,a,0.29022393,-0.10689332,-0.055222094
1428280233855247941,a,0.079551876,0.0271022,-0.06736071
1428280233875270181,a,0.07290503,0.117080204,-0.10377436
1428280233895292421,a,0.08992905,0.041375507,-0.18630645
1428280233915314661,a,0.2949182,-0.009566795,-0.13194776
1428280233935336901,a,0.18276615,-0.01031049,-0.16470048
1428280233955359141,a,-0.08300579,0.08435667,0.09227128
1428280233975381381,a,0.12290126,0.07104487,-0.089414276
1428280233995403621,a,0.15544559,0.062085107,0.14628945
1428280234015425861,a,0.12934278,0.08279608,0.094779424
1428280234035448101,a,0.07233386,0.024826981,0.036531348
1428280234055470341,a,0.052984715,-0.09843069,0.13402909
1428280234075492581,a,0.08118925,0.003113316,0.0071632927
1428280234095514821,a,0.09936207,0.04070634,0.0049619777
1428280234115537061,a,0.116309896,0.062010385,0.07114376
1428280234135559301,a,0.0102584,0.028114848,0.15225218
1428280234155581541,a,-0.050714135,-0.023068545,0.11102333
1428280234175603781,a,0.17265372,-0.078786515,-7.5578876E-4
1428280234195626021,a,0.29741386,-0.06985966,-0.114066385
1428280234215648261,a,0.06255512,0.13305852,-0.14532635
1428280234235670501,a,0.019569363,0.12835088,-0.16449502
1428280234255692741,a,-0.047169343,0.07768325,-0.016098576
1428280234275714981,a,-0.0130099775,-0.14722282,0.0030887742
1428280234295737221,a,-0.07276158,-0.1188208,0.051866375
1428280234315759461,a,-0.03510964,0.17219101,-0.17870478
1428280234335781701,a,0.047399968,0.21781947,-0.3036558
1428280234355803941,a,0.2169027,0.19388191,-0.18643063
1428280234375826181,a,0.14972846,0.065056525,-0.12763606
1428280234395848421,a,-0.08865352,-0.14593503,0.0945324
1428280234415870661,a,-0.0994414,0.12996617,0.3665813
1428280234435892901,a,-0.03409068,0.21402255,0.42331362
1428280234455915141,a,0.13764383,0.049666055,0.16876112
1428280234475937381,a,0.31607828,-0.18014807,-0.07653509
1428280234495959621,a,0.389467,-0.33970293,-0.07790178
1428280234515981861,a,0.35575607,-0.078369975,-0.14638545
1428280234536004101,a,0.26189718,0.13150735,-0.15261939
1428280234556026341,a,0.2821256,0.068338975,-0.2658765
1428280234576048581,a,0.2538752,-0.10964017,-0.38448226
1428280234596070821,a,0.08301473,0.051839802,-0.3537832
1428280234616093061,a,-0.08420987,0.46086487,-0.5943161
1428280234636115301,a,-0.17420572,0.49520597,-0.5911795
1428280234656137541,a,0.124240026,0.62911046,-0.8735088
1428280234676158793,a,0.94114727,-0.9789701,1.839654
1428280234696180045,a,0.52841634,-0.2931361,1.4589953
1428280234716201297,a,-0.88007957,0.014537424,1.2291585
1428280234736222549,a,-0.54262495,-0.0349015,1.4623653
1428280234756243801,a,-0.22513993,0.060565576,0.82713306
1428280234776265053,a,0.32681286,-0.11448442,0.05286689
1428280234796286305,a,0.44014013,-0.12733632,-0.27276936
1428280234816307557,a,0.2545933,-0.19463211,-0.11052981
