0,N,0,0,0
1429727911660442703,a,-0.053761844,-0.034287006,0.03857541
1429727911680442703,a,-0.039262846,0.005575124,-0.0735588
1429727911700442703,a,-0.01738379,-0.012791444,0.046382993
1429727911720442703,a,0.03510607,-0.06372219,-0.001018573
1429727911740442703,a,0.039259646,-0.0543973,0.025428372
1429727911760442703,a,0.028955013,-0.0069517223,0.027911806
1429727911780442703,a,-0.10111623,-0.022991352,0.014026106
1429727911800442703,a,-0.06526877,-0.03905214,0.03840528
1429727911820442703,a,0.021551264,0.039074752,-0.0054982062
1429727911840442703,a,0.07565198,0.0032455227,-0.012094889
1429727911860442703,a,0.01698772,-0.04280617,0.01799175
1429727911880442703,a,-0.014604802,-0.03733152,0.007999782
1429727911900442703,a,-0.01958496,0.019199992,-0.013353301
1429727911920442703,a,-0.04800909,-0.017672326,0.005232675
1429727911940442703,a,-0.031200692,-0.05252002,0.0029115262
1429727911960442703,a,0.022788793,0.0056873634,0.07561768
1429727911980442703,a,0.08924432,0.044804893,0.019249383
1429727912000442703,a,0.02501556,-0.046208747,0.006121978
1429727912020442703,a,-0.107268535,-0.15328392,0.032530442
1429727912040442703,a,-0.015631156,0.052499153,0.029798293
1429727912060442703,a,0.008730763,0.19078527,0.011594531
1429727912080442703,a,0.015985318,-0.014377107,-0.005981328
1429727912100442703,a,0.04249273,-0.068438366,0.025266739
1429727912120442703,a,0.025857907,0.07514797,0.090340465
1429727912140442703,a,-0.017578457,-0.012199392,-0.013618222
1429727912160442703,a,-0.113745,-0.2112534,0.082316875
1429727912180442703,a,-0.009095412,-0.0208083,0.022380382
1429727912200442703,a,0.07843658,0.17532344,0.07952645
1429727912220448951,a,0.06726005,0.022385737,0.014047052
1429727912240455199,a,-0.05445214,-0.15715253,-0.002819006
1429727912260461447,a,-0.029969167,-0.013016714,0.012547029
1429727912280467695,a,-0.042320978,0.07367056,0.029528642
1429727912300473943,a,-0.0022689665,-0.027111564,0.01526039
1429727912320480191,a,0.028102932,-0.06752987,0.022680182
1429727912340486439,a,0.06349704,0.087315895,0.03583886
1429727912360492687,a,0.01816093,0.03217478,0.011023121
1429727912380498935,a,-0.08886012,-0.13010632,0.018379001
1429727912400505183,a,-0.10980426,-0.0829162,-0.027175115
1429727912420511431,a,0.043372113,0.05403801,0.0018783193
1429727912440517679,a,0.078826785,0.044763558,-0.0072509646
1429727912460523927,a,0.048649814,-0.042758286,0.011103747
1429727912480530175,a,-0.028551374,0.016183073,0.05100953
1429727912500536423,a,-0.036937546,0.051362447,0.051047813
1429727912520542671,a,-0.038914658,-0.02025937,0.05071015
1429727912540548919,a,-0.0056651365,-0.07028757,0.07009888
1429727912560555167,a,0.075605616,0.049233586,0.028629914
1429727912580561415,a,0.09518553,0.08280051,-0.021232193
1429727912600567663,a,-0.037783064,-0.022722358,-0.013938171
1429727912620573911,a,-0.09481276,-0.025673151,0.02837078
1429727912640580159,a,-0.04099823,0.028863084,0.014983989
1429727912660586407,a,0.057914212,0.017199041,0.035433356
1429727912680592655,a,0.08344665,-0.022402259,0.0020832624
1429727912700598903,a,0.04074711,-0.047948126,-0.0010019396
1429727912720605151,a,-0.005662952,0.017826967,-0.0013455054
1429727912740611399,a,-0.1106434,-0.018156795,0.05452116
1429727912760617647,a,-0.078105666,-0.053331606,0.026084693
1429727912780623895,a,0.008596732,0.022057708,0.015629446
1429727912800630143,a,0.102980584,-7.8547E-4,0.06231094
1429727912820636391,a,0.066286705,-0.030075172,0.052105945
1429727912840642639,a,-0.049113933,-0.054138973,0.026468066
1429727912860648887,a,-0.09472554,0.03718159,-0.0144552635
1429727912880655135,a,-0.0044408194,-0.027493045,0.06311999
1429727912900661383,a,0.053801708,-0.01645961,-0.022235623
1429727912920667631,a,0.056935042,-0.0050981757,0.008988108
1429727912120442703,a,0.025857907,0.07514797,0.090340465
1429727912140442703,a,-0.017578457,-0.012199392,-0.013618222
1429727912160442703,a,-0.113745,-0.2112534,0.082316875
1429727912180442703,a,-0.009095412,-0.0208083,0.022380382
1429727912200442703,a,0.07843658,0.17532344,0.07952645
1429727912220448951,a,0.06726005,0.022385737,0.014047052
1429727912240455199,a,-0.05445214,-0.15715253,-0.002819006
1429727912260461447,a,-0.029969167,-0.013016714,0.012547029
1429727912280467695,a,-0.042320978,0.07367056,0.029528642
1429727912300473943,a,-0.0022689665,-0.027111564,0.01526039
1429727912320480191,a,0.028102932,-0.06752987,0.022680182
1429727912340486439,a,0.06349704,0.087315895,0.03583886
1429727912360492687,a,0.01816093,0.03217478,0.011023121
1429727912380498935,a,-0.08886012,-0.13010632,0.018379001
1429727912400505183,a,-0.10980426,-0.0829162,-0.027175115
1429727912420511431,a,0.043372113,0.05403801,0.0018783193
1429727912440517679,a,0.078826785,0.044763558,-0.0072509646
1429727912460523927,a,0.048649814,-0.042758286,0.011103747
1429727912480530175,a,-0.028551374,0.016183073,0.05100953
1429727912500536423,a,-0.036937546,0.051362447,0.051047813
1429727912520542671,a,-0.038914658,-0.02025937,0.05071015
1429727912540548919,a,-0.0056651365,-0.07028757,0.07009888
1429727912560555167,a,0.075605616,0.049233586,0.028629914
1429727912580561415,a,0.09518553,0.08280051,-0.021232193
1429727912600567663,a,-0.037783064,-0.022722358,-0.013938171
1429727912620573911,a,-0.09481276,-0.025673151,0.02837078
1429727912640580159,a,-0.04099823,0.028863084,0.014983989
1429727912660586407,a,0.057914212,0.017199041,0.035433356
1429727912680592655,a,0.08344665,-0.022402259,0.0020832624
1429727912700598903,a,0.04074711,-0.047948126,-0.0010019396
1429727912720605151,a,-0.005662952,0.017826967,-0.0013455054
1429727912740611399,a,-0.1106434,-0.018156795,0.05452116
1429727912760617647,a,-0.078105666,-0.053331606,0.026084693
1429727912780623895,a,0.008596732,0.022057708,0.015629446
1429727912800630143,a,0.102980584,-7.8547E-4,0.06231094
1429727912820636391,a,0.066286705,-0.030075172,0.052105945
1429727912840642639,a,-0.049113933,-0.054138973,0.026468066
1429727912860648887,a,-0.09472554,0.03718159,-0.0144552635
1429727912880655135,a,-0.0044408194,-0.027493045,0.06311999
1429727912900661383,a,0.053801708,-0.01645961,-0.022235623
1429727912920667631,a,0.056935042,-0.0050981757,0.008988108
1429727912480530175,a,-0.028551374,0.016183073,0.05100953
1429727912500536423,a,-0.036937546,0.051362447,0.051047813
1429727912520542671,a,-0.038914658,-0.02025937,0.05071015
1429727912540548919,a,-0.0056651365,-0.07028757,0.07009888
1429727912560555167,a,0.075605616,0.049233586,0.028629914
1429727912580561415,a,0.09518553,0.08280051,-0.021232193
1429727912600567663,a,-0.037783064,-0.022722358,-0.013938171
1429727912620573911,a,-0.09481276,-0.025673151,0.02837078
1429727912640580159,a,-0.04099823,0.028863084,0.014983989
1429727912660586407,a,0.057914212,0.017199041,0.035433356
1429727912680592655,a,0.08344665,-0.022402259,0.0020832624
1429727912700598903,a,0.04074711,-0.047948126,-0.0010019396
1429727912720605151,a,-0.005662952,0.017826967,-0.0013455054
1429727912740611399,a,-0.1106434,-0.018156795,0.05452116
1429727912760617647,a,-0.078105666,-0.053331606,0.026084693
1429727912780623895,a,0.008596732,0.022057708,0.015629446
1429727912800630143,a,0.102980584,-7.8547E-4,0.06231094
1429727912820636391,a,0.066286705,-0.030075172,0.052105945
1429727912840642639,a,-0.049113933,-0.054138973,0.026468066
1429727912860648887,a,-0.09472554,0.03718159,-0.0144552635
1429727912880655135,a,-0.0044408194,-0.027493045,0.06311999
1429727912900661383,a,0.053801708,-0.01645961,-0.022235623
1429727912920667631,a,0.056935042,-0.0050981757,0.008988108
0,N,0,0,0
1429727913400788819,a,-0.009301527,-0.03594341,0.02231544
1429727913420791871,a,-0.09776852,-0.081713915,0.023315705
1429727913440794923,a,-0.053696927,0.025452884,0.07705794
1429727913460797975,a,0.020634733,0.054156434,0.08296612
1429727913480801027,a,0.042738345,-0.047167163,0.05888249
1429727913500804079,a,0.026986942,-0.011663576,0.030092407
1429727913520807131,a,-0.019334143,0.023837194,0.008074015
1429727913540810183,a,-0.061262097,0.030585226,3.5919953E-4
1429727913560813235,a,-0.020795627,6.000113E-4,0.0127458945
1429727913580816287,a,0.024130246,0.0068986253,0.025343364
1429727913600819339,a,0.067101926,0.020428194,0.035554435
1429727913620822391,a,-0.012589094,0.0051034866,-0.044592977
1429727913640825443,a,-0.01410014,-0.008260856,0.005611508
1429727913660828495,a,-0.040799882,-0.037029292,0.041043375
1429727913680831547,a,0.024868486,-0.038734682,0.08740882
1429727913700834599,a,0.07698343,-0.006576173,-0.019505627
1429727913720837651,a,0.0031518687,-0.022554543,0.0177524
1429727913740840703,a,-0.001215022,0.031649403,0.0059571667
1429727913760843755,a,-0.011371502,0.00815674,-0.0014633941
1429727913780846807,a,-0.013741105,0.03755203,0.024971534
1429727913800849859,a,0.009246381,-0.05328379,0.065588236
1429727913820852911,a,0.049382027,0.012743254,0.018525207
1429727913840855963,a,0.015238128,0.03186509,0.0037857702
1429727913860859015,a,0.010629346,0.0051097753,0.04191833
1429727913880862067,a,-0.041076187,0.0013617366,0.02923327
1429727913900865119,a,-0.034504313,-0.011780225,0.048420582
1429727913920868171,a,0.0015746205,-0.028241836,0.03446687
1429727913940871223,a,0.014388895,0.025943857,-0.0130105335
1429727913960874275,a,0.04685201,0.02623396,-0.005388447
1429727913980877327,a,-0.020039711,0.019204168,0.04875259
1429727914000880379,a,-0.019049192,0.0014685877,0.003191401
1429727914020883431,a,-0.012148549,-0.05382575,0.058105957
1429727914040886483,a,-0.031701323,-0.024720196,0.062762365
1429727914060889535,a,0.023899129,0.03321507,-0.0056626494
1429727914080892587,a,0.029821442,0.052213322,0.023239097
1429727914100895639,a,0.049873583,0.005683145,-6.4659945E-4
1429727914120898691,a,0.002045502,-0.02731056,0.024893777
1429727914140901743,a,-0.06367997,-0.00787622,-0.016610764
1429727914160904795,a,0.017737413,-0.002042139,-0.008300565
1429727914180907847,a,0.02639831,0.015621571,0.044575013
1429727914200910899,a,0.0599062,0.020974915,-0.01001637
1429727912480530175,a,-0.028551374,0.016183073,0.05100953
1429727912500536423,a,-0.036937546,0.051362447,0.051047813
1429727912520542671,a,-0.038914658,-0.02025937,0.05071015
1429727912540548919,a,-0.0056651365,-0.07028757,0.07009888
1429727912560555167,a,0.075605616,0.049233586,0.028629914
1429727912580561415,a,0.09518553,0.08280051,-0.021232193
1429727912600567663,a,-0.037783064,-0.022722358,-0.013938171
1429727912620573911,a,-0.09481276,-0.025673151,0.02837078
1429727912640580159,a,-0.04099823,0.028863084,0.014983989
1429727912660586407,a,0.057914212,0.017199041,0.035433356
1429727912680592655,a,0.08344665,-0.022402259,0.0020832624
1429727912700598903,a,0.04074711,-0.047948126,-0.0010019396
1429727912720605151,a,-0.005662952,0.017826967,-0.0013455054
1429727912740611399,a,-0.1106434,-0.018156795,0.05452116
1429727912760617647,a,-0.078105666,-0.053331606,0.026084693
1429727912780623895,a,0.008596732,0.022057708,0.015629446
1429727912800630143,a,0.102980584,-7.8547E-4,0.06231094
1429727912820636391,a,0.066286705,-0.030075172,0.052105945
1429727912840642639,a,-0.049113933,-0.054138973,0.026468066
1429727912860648887,a,-0.09472554,0.03718159,-0.0144552635
1429727912880655135,a,-0.0044408194,-0.027493045,0.06311999
1429727912900661383,a,0.053801708,-0.01645961,-0.022235623
1429727912920667631,a,0.056935042,-0.0050981757,0.008988108
1429727913900865119,a,-0.034504313,-0.011780225,0.048420582
1429727913920868171,a,0.0015746205,-0.028241836,0.03446687
1429727913940871223,a,0.014388895,0.025943857,-0.0130105335
1429727913960874275,a,0.04685201,0.02623396,-0.005388447
1429727913980877327,a,-0.020039711,0.019204168,0.04875259
1429727914000880379,a,-0.019049192,0.0014685877,0.003191401
1429727914020883431,a,-0.012148549,-0.05382575,0.058105957
1429727914040886483,a,-0.031701323,-0.024720196,0.062762365
1429727914060889535,a,0.023899129,0.03321507,-0.0056626494
1429727914080892587,a,0.029821442,0.052213322,0.023239097
1429727914100895639,a,0.049873583,0.005683145,-6.4659945E-4
1429727914120898691,a,0.002045502,-0.02731056,0.024893777
1429727914140901743,a,-0.06367997,-0.00787622,-0.016610764
1429727914160904795,a,0.017737413,-0.002042139,-0.008300565
1429727914180907847,a,0.02639831,0.015621571,0.044575013
1429727914200910899,a,0.0599062,0.020974915,-0.01001637
1429727912480530175,a,-0.028551374,0.016183073,0.05100953
1429727912500536423,a,-0.036937546,0.051362447,0.051047813
1429727912520542671,a,-0.038914658,-0.02025937,0.05071015
1429727912540548919,a,-0.0056651365,-0.07028757,0.07009888
1429727912560555167,a,0.075605616,0.049233586,0.028629914
1429727912580561415,a,0.09518553,0.08280051,-0.021232193
1429727912600567663,a,-0.037783064,-0.022722358,-0.013938171
1429727912620573911,a,-0.09481276,-0.025673151,0.02837078
1429727912640580159,a,-0.04099823,0.028863084,0.014983989
1429727912660586407,a,0.057914212,0.017199041,0.035433356
1429727912680592655,a,0.08344665,-0.022402259,0.0020832624
1429727912700598903,a,0.04074711,-0.047948126,-0.0010019396
1429727912720605151,a,-0.005662952,0.017826967,-0.0013455054
1429727912740611399,a,-0.1106434,-0.018156795,0.05452116
1429727912760617647,a,-0.078105666,-0.053331606,0.026084693
1429727912780623895,a,0.008596732,0.022057708,0.015629446
1429727912800630143,a,0.102980584,-7.8547E-4,0.06231094
1429727912820636391,a,0.066286705,-0.030075172,0.052105945
1429727912840642639,a,-0.049113933,-0.054138973,0.026468066
1429727912860648887,a,-0.09472554,0.03718159,-0.0144552635
1429727912880655135,a,-0.0044408194,-0.027493045,0.06311999
1429727912900661383,a,0.053801708,-0.01645961,-0.022235623
1429727912920667631,a,0.056935042,-0.0050981757,0.008988108
1429727914180907847,a,0.02639831,0.015621571,0.044575013
1429727914200910899,a,0.0599062,0.020974915,-0.01001637
1429727912480530175,a,-0.028551374,0.016183073,0.05100953
1429727912500536423,a,-0.036937546,0.051362447,0.051047813
1429727912520542671,a,-0.038914658,-0.02025937,0.05071015
1429727912540548919,a,-0.0056651365,-0.07028757,0.07009888
1429727912560555167,a,0.075605616,0.049233586,0.028629914
1429727912580561415,a,0.09518553,0.08280051,-0.021232193
1429727912600567663,a,-0.037783064,-0.022722358,-0.013938171
1429727912620573911,a,-0.09481276,-0.025673151,0.02837078
1429727912640580159,a,-0.04099823,0.028863084,0.014983989
1429727912660586407,a,0.057914212,0.017199041,0.035433356
1429727912680592655,a,0.08344665,-0.022402259,0.0020832624
1429727912700598903,a,0.04074711,-0.047948126,-0.0010019396
1429727912720605151,a,-0.005662952,0.017826967,-0.0013455054
1429727912740611399,a,-0.1106434,-0.018156795,0.05452116
1429727912760617647,a,-0.078105666,-0.053331606,0.026084693
1429727912780623895,a,0.008596732,0.022057708,0.015629446
1429727912800630143,a,0.102980584,-7.8547E-4,0.06231094
1429727912820636391,a,0.066286705,-0.030075172,0.052105945
1429727912840642639,a,-0.049113933,-0.054138973,0.026468066
1429727912860648887,a,-0.09472554,0.03718159,-0.0144552635
1429727912880655135,a,-0.0044408194,-0.027493045,0.06311999
1429727912900661383,a,0.053801708,-0.01645961,-0.022235623
1429727912920667631,a,0.056935042,-0.0050981757,0.008988108
0,N,0,0,0
1429727914720951335,a,-0.07717883,-0.019264614,0.00469092
1429727914740952695,a,-0.0359757,0.0015565753,0.050848115
1429727914760954055,a,-0.001846381,0.020125791,0.082525164
1429727914780955415,a,0.036369547,-0.00818944,-0.020045403
1429727914800956775,a,0.063984044,9.384018E-4,-0.065120876
1429727914820958135,a,-0.01639476,-0.054688167,-0.06886343
1429727914840959495,a,-0.041882455,-0.045092337,0.074498855
1429727914860960855,a,-0.05450883,-0.034026634,-0.009430804
1429727914880962215,a,0.0017585239,0.024108807,0.061042055
1429727914900963575,a,0.03281348,8.8492857E-4,-0.017655727
1429727914920964935,a,0.039317265,0.010648238,0.011210689
1429727914940966295,a,0.033742193,0.011538705,0.018322524
1429727914960967655,a,-0.05601914,-0.042374905,0.07910213
1429727914980969015,a,-0.059012517,-0.068290256,0.023875006
1429727915000970375,a,-0.016804755,0.013485721,0.027217593
1429727915020971735,a,0.08789511,0.023938285,0.0191177
1429727915040973095,a,0.06612289,-0.025898142,0.10958881
1429727915060974455,a,-0.008015583,-0.019205725,0.01042681
1429727915080975815,a,-0.08575322,0.016311131,0.05979673
1429727915100977175,a,-0.058832504,0.054586902,0.0076720803
1429727915120978535,a,0.0064079976,-0.0030026005,0.07534971
1429727915140979895,a,0.08700904,0.035101645,0.091001056
1429727915160981255,a,0.0067498633,-0.028019393,0.0608715
1429727915180982615,a,-0.03093524,-0.027306065,0.024437938
1429727915200983975,a,-0.065062866,-0.065506674,-0.028882438
1429727915220985335,a,0.0062358887,-6.476705E-5,0.056205235
1429727915240986695,a,0.029206175,0.050159864,-0.039026856
1429727915260988055,a,0.019666797,0.0064328336,-0.013018691
1429727915280989415,a,0.0030638753,0.031269766,0.08264596
1429727915300989887,a,-0.041737366,-0.028224982,-0.030785225
1429727915320990359,a,-0.004646431,-0.043893233,0.017542377
1429727915340990831,a,-0.021983948,-0.0063932477,0.050999798
1429727915360991303,a,0.011797954,-0.010538404,0.04426185
1429727915380991775,a,0.004459227,0.021837138,0.013182034
1429727915400992247,a,0.0380505,-0.01788602,0.08290118
1429727915420992719,a,-0.04017196,-0.012494745,-0.009142734
1429727915440993191,a,-0.031407677,-0.04238825,0.07225314
1429727915460993663,a,-0.040140867,-0.019874742,0.019559171
1429727915480994135,a,9.089933E-4,0.010810377,0.013081923
1429727914180907847,a,0.02639831,0.015621571,0.044575013
1429727914200910899,a,0.0599062,0.020974915,-0.01001637
1429727912480530175,a,-0.028551374,0.016183073,0.05100953
1429727912500536423,a,-0.036937546,0.051362447,0.051047813
1429727912520542671,a,-0.038914658,-0.02025937,0.05071015
1429727912540548919,a,-0.0056651365,-0.07028757,0.07009888
1429727912560555167,a,0.075605616,0.049233586,0.028629914
1429727912580561415,a,0.09518553,0.08280051,-0.021232193
1429727912600567663,a,-0.037783064,-0.022722358,-0.013938171
1429727912620573911,a,-0.09481276,-0.025673151,0.02837078
1429727912640580159,a,-0.04099823,0.028863084,0.014983989
1429727912660586407,a,0.057914212,0.017199041,0.035433356
1429727912680592655,a,0.08344665,-0.022402259,0.0020832624
1429727912700598903,a,0.04074711,-0.047948126,-0.0010019396
1429727912720605151,a,-0.005662952,0.017826967,-0.0013455054
1429727912740611399,a,-0.1106434,-0.018156795,0.05452116
1429727912760617647,a,-0.078105666,-0.053331606,0.026084693
1429727912780623895,a,0.008596732,0.022057708,0.015629446
1429727912800630143,a,0.102980584,-7.8547E-4,0.06231094
1429727912820636391,a,0.066286705,-0.030075172,0.052105945
1429727912840642639,a,-0.049113933,-0.054138973,0.026468066
1429727912860648887,a,-0.09472554,0.03718159,-0.0144552635
1429727912880655135,a,-0.0044408194,-0.027493045,0.06311999
1429727912900661383,a,0.053801708,-0.01645961,-0.022235623
1429727912920667631,a,0.056935042,-0.0050981757,0.008988108
1429727915240986695,a,0.029206175,0.050159864,-0.039026856
1429727915260988055,a,0.019666797,0.0064328336,-0.013018691
1429727915280989415,a,0.0030638753,0.031269766,0.08264596
1429727915300989887,a,-0.041737366,-0.028224982,-0.030785225
1429727915320990359,a,-0.004646431,-0.043893233,0.017542377
1429727915340990831,a,-0.021983948,-0.0063932477,0.050999798
1429727915360991303,a,0.011797954,-0.010538404,0.04426185
1429727915380991775,a,0.004459227,0.021837138,0.013182034
1429727915400992247,a,0.0380505,-0.01788602,0.08290118
1429727915420992719,a,-0.04017196,-0.012494745,-0.009142734
1429727915440993191,a,-0.031407677,-0.04238825,0.07225314
1429727915460993663,a,-0.040140867,-0.019874742,0.019559171
1429727915480994135,a,9.089933E-4,0.010810377,0.013081923
1429727914180907847,a,0.02639831,0.015621571,0.044575013
1429727914200910899,a,0.0599062,0.020974915,-0.01001637
1429727912480530175,a,-0.028551374,0.016183073,0.05100953
1429727912500536423,a,-0.036937546,0.051362447,0.051047813
1429727912520542671,a,-0.038914658,-0.02025937,0.05071015
1429727912540548919,a,-0.0056651365,-0.07028757,0.07009888
1429727912560555167,a,0.075605616,0.049233586,0.028629914
1429727912580561415,a,0.09518553,0.08280051,-0.021232193
1429727912600567663,a,-0.037783064,-0.022722358,-0.013938171
1429727912620573911,a,-0.09481276,-0.025673151,0.02837078
1429727912640580159,a,-0.04099823,0.028863084,0.014983989
1429727912660586407,a,0.057914212,0.017199041,0.035433356
1429727912680592655,a,0.08344665,-0.022402259,0.0020832624
1429727912700598903,a,0.04074711,-0.047948126,-0.0010019396
1429727912720605151,a,-0.005662952,0.017826967,-0.0013455054
1429727912740611399,a,-0.1106434,-0.018156795,0.05452116
1429727912760617647,a,-0.078105666,-0.053331606,0.026084693
1429727912780623895,a,0.008596732,0.022057708,0.015629446
1429727912800630143,a,0.102980584,-7.8547E-4,0.06231094
1429727912820636391,a,0.066286705,-0.030075172,0.052105945
1429727912840642639,a,-0.049113933,-0.054138973,0.026468066
1429727912860648887,a,-0.09472554,0.03718159,-0.0144552635
1429727912880655135,a,-0.0044408194,-0.027493045,0.06311999
1429727912900661383,a,0.053801708,-0.01645961,-0.022235623
1429727912920667631,a,0.056935042,-0.0050981757,0.008988108
1429727915480994135,a,9.089933E-4,0.010810377,0.013081923
1429727914180907847,a,0.02639831,0.015621571,0.044575013
1429727914200910899,a,0.0599062,0.020974915,-0.01001637
1429727912480530175,a,-0.028551374,0.016183073,0.05100953
1429727912500536423,a,-0.036937546,0.051362447,0.051047813
1429727912520542671,a,-0.038914658,-0.02025937,0.05071015
1429727912540548919,a,-0.0056651365,-0.07028757,0.07009888
1429727912560555167,a,0.075605616,0.049233586,0.028629914
1429727912580561415,a,0.09518553,0.08280051,-0.021232193
1429727912600567663,a,-0.037783064,-0.022722358,-0.013938171
1429727912620573911,a,-0.09481276,-0.025673151,0.02837078
1429727912640580159,a,-0.04099823,0.028863084,0.014983989
1429727912660586407,a,0.057914212,0.017199041,0.035433356
1429727912680592655,a,0.08344665,-0.022402259,0.0020832624
1429727912700598903,a,0.04074711,-0.047948126,-0.0010019396
1429727912720605151,a,-0.005662952,0.017826967,-0.0013455054
1429727912740611399,a,-0.1106434,-0.018156795,0.05452116
1429727912760617647,a,-0.078105666,-0.053331606,0.026084693
1429727912780623895,a,0.008596732,0.022057708,0.015629446
1429727912800630143,a,0.102980584,-7.8547E-4,0.06231094
1429727912820636391,a,0.066286705,-0.030075172,0.052105945
1429727912840642639,a,-0.049113933,-0.054138973,0.026468066
1429727912860648887,a,-0.09472554,0.03718159,-0.0144552635
1429727912880655135,a,-0.0044408194,-0.027493045,0.06311999
1429727912900661383,a,0.053801708,-0.01645961,-0.022235623
1429727912920667631,a,0.056935042,-0.0050981757,0.008988108
0,N,0,0,0
1429727916021006879,a,0.037186127,0.03784447,-0.02941012
1429727916041007351,a,0.044225488,0.030672282,-0.010190204
1429727916061007823,a,-0.023945954,-0.048682723,0.017275902
1429727916081008295,a,-0.027009826,-0.081569806,-0.018812157
1429727916101008767,a,-0.034051605,0.044858724,-0.039938908
1429727916121009239,a,0.045212075,0.09493493,-0.002740162
1429727916141009711,a,0.014095219,0.046793398,0.051716812
1429727916161010183,a,0.013292412,-0.03674289,0.0561465
1429727916181010655,a,-0.052709535,-0.09513252,0.03585974
1429727916201011127,a,-0.023136118,-0.05500545,0.06755511
1429727916221011599,a,0.037865836,-0.032625135,0.08044375
1429727916241012071,a,0.04093199,0.05382613,0.04012697
1429727916261012543,a,0.040819656,0.023139944,0.011270748
1429727916281013015,a,-0.017244779,-0.020304902,-0.030394899
1429727916301013487,a,-0.040721033,-0.0680328,0.040929344
1429727916321013503,a,-0.007251522,0.043879382,0.017884858
1429727916341013519,a,0.014195095,0.040694904,0.018159116
1429727916361013535,a,0.040286317,-0.026350424,0.068525866
1429727916381013551,a,-0.0078376755,-0.013992133,-0.027845489
1429727916401013567,a,-0.02547783,0.0029772825,-0.04238113
1429727916421013583,a,-0.00810479,-0.0063498723,0.048803583
1429727916441013599,a,-0.029971879,-0.023260726,0.034080792
1429727916461013615,a,0.0023100178,0.057634555,0.030033167
1429727916481013631,a,0.039162282,0.030933453,-0.0031014844
1429727916501013647,a,0.008520754,-0.039221235,0.00819041
1429727916521013663,a,-0.03568932,-0.04067759,-0.042685058
1429727916541013679,a,-0.05016934,0.009709328,0.048310578
1429727916561013695,a,-0.0070792423,0.025711838,0.0393667
1429727916581013711,a,0.018811056,0.046580236,0.046973664
1429727916601013727,a,0.052090015,0.028950306,0.016218737
1429727916621013743,a,0.05063042,0.00789414,-0.003036875
1429727916641013759,a,0.0049988334,-0.054334916,0.010470652
1429727916661013775,a,-0.019928684,-0.079121806,0.055540238
1429727916681013791,a,-0.008994739,-0.004625975,-0.046978123
1429727916701013807,a,0.0019071375,0.038948998,-0.005958077
1429727916721013823,a,0.039393105,0.0057269214,0.06144993
1429727916741013839,a,0.043366563,-0.037930302,0.080487564
1429727916761013855,a,-0.01671136,-0.074171305,0.017307283
1429727915480994135,a,9.089933E-4,0.010810377,0.013081923
1429727914180907847,a,0.02639831,0.015621571,0.044575013
1429727914200910899,a,0.0599062,0.020974915,-0.01001637
1429727912480530175,a,-0.028551374,0.016183073,0.05100953
1429727912500536423,a,-0.036937546,0.051362447,0.051047813
1429727912520542671,a,-0.038914658,-0.02025937,0.05071015
1429727912540548919,a,-0.0056651365,-0.07028757,0.07009888
1429727912560555167,a,0.075605616,0.049233586,0.028629914
1429727912580561415,a,0.09518553,0.08280051,-0.021232193
1429727912600567663,a,-0.037783064,-0.022722358,-0.013938171
1429727912620573911,a,-0.09481276,-0.025673151,0.02837078
1429727912640580159,a,-0.04099823,0.028863084,0.014983989
1429727912660586407,a,0.057914212,0.017199041,0.035433356
1429727912680592655,a,0.08344665,-0.022402259,0.0020832624
1429727912700598903,a,0.04074711,-0.047948126,-0.0010019396
1429727912720605151,a,-0.005662952,0.017826967,-0.0013455054
1429727912740611399,a,-0.1106434,-0.018156795,0.05452116
1429727912760617647,a,-0.078105666,-0.053331606,0.026084693
1429727912780623895,a,0.008596732,0.022057708,0.015629446
1429727912800630143,a,0.102980584,-7.8547E-4,0.06231094
1429727912820636391,a,0.066286705,-0.030075172,0.052105945
1429727912840642639,a,-0.049113933,-0.054138973,0.026468066
1429727912860648887,a,-0.09472554,0.03718159,-0.0144552635
1429727912880655135,a,-0.0044408194,-0.027493045,0.06311999
1429727912900661383,a,0.053801708,-0.01645961,-0.022235623
1429727912920667631,a,0.056935042,-0.0050981757,0.008988108
1429727916701013807,a,0.0019071375,0.038948998,-0.005958077
1429727916721013823,a,0.039393105,0.0057269214,0.06144993
1429727916741013839,a,0.043366563,-0.037930302,0.080487564
1429727916761013855,a,-0.01671136,-0.074171305,0.017307283
1429727915480994135,a,9.089933E-4,0.010810377,0.013081923
1429727914180907847,a,0.02639831,0.015621571,0.044575013
1429727914200910899,a,0.0599062,0.020974915,-0.01001637
1429727912480530175,a,-0.028551374,0.016183073,0.05100953
1429727912500536423,a,-0.036937546,0.051362447,0.051047813
1429727912520542671,a,-0.038914658,-0.02025937,0.05071015
1429727912540548919,a,-0.0056651365,-0.07028757,0.07009888
1429727912560555167,a,0.075605616,0.049233586,0.028629914
1429727912580561415,a,0.09518553,0.08280051,-0.021232193
1429727912600567663,a,-0.037783064,-0.022722358,-0.013938171
1429727912620573911,a,-0.09481276,-0.025673151,0.02837078
1429727912640580159,a,-0.04099823,0.028863084,0.014983989
1429727912660586407,a,0.057914212,0.017199041,0.035433356
1429727912680592655,a,0.08344665,-0.022402259,0.0020832624
1429727912700598903,a,0.04074711,-0.047948126,-0.0010019396
1429727912720605151,a,-0.005662952,0.017826967,-0.0013455054
1429727912740611399,a,-0.1106434,-0.018156795,0.05452116
1429727912760617647,a,-0.078105666,-0.053331606,0.026084693
1429727912780623895,a,0.008596732,0.022057708,0.015629446
1429727912800630143,a,0.102980584,-7.8547E-4,0.06231094
1429727912820636391,a,0.066286705,-0.030075172,0.052105945
1429727912840642639,a,-0.049113933,-0.054138973,0.026468066
1429727912860648887,a,-0.09472554,0.03718159,-0.0144552635
1429727912880655135,a,-0.0044408194,-0.027493045,0.06311999
1429727912900661383,a,0.053801708,-0.01645961,-0.022235623
1429727912920667631,a,0.056935042,-0.0050981757,0.008988108
1429727917381013439,a,0.018658161,0.01605943,0.0492432
1429727917401013227,a,-0.027461926,-0.011142944,0.026981767
1429727917421013015,a,-0.010867997,-0.053432968,0.034229815
1429727917441012803,a,-0.024552891,0.0028571743,0.07017245
1429727916701013807,a,0.0019071375,0.038948998,-0.005958077
1429727916721013823,a,0.039393105,0.0057269214,0.06144993
1429727916741013839,a,0.043366563,-0.037930302,0.080487564
1429727916761013855,a,-0.01671136,-0.074171305,0.017307283
1429727915480994135,a,9.089933E-4,0.010810377,0.013081923
1429727914180907847,a,0.02639831,0.015621571,0.044575013
1429727914200910899,a,0.0599062,0.020974915,-0.01001637
1429727912480530175,a,-0.028551374,0.016183073,0.05100953
1429727912500536423,a,-0.036937546,0.051362447,0.051047813
1429727912520542671,a,-0.038914658,-0.02025937,0.05071015
1429727912540548919,a,-0.0056651365,-0.07028757,0.07009888
1429727912560555167,a,0.075605616,0.049233586,0.028629914
1429727912580561415,a,0.09518553,0.08280051,-0.021232193
1429727912600567663,a,-0.037783064,-0.022722358,-0.013938171
1429727912620573911,a,-0.09481276,-0.025673151,0.02837078
1429727912640580159,a,-0.04099823,0.028863084,0.014983989
1429727912660586407,a,0.057914212,0.017199041,0.035433356
1429727912680592655,a,0.08344665,-0.022402259,0.0020832624
1429727912700598903,a,0.04074711,-0.047948126,-0.0010019396
1429727912720605151,a,-0.005662952,0.017826967,-0.0013455054
1429727912740611399,a,-0.1106434,-0.018156795,0.05452116
1429727912760617647,a,-0.078105666,-0.053331606,0.026084693
1429727912780623895,a,0.008596732,0.022057708,0.015629446
1429727912800630143,a,0.102980584,-7.8547E-4,0.06231094
1429727912820636391,a,0.066286705,-0.030075172,0.052105945
1429727912840642639,a,-0.049113933,-0.054138973,0.026468066
1429727912860648887,a,-0.09472554,0.03718159,-0.0144552635
1429727912880655135,a,-0.0044408194,-0.027493045,0.06311999
1429727912900661383,a,0.053801708,-0.01645961,-0.022235623
1429727912920667631,a,0.056935042,-0.0050981757,0.008988108
0,N,0,0,0
1429727917461012591,a,0.016885016,0.044050112,-0.024909426
1429727917481012379,a,-7.14552E-4,0.010290228,-0.015684996
1429727917501012167,a,0.06547132,0.009163292,-0.057913717
1429727917521011955,a,0.015371813,0.03603724,-0.0034057791
1429727917541011743,a,-0.045365263,-0.028647168,0.05541197
1429727917561011531,a,-0.053262852,-0.05834115,0.08633093
1429727917581011319,a,-0.011884116,0.01285775,0.015302844
1429727917601011107,a,0.032428075,0.039302908,-0.005564204
1429727917621010895,a,0.02298225,0.0053102463,-0.022572463
1429727917641010683,a,-0.01555577,6.444032E-4,-0.04704516
1429727917661010471,a,-0.045736395,-0.02423996,0.0051410147
1429727917681010259,a,-0.018375998,-2.1125058E-4,0.036720216
1429727917701010047,a,0.007119723,-0.0023992956,0.060993448
1429727917721009835,a,-0.0019232699,-0.0028222303,-0.010960473
1429727917741009623,a,0.041837107,-0.006395353,-0.012788776
1429727917761009411,a,0.022045877,0.022615101,-0.015336497
1429727917781009199,a,-0.035486106,-0.030656572,0.07947771
1429727917801008987,a,-0.019326258,-0.015451118,0.027072156
1429727917821008775,a,0.033316046,0.016832389,0.03986261
1429727917841008563,a,0.03242141,-0.033597574,0.013328627
1429727917861008351,a,0.017334174,-0.0027541884,0.025212543
1429727917881008139,a,0.034256686,-0.024817392,0.03972547
1429727917901007927,a,0.004179409,0.0010125169,-0.018048627
1429727917921007715,a,-0.06493247,-0.043756943,0.0048156576
1429727917941007503,a,0.005287325,-0.04120881,-0.006210463
1429727917961007291,a,0.013682843,0.0020535535,0.029969549
1429727917981007079,a,0.03790778,-0.017521935,0.02782868
1429727918001006867,a,0.0017947269,-0.056717522,0.07989156
1429727918021006655,a,-0.018913412,-0.0126353195,0.034275945
1429727918041006443,a,-0.046007708,0.004118562,0.014819684
1429727917381013439,a,0.018658161,0.01605943,0.0492432
1429727917401013227,a,-0.027461926,-0.011142944,0.026981767
1429727917421013015,a,-0.010867997,-0.053432968,0.034229815
1429727917441012803,a,-0.024552891,0.0028571743,0.07017245
1429727916701013807,a,0.0019071375,0.038948998,-0.005958077
1429727916721013823,a,0.039393105,0.0057269214,0.06144993
1429727916741013839,a,0.043366563,-0.037930302,0.080487564
1429727916761013855,a,-0.01671136,-0.074171305,0.017307283
1429727915480994135,a,9.089933E-4,0.010810377,0.013081923
1429727914180907847,a,0.02639831,0.015621571,0.044575013
1429727914200910899,a,0.0599062,0.020974915,-0.01001637
1429727912480530175,a,-0.028551374,0.016183073,0.05100953
1429727912500536423,a,-0.036937546,0.051362447,0.051047813
1429727912520542671,a,-0.038914658,-0.02025937,0.05071015
1429727912540548919,a,-0.0056651365,-0.07028757,0.07009888
1429727912560555167,a,0.075605616,0.049233586,0.028629914
1429727912580561415,a,0.09518553,0.08280051,-0.021232193
1429727912600567663,a,-0.037783064,-0.022722358,-0.013938171
1429727912620573911,a,-0.09481276,-0.025673151,0.02837078
1429727912640580159,a,-0.04099823,0.028863084,0.014983989
1429727912660586407,a,0.057914212,0.017199041,0.035433356
1429727912680592655,a,0.08344665,-0.022402259,0.0020832624
1429727912700598903,a,0.04074711,-0.047948126,-0.0010019396
1429727912720605151,a,-0.005662952,0.017826967,-0.0013455054
1429727912740611399,a,-0.1106434,-0.018156795,0.05452116
1429727912760617647,a,-0.078105666,-0.053331606,0.026084693
1429727912780623895,a,0.008596732,0.022057708,0.015629446
1429727912800630143,a,0.102980584,-7.8547E-4,0.06231094
1429727912820636391,a,0.066286705,-0.030075172,0.052105945
1429727912840642639,a,-0.049113933,-0.054138973,0.026468066
1429727912860648887,a,-0.09472554,0.03718159,-0.0144552635
1429727912880655135,a,-0.0044408194,-0.027493045,0.06311999
1429727912900661383,a,0.053801708,-0.01645961,-0.022235623
1429727912920667631,a,0.056935042,-0.0050981757,0.008988108
1429727917961007291,a,0.013682843,0.0020535535,0.029969549
1429727917981007079,a,0.03790778,-0.017521935,0.02782868
1429727918001006867,a,0.0017947269,-0.056717522,0.07989156
1429727918021006655,a,-0.018913412,-0.0126353195,0.034275945
1429727918041006443,a,-0.046007708,0.004118562,0.014819684
1429727917381013439,a,0.018658161,0.01605943,0.0492432
1429727917401013227,a,-0.027461926,-0.011142944,0.026981767
1429727917421013015,a,-0.010867997,-0.053432968,0.034229815
1429727917441012803,a,-0.024552891,0.0028571743,0.07017245
1429727916701013807,a,0.0019071375,0.038948998,-0.005958077
1429727916721013823,a,0.039393105,0.0057269214,0.06144993
1429727916741013839,a,0.043366563,-0.037930302,0.080487564
1429727916761013855,a,-0.01671136,-0.074171305,0.017307283
1429727915480994135,a,9.089933E-4,0.010810377,0.013081923
1429727914180907847,a,0.02639831,0.015621571,0.044575013
1429727914200910899,a,0.0599062,0.020974915,-0.01001637
1429727912480530175,a,-0.028551374,0.016183073,0.05100953
1429727912500536423,a,-0.036937546,0.051362447,0.051047813
1429727912520542671,a,-0.038914658,-0.02025937,0.05071015
1429727912540548919,a,-0.0056651365,-0.07028757,0.07009888
1429727912560555167,a,0.075605616,0.049233586,0.028629914
1429727912580561415,a,0.09518553,0.08280051,-0.021232193
1429727912600567663,a,-0.037783064,-0.022722358,-0.013938171
1429727912620573911,a,-0.09481276,-0.025673151,0.02837078
1429727912640580159,a,-0.04099823,0.028863084,0.014983989
1429727912660586407,a,0.057914212,0.017199041,0.035433356
1429727912680592655,a,0.08344665,-0.022402259,0.0020832624
1429727912700598903,a,0.04074711,-0.047948126,-0.0010019396
1429727912720605151,a,-0.005662952,0.017826967,-0.0013455054
1429727912740611399,a,-0.1106434,-0.018156795,0.05452116
1429727912760617647,a,-0.078105666,-0.053331606,0.026084693
1429727912780623895,a,0.008596732,0.022057708,0.015629446
1429727912800630143,a,0.102980584,-7.8547E-4,0.06231094
1429727912820636391,a,0.066286705,-0.030075172,0.052105945
1429727912840642639,a,-0.049113933,-0.054138973,0.026468066
1429727912860648887,a,-0.09472554,0.03718159,-0.0144552635
1429727912880655135,a,-0.0044408194,-0.027493045,0.06311999
1429727912900661383,a,0.053801708,-0.01645961,-0.022235623
1429727912920667631,a,0.056935042,-0.0050981757,0.008988108
1429727914180907847,a,0.02639831,0.015621571,0.044575013
1429727914200910899,a,0.0599062,0.020974915,-0.01001637
1429727912480530175,a,-0.028551374,0.016183073,0.05100953
1429727912500536423,a,-0.036937546,0.051362447,0.051047813
1429727912520542671,a,-0.038914658,-0.02025937,0.05071015
1429727912540548919,a,-0.0056651365,-0.07028757,0.07009888
1429727912560555167,a,0.075605616,0.049233586,0.028629914
1429727912580561415,a,0.09518553,0.08280051,-0.021232193
1429727912600567663,a,-0.037783064,-0.022722358,-0.013938171
1429727912620573911,a,-0.09481276,-0.025673151,0.02837078
1429727912640580159,a,-0.04099823,0.028863084,0.014983989
1429727912660586407,a,0.057914212,0.017199041,0.035433356
1429727912680592655,a,0.08344665,-0.022402259,0.0020832624
1429727912700598903,a,0.04074711,-0.047948126,-0.0010019396
1429727912720605151,a,-0.005662952,0.017826967,-0.0013455054
1429727912740611399,a,-0.1106434,-0.018156795,0.05452116
1429727912760617647,a,-0.078105666,-0.053331606,0.026084693
1429727912780623895,a,0.008596732,0.022057708,0.015629446
1429727912800630143,a,0.102980584,-7.8547E-4,0.06231094
1429727912820636391,a,0.066286705,-0.030075172,0.052105945
1429727912840642639,a,-0.049113933,-0.054138973,0.026468066
1429727912860648887,a,-0.09472554,0.03718159,-0.0144552635
1429727912880655135,a,-0.0044408194,-0.027493045,0.06311999
1429727912900661383,a,0.053801708,-0.01645961,-0.022235623
1429727912920667631,a,0.056935042,-0.0050981757,0.008988108
0,N,0,0,0
1429727918561080751,a,0.08929902,0.011366837,0.030833546
1429727918581086679,a,0.07839134,0.043705564,0.042767275
1429727918601092607,a,0.034836628,0.04015516,0.0014789581
1429727918621098535,a,-0.043655112,-0.07569715,-0.0023044588
1429727918641104463,a,-0.02576772,-0.052002333,0.0051912037
1429727918661110391,a,0.03935918,0.042293265,0.04463919
1429727918681116319,a,0.06135093,0.046627708,-0.01970827
1429727918701122247,a,0.054784197,0.039230734,0.035258897
1429727918721128175,a,0.032237154,-0.038482886,0.020358678
1429727918741134103,a,-0.066006616,-0.014345122,0.0023805518
1429727918761140031,a,-0.09479556,-0.033656225,0.02110311
1429727918781145959,a,0.010937319,-0.009933416,0.053687766
1429727918801151887,a,0.079870746,0.019608432,0.009183094
1429727918821157815,a,0.10601341,0.045179598,0.02397745
1429727918841163743,a,0.009439913,0.02390073,-0.04424608
1429727918861169671,a,-0.06257439,-0.0070414636,0.059909534
1429727918881175599,a,-0.046191547,0.028266966,0.065178126
1429727918901181527,a,-0.003408071,-0.031437103,7.5143314E-4
1429727918921187455,a,0.07283962,-0.026665883,0.025715612
1429727918941193383,a,0.07655418,0.022344172,0.04762311
1429727918961199311,a,0.0318522,0.025430499,0.08056738
1429727918981205239,a,-0.07403283,-0.0013509364,0.0072485544
1429727919001211167,a,-0.020666536,-0.0120790005,0.07960264
1429727919021217095,a,0.015975624,0.007754838,0.094514616
1429727919041223023,a,0.076053955,0.019175654,0.03308447
1429727919061228951,a,0.05326575,0.052054822,0.0065530995
1429727919081234879,a,-0.034719445,0.0037683286,0.012426176
1429727919101240807,a,-0.062386643,-0.025442079,-0.011973865
1429727919121246735,a,-0.04060279,-0.0058161346,0.024294592
1429727919141252663,a,0.023747636,0.022103751,-0.0035102488
1429727919161258591,a,0.05688607,0.02746083,0.03285305
1429727919181264519,a,0.04009524,0.03410151,-0.031989172
1429727919201270447,a,0.010219869,0.001838458,-0.042062417
1429727919221276375,a,-0.06875567,-0.028715344,0.023852125
1429727919241282303,a,-0.03164849,0.008045348,-0.0018790424
1429727919261288231,a,0.014460776,-0.024716347,0.029735124
1429727919281294159,a,0.048306108,0.018736877,0.049467452
1429727919301300087,a,0.046818536,0.025584707,-0.02475416
1429727919321306015,a,-0.046762638,-0.019659916,-0.059631027
1429727914180907847,a,0.02639831,0.015621571,0.044575013
1429727914200910899,a,0.0599062,0.020974915,-0.01001637
1429727912480530175,a,-0.028551374,0.016183073,0.05100953
1429727912500536423,a,-0.036937546,0.051362447,0.051047813
1429727912520542671,a,-0.038914658,-0.02025937,0.05071015
1429727912540548919,a,-0.0056651365,-0.07028757,0.07009888
1429727912560555167,a,0.075605616,0.049233586,0.028629914
1429727912580561415,a,0.09518553,0.08280051,-0.021232193
1429727912600567663,a,-0.037783064,-0.022722358,-0.013938171
1429727912620573911,a,-0.09481276,-0.025673151,0.02837078
1429727912640580159,a,-0.04099823,0.028863084,0.014983989
1429727912660586407,a,0.057914212,0.017199041,0.035433356
1429727912680592655,a,0.08344665,-0.022402259,0.0020832624
1429727912700598903,a,0.04074711,-0.047948126,-0.0010019396
1429727912720605151,a,-0.005662952,0.017826967,-0.0013455054
1429727912740611399,a,-0.1106434,-0.018156795,0.05452116
1429727912760617647,a,-0.078105666,-0.053331606,0.026084693
1429727912780623895,a,0.008596732,0.022057708,0.015629446
1429727912800630143,a,0.102980584,-7.8547E-4,0.06231094
1429727912820636391,a,0.066286705,-0.030075172,0.052105945
1429727912840642639,a,-0.049113933,-0.054138973,0.026468066
1429727912860648887,a,-0.09472554,0.03718159,-0.0144552635
1429727912880655135,a,-0.0044408194,-0.027493045,0.06311999
1429727912900661383,a,0.053801708,-0.01645961,-0.022235623
1429727912920667631,a,0.056935042,-0.0050981757,0.008988108
1429727912480530175,a,-0.028551374,0.016183073,0.05100953
1429727912500536423,a,-0.036937546,0.051362447,0.051047813
1429727912520542671,a,-0.038914658,-0.02025937,0.05071015
1429727912540548919,a,-0.0056651365,-0.07028757,0.07009888
1429727912560555167,a,0.075605616,0.049233586,0.028629914
1429727912580561415,a,0.09518553,0.08280051,-0.021232193
1429727912600567663,a,-0.037783064,-0.022722358,-0.013938171
1429727912620573911,a,-0.09481276,-0.025673151,0.02837078
1429727912640580159,a,-0.04099823,0.028863084,0.014983989
1429727912660586407,a,0.057914212,0.017199041,0.035433356
1429727912680592655,a,0.08344665,-0.022402259,0.0020832624
1429727912700598903,a,0.04074711,-0.047948126,-0.0010019396
1429727912720605151,a,-0.005662952,0.017826967,-0.0013455054
1429727912740611399,a,-0.1106434,-0.018156795,0.05452116
1429727912760617647,a,-0.078105666,-0.053331606,0.026084693
1429727912780623895,a,0.008596732,0.022057708,0.015629446
1429727912800630143,a,0.102980584,-7.8547E-4,0.06231094
1429727912820636391,a,0.066286705,-0.030075172,0.052105945
1429727912840642639,a,-0.049113933,-0.054138973,0.026468066
1429727912860648887,a,-0.09472554,0.03718159,-0.0144552635
1429727912880655135,a,-0.0044408194,-0.027493045,0.06311999
1429727912900661383,a,0.053801708,-0.01645961,-0.022235623
1429727912920667631,a,0.056935042,-0.0050981757,0.008988108
1429727919801517503,a,-0.06417393,-0.010575438,0.03129271
1429727919821526315,a,0.01857307,-0.031733435,0.02033703
1429727919841535127,a,0.024835357,-0.02691914,-0.020267818
1429727919861543939,a,0.013039189,-6.632248E-4,0.015584062
1429727919881552751,a,0.032421462,0.020780388,-0.041553047
1429727919901561563,a,0.016701736,0.033405893,0.05884941
1429727919921570375,a,-0.0045731766,-0.0016181548,0.015347921
1429727919941579187,a,0.0012519328,-0.022507036,0.056056567
1429727919961587999,a,0.055584323,0.007497582,-0.03171059
1429727919981596811,a,0.02363524,-0.0027942283,-0.039353598
1429727920001605623,a,0.014018561,-1.5793437E-4,0.056304984
1429727920021614435,a,-0.009749191,0.050661676,0.4296953
1429727920041623247,a,0.047154415,-0.014649095,0.044719867
1429727920061632059,a,0.01352663,0.0025215268,0.063490555
1429727920081640871,a,0.023847278,0.020835834,-0.058423832
1429727920101649683,a,0.0188699,0.0018247636,-0.008272236
1429727920121658495,a,-0.0184682,0.0073997607,-0.018329386
1429727920141667307,a,0.025002372,0.01891006,0.013420222
1429727912480530175,a,-0.028551374,0.016183073,0.05100953
1429727912500536423,a,-0.036937546,0.051362447,0.051047813
1429727912520542671,a,-0.038914658,-0.02025937,0.05071015
1429727912540548919,a,-0.0056651365,-0.07028757,0.07009888
1429727912560555167,a,0.075605616,0.049233586,0.028629914
1429727912580561415,a,0.09518553,0.08280051,-0.021232193
1429727912600567663,a,-0.037783064,-0.022722358,-0.013938171
1429727912620573911,a,-0.09481276,-0.025673151,0.02837078
1429727912640580159,a,-0.04099823,0.028863084,0.014983989
1429727912660586407,a,0.057914212,0.017199041,0.035433356
1429727912680592655,a,0.08344665,-0.022402259,0.0020832624
1429727912700598903,a,0.04074711,-0.047948126,-0.0010019396
1429727912720605151,a,-0.005662952,0.017826967,-0.0013455054
1429727912740611399,a,-0.1106434,-0.018156795,0.05452116
1429727912760617647,a,-0.078105666,-0.053331606,0.026084693
1429727912780623895,a,0.008596732,0.022057708,0.015629446
1429727912800630143,a,0.102980584,-7.8547E-4,0.06231094
1429727912820636391,a,0.066286705,-0.030075172,0.052105945
1429727912840642639,a,-0.049113933,-0.054138973,0.026468066
1429727912860648887,a,-0.09472554,0.03718159,-0.0144552635
1429727912880655135,a,-0.0044408194,-0.027493045,0.06311999
1429727912900661383,a,0.053801708,-0.01645961,-0.022235623
1429727912920667631,a,0.056935042,-0.0050981757,0.008988108
0,N,0,0,0
1429727920161676119,a,0.0027350918,-0.0029060573,-0.015686814
1429727920181684931,a,0.009010386,-0.005894623,0.008330693
1429727920201693743,a,0.01022525,0.021999784,-0.0011356426
1429727920221702555,a,0.03885453,0.04638886,0.085527726
1429727920241711367,a,-0.013524345,-3.687517E-4,0.06312159
1429727920261720179,a,-0.010484922,0.015805421,0.0033554658
1429727920281728991,a,0.013776002,-0.02886488,0.027473375
1429727920301737803,a,0.01105983,-0.0044473857,0.008363488
1429727920321746615,a,-0.009959984,-0.0010132253,-0.0062719993
1429727920341756595,a,0.02768589,0.028758008,0.03263954
1429727920361766575,a,0.012010531,0.01365505,0.03956419
1429727920381776555,a,0.00837143,-0.0053246287,-0.0036470243
1429727920401786535,a,-0.015012448,-0.0075795376,0.08702055
1429727920421796515,a,-0.01189933,-0.004156419,-0.008703305
1429727920441806495,a,0.011075316,0.038508184,0.039635208
1429727920461816475,a,0.03331883,0.01797854,0.0135260355
1429727920481826455,a,-0.012897539,-0.059759736,0.048563182
1429727920501836435,a,0.004441665,-0.011283096,0.020225093
1429727920521846415,a,-0.014898489,0.022634061,0.079939224
1429727920541856395,a,0.009998135,0.017891465,0.051524654
1429727920561866375,a,0.003071124,0.032933984,0.032327432
1429727920581876355,a,-0.0030069742,-0.00898114,0.0057661533
1429727920601886335,a,-0.019906498,0.0031982323,0.022341575
1429727919801517503,a,-0.06417393,-0.010575438,0.03129271
1429727919821526315,a,0.01857307,-0.031733435,0.02033703
1429727919841535127,a,0.024835357,-0.02691914,-0.020267818
1429727919861543939,a,0.013039189,-6.632248E-4,0.015584062
1429727919881552751,a,0.032421462,0.020780388,-0.041553047
1429727919901561563,a,0.016701736,0.033405893,0.05884941
1429727919921570375,a,-0.0045731766,-0.0016181548,0.015347921
1429727919941579187,a,0.0012519328,-0.022507036,0.056056567
1429727919961587999,a,0.055584323,0.007497582,-0.03171059
1429727919981596811,a,0.02363524,-0.0027942283,-0.039353598
1429727920001605623,a,0.014018561,-1.5793437E-4,0.056304984
1429727920021614435,a,-0.009749191,0.050661676,0.4296953
1429727920041623247,a,0.047154415,-0.014649095,0.044719867
1429727920061632059,a,0.01352663,0.0025215268,0.063490555
1429727920081640871,a,0.023847278,0.020835834,-0.058423832
1429727920101649683,a,0.0188699,0.0018247636,-0.008272236
1429727920121658495,a,-0.0184682,0.0073997607,-0.018329386
1429727920141667307,a,0.025002372,0.01891006,0.013420222
1429727912480530175,a,-0.028551374,0.016183073,0.05100953
1429727912500536423,a,-0.036937546,0.051362447,0.051047813
1429727912520542671,a,-0.038914658,-0.02025937,0.05071015
1429727912540548919,a,-0.0056651365,-0.07028757,0.07009888
1429727912560555167,a,0.075605616,0.049233586,0.028629914
1429727912580561415,a,0.09518553,0.08280051,-0.021232193
1429727912600567663,a,-0.037783064,-0.022722358,-0.013938171
1429727912620573911,a,-0.09481276,-0.025673151,0.02837078
1429727912640580159,a,-0.04099823,0.028863084,0.014983989
1429727912660586407,a,0.057914212,0.017199041,0.035433356
1429727912680592655,a,0.08344665,-0.022402259,0.0020832624
1429727912700598903,a,0.04074711,-0.047948126,-0.0010019396
1429727912720605151,a,-0.005662952,0.017826967,-0.0013455054
1429727912740611399,a,-0.1106434,-0.018156795,0.05452116
1429727912760617647,a,-0.078105666,-0.053331606,0.026084693
1429727912780623895,a,0.008596732,0.022057708,0.015629446
1429727912800630143,a,0.102980584,-7.8547E-4,0.06231094
1429727912820636391,a,0.066286705,-0.030075172,0.052105945
1429727912840642639,a,-0.049113933,-0.054138973,0.026468066
1429727912860648887,a,-0.09472554,0.03718159,-0.0144552635
1429727912880655135,a,-0.0044408194,-0.027493045,0.06311999
1429727912900661383,a,0.053801708,-0.01645961,-0.022235623
1429727912920667631,a,0.056935042,-0.0050981757,0.008988108
1429727919841535127,a,0.024835357,-0.02691914,-0.020267818
1429727919861543939,a,0.013039189,-6.632248E-4,0.015584062
1429727919881552751,a,0.032421462,0.020780388,-0.041553047
1429727919901561563,a,0.016701736,0.033405893,0.05884941
1429727919921570375,a,-0.0045731766,-0.0016181548,0.015347921
1429727919941579187,a,0.0012519328,-0.022507036,0.056056567
1429727919961587999,a,0.055584323,0.007497582,-0.03171059
1429727919981596811,a,0.02363524,-0.0027942283,-0.039353598
1429727920001605623,a,0.014018561,-1.5793437E-4,0.056304984
1429727920021614435,a,-0.009749191,0.050661676,0.4296953
1429727920041623247,a,0.047154415,-0.014649095,0.044719867
1429727920061632059,a,0.01352663,0.0025215268,0.063490555
1429727920081640871,a,0.023847278,0.020835834,-0.058423832
1429727920101649683,a,0.0188699,0.0018247636,-0.008272236
1429727920121658495,a,-0.0184682,0.0073997607,-0.018329386
1429727920141667307,a,0.025002372,0.01891006,0.013420222
1429727912480530175,a,-0.028551374,0.016183073,0.05100953
1429727912500536423,a,-0.036937546,0.051362447,0.051047813
1429727912520542671,a,-0.038914658,-0.02025937,0.05071015
1429727912540548919,a,-0.0056651365,-0.07028757,0.07009888
1429727912560555167,a,0.075605616,0.049233586,0.028629914
1429727912580561415,a,0.09518553,0.08280051,-0.021232193
1429727912600567663,a,-0.037783064,-0.022722358,-0.013938171
1429727912620573911,a,-0.09481276,-0.025673151,0.02837078
1429727912640580159,a,-0.04099823,0.028863084,0.014983989
1429727912660586407,a,0.057914212,0.017199041,0.035433356
1429727912680592655,a,0.08344665,-0.022402259,0.0020832624
1429727912700598903,a,0.04074711,-0.047948126,-0.0010019396
1429727912720605151,a,-0.005662952,0.017826967,-0.0013455054
1429727912740611399,a,-0.1106434,-0.018156795,0.05452116
1429727912760617647,a,-0.078105666,-0.053331606,0.026084693
1429727912780623895,a,0.008596732,0.022057708,0.015629446
1429727912800630143,a,0.102980584,-7.8547E-4,0.06231094
1429727912820636391,a,0.066286705,-0.030075172,0.052105945
1429727912840642639,a,-0.049113933,-0.054138973,0.026468066
1429727912860648887,a,-0.09472554,0.03718159,-0.0144552635
1429727912880655135,a,-0.0044408194,-0.027493045,0.06311999
1429727912900661383,a,0.053801708,-0.01645961,-0.022235623
1429727912920667631,a,0.056935042,-0.0050981757,0.008988108
1429727920121658495,a,-0.0184682,0.0073997607,-0.018329386
1429727920141667307,a,0.025002372,0.01891006,0.013420222
1429727912480530175,a,-0.028551374,0.016183073,0.05100953
1429727912500536423,a,-0.036937546,0.051362447,0.051047813
1429727912520542671,a,-0.038914658,-0.02025937,0.05071015
1429727912540548919,a,-0.0056651365,-0.07028757,0.07009888
1429727912560555167,a,0.075605616,0.049233586,0.028629914
1429727912580561415,a,0.09518553,0.08280051,-0.021232193
1429727912600567663,a,-0.037783064,-0.022722358,-0.013938171
1429727912620573911,a,-0.09481276,-0.025673151,0.02837078
1429727912640580159,a,-0.04099823,0.028863084,0.014983989
1429727912660586407,a,0.057914212,0.017199041,0.035433356
1429727912680592655,a,0.08344665,-0.022402259,0.0020832624
1429727912700598903,a,0.04074711,-0.047948126,-0.0010019396
1429727912720605151,a,-0.005662952,0.017826967,-0.0013455054
1429727912740611399,a,-0.1106434,-0.018156795,0.05452116
1429727912760617647,a,-0.078105666,-0.053331606,0.026084693
1429727912780623895,a,0.008596732,0.022057708,0.015629446
1429727912800630143,a,0.102980584,-7.8547E-4,0.06231094
1429727912820636391,a,0.066286705,-0.030075172,0.052105945
1429727912840642639,a,-0.049113933,-0.054138973,0.026468066
1429727912860648887,a,-0.09472554,0.03718159,-0.0144552635
1429727912880655135,a,-0.0044408194,-0.027493045,0.06311999
1429727912900661383,a,0.053801708,-0.01645961,-0.022235623
1429727912920667631,a,0.056935042,-0.0050981757,0.008988108
0,N,0,0,0
1429727921902542487,a,0.038599335,-0.0052666976,0.047042664
1429727921142155795,a,-0.09975875,-0.025555652,-0.012360886
1429727921162165775,a,-0.008519377,0.01620669,0.09676606
1429727921182175755,a,0.028852709,0.050691016,0.04949963
1429727921202185735,a,0.08319727,0.022765724,0.04534502
1429727921222195715,a,0.03210518,-0.028773868,0.030113118
1429727921242205695,a,-0.016704975,-0.06907841,-0.02335603
1429727921262215675,a,-0.010799303,0.021050904,0.0057623805
1429727921282225655,a,-0.0041560056,0.06835142,0.046718426
1429727921302235635,a,0.032475755,0.0018364576,0.018251935
1429727921322245615,a,0.019080011,0.020310035,0.010951794
1429727921342255595,a,0.054024126,0.04402407,0.045023065
1429727921362265575,a,0.010368145,-0.038016465,-0.010915695
1429727921382275831,a,-0.0390822,-0.02841651,0.06267904
1429727921402286087,a,0.0056755845,0.033711996,-0.03467833
1429727921422296343,a,0.02414816,0.0444186,0.003918698
1429727921442306599,a,0.04333641,0.03588886,0.073586166
1429727921462316855,a,-0.0149704395,-0.038304955,0.007898225
1429727921482327111,a,-0.032432783,0.021843655,0.07012317
1429727921502337367,a,-0.0011637833,-0.02596377,0.039255418
1429727921522347623,a,-0.001227824,0.01686889,-0.030040018
1429727921542357879,a,5.33117E-4,-0.020132426,-0.02295657
1429727921562368135,a,0.080360025,-0.018875945,0.028401593
1429727921582378391,a,0.0077499663,0.006079973,-0.029956592
1429727921602388647,a,-0.016838979,-0.0038175324,0.031938
1429727921622398903,a,-0.037550624,-0.01800244,0.06274558
1429727921642409159,a,0.041613888,0.0026537168,0.07583635
1429727921662419415,a,0.037275847,0.006158877,0.10212892
1429727921682429671,a,-0.0058610975,-0.0026652308,0.00814472
1429727921702439927,a,0.035854727,0.04369919,0.059126668
1429727921722450183,a,-0.006356526,0.004555664,9.769426E-4
1429727921742460439,a,-0.028479828,-0.020177353,0.0053935703
1429727921762470695,a,0.006184818,-0.02118054,0.07768637
1429727921782480951,a,0.04809628,-0.0076138824,-0.0031225118
1429727921802491207,a,0.09343434,0.030337019,0.050272264
1429727921822501463,a,-0.0041254796,-0.02631084,0.012885036
1429727921842511719,a,-0.034351397,-0.013194265,0.06040815
1429727921862521975,a,-0.05830229,0.009067471,0.024239508
1429727921882532231,a,0.0057737487,-0.041372817,9.973436E-4
1429727920121658495,a,-0.0184682,0.0073997607,-0.018329386
1429727920141667307,a,0.025002372,0.01891006,0.013420222
1429727912480530175,a,-0.028551374,0.016183073,0.05100953
1429727912500536423,a,-0.036937546,0.051362447,0.051047813
1429727912520542671,a,-0.038914658,-0.02025937,0.05071015
1429727912540548919,a,-0.0056651365,-0.07028757,0.07009888
1429727912560555167,a,0.075605616,0.049233586,0.028629914
1429727912580561415,a,0.09518553,0.08280051,-0.021232193
1429727912600567663,a,-0.037783064,-0.022722358,-0.013938171
1429727912620573911,a,-0.09481276,-0.025673151,0.02837078
1429727912640580159,a,-0.04099823,0.028863084,0.014983989
1429727912660586407,a,0.057914212,0.017199041,0.035433356
1429727912680592655,a,0.08344665,-0.022402259,0.0020832624
1429727912700598903,a,0.04074711,-0.047948126,-0.0010019396
1429727912720605151,a,-0.005662952,0.017826967,-0.0013455054
1429727912740611399,a,-0.1106434,-0.018156795,0.05452116
1429727912760617647,a,-0.078105666,-0.053331606,0.026084693
1429727912780623895,a,0.008596732,0.022057708,0.015629446
1429727912800630143,a,0.102980584,-7.8547E-4,0.06231094
1429727912820636391,a,0.066286705,-0.030075172,0.052105945
1429727912840642639,a,-0.049113933,-0.054138973,0.026468066
1429727912860648887,a,-0.09472554,0.03718159,-0.0144552635
1429727912880655135,a,-0.0044408194,-0.027493045,0.06311999
1429727912900661383,a,0.053801708,-0.01645961,-0.022235623
1429727912920667631,a,0.056935042,-0.0050981757,0.008988108
1429727921602388647,a,-0.016838979,-0.0038175324,0.031938
1429727921622398903,a,-0.037550624,-0.01800244,0.06274558
1429727921642409159,a,0.041613888,0.0026537168,0.07583635
1429727921662419415,a,0.037275847,0.006158877,0.10212892
1429727921682429671,a,-0.0058610975,-0.0026652308,0.00814472
1429727921702439927,a,0.035854727,0.04369919,0.059126668
1429727921722450183,a,-0.006356526,0.004555664,9.769426E-4
1429727921742460439,a,-0.028479828,-0.020177353,0.0053935703
1429727921762470695,a,0.006184818,-0.02118054,0.07768637
1429727921782480951,a,0.04809628,-0.0076138824,-0.0031225118
1429727921802491207,a,0.09343434,0.030337019,0.050272264
1429727921822501463,a,-0.0041254796,-0.02631084,0.012885036
1429727921842511719,a,-0.034351397,-0.013194265,0.06040815
1429727921862521975,a,-0.05830229,0.009067471,0.024239508
1429727921882532231,a,0.0057737487,-0.041372817,9.973436E-4
1429727920121658495,a,-0.0184682,0.0073997607,-0.018329386
1429727920141667307,a,0.025002372,0.01891006,0.013420222
1429727912480530175,a,-0.028551374,0.016183073,0.05100953
1429727912500536423,a,-0.036937546,0.051362447,0.051047813
1429727912520542671,a,-0.038914658,-0.02025937,0.05071015
1429727912540548919,a,-0.0056651365,-0.07028757,0.07009888
1429727912560555167,a,0.075605616,0.049233586,0.028629914
1429727912580561415,a,0.09518553,0.08280051,-0.021232193
1429727912600567663,a,-0.037783064,-0.022722358,-0.013938171
1429727912620573911,a,-0.09481276,-0.025673151,0.02837078
1429727912640580159,a,-0.04099823,0.028863084,0.014983989
1429727912660586407,a,0.057914212,0.017199041,0.035433356
1429727912680592655,a,0.08344665,-0.022402259,0.0020832624
1429727912700598903,a,0.04074711,-0.047948126,-0.0010019396
1429727912720605151,a,-0.005662952,0.017826967,-0.0013455054
1429727912740611399,a,-0.1106434,-0.018156795,0.05452116
1429727912760617647,a,-0.078105666,-0.053331606,0.026084693
1429727912780623895,a,0.008596732,0.022057708,0.015629446
1429727912800630143,a,0.102980584,-7.8547E-4,0.06231094
1429727912820636391,a,0.066286705,-0.030075172,0.052105945
1429727912840642639,a,-0.049113933,-0.054138973,0.026468066
1429727912860648887,a,-0.09472554,0.03718159,-0.0144552635
1429727912880655135,a,-0.0044408194,-0.027493045,0.06311999
1429727912900661383,a,0.053801708,-0.01645961,-0.022235623
1429727912920667631,a,0.056935042,-0.0050981757,0.008988108
1429727920141667307,a,0.025002372,0.01891006,0.013420222
1429727912480530175,a,-0.028551374,0.016183073,0.05100953
1429727912500536423,a,-0.036937546,0.051362447,0.051047813
1429727912520542671,a,-0.038914658,-0.02025937,0.05071015
1429727912540548919,a,-0.0056651365,-0.07028757,0.07009888
1429727912560555167,a,0.075605616,0.049233586,0.028629914
1429727912580561415,a,0.09518553,0.08280051,-0.021232193
1429727912600567663,a,-0.037783064,-0.022722358,-0.013938171
1429727912620573911,a,-0.09481276,-0.025673151,0.02837078
1429727912640580159,a,-0.04099823,0.028863084,0.014983989
1429727912660586407,a,0.057914212,0.017199041,0.035433356
1429727912680592655,a,0.08344665,-0.022402259,0.0020832624
1429727912700598903,a,0.04074711,-0.047948126,-0.0010019396
1429727912720605151,a,-0.005662952,0.017826967,-0.0013455054
1429727912740611399,a,-0.1106434,-0.018156795,0.05452116
1429727912760617647,a,-0.078105666,-0.053331606,0.026084693
1429727912780623895,a,0.008596732,0.022057708,0.015629446
1429727912800630143,a,0.102980584,-7.8547E-4,0.06231094
1429727912820636391,a,0.066286705,-0.030075172,0.052105945
1429727912840642639,a,-0.049113933,-0.054138973,0.026468066
1429727912860648887,a,-0.09472554,0.03718159,-0.0144552635
1429727912880655135,a,-0.0044408194,-0.027493045,0.06311999
1429727912900661383,a,0.053801708,-0.01645961,-0.022235623
1429727912920667631,a,0.056935042,-0.0050981757,0.008988108
0,N,0,0,0
1429727923183191327,a,0.01579512,0.020520533,0.01569487
1429727922402798519,a,0.030664219,-0.028919177,0.025157636
1429727922422808591,a,0.06635997,0.07065891,0.045092
1429727922442818663,a,0.013870857,0.0504688,0.080407634
1429727922462828735,a,-0.0940368,-0.009864506,0.014138847
1429727922482838807,a,-0.03506115,-0.086663336,-0.04772999
1429727922502848879,a,0.032176215,0.023592582,0.010972623
1429727922522858951,a,0.026587963,0.04683519,0.054072585
1429727922542869023,a,0.0504747,0.046600513,-0.017446848
1429727922562879095,a,0.01338351,0.0019781452,0.02023588
1429727922582889167,a,-0.01395417,-0.0017547285,0.07014658
1429727922602899239,a,-0.018097598,-0.033345073,0.005340731
1429727922622909311,a,-0.009106984,0.002232752,-0.018370356
1429727922642919383,a,0.042144895,0.051367603,0.039930414
1429727922662929455,a,0.02908722,0.074651584,0.020832181
1429727922682939527,a,0.027771277,0.0061561577,0.030170744
1429727922702949599,a,-0.030418672,-0.0529319,0.12018647
1429727922722959671,a,-0.022021811,0.018107837,0.05349059
1429727922742969743,a,0.0016921009,-0.0049841856,-0.027679596
1429727922762979815,a,0.02081486,0.008517096,0.07797569
1429727922782989887,a,-0.018364294,0.01578752,0.015222828
1429727922802999959,a,-0.014546812,-0.018688265,-0.0016045275
1429727922823010031,a,-0.01022616,-0.039925244,0.0103527615
1429727922843020103,a,-0.022207307,-0.026162125,0.031791385
1429727922863030175,a,-0.016228484,-0.006286285,0.05588286
1429727922883040247,a,0.03125911,0.043931134,0.044708613
1429727922903050319,a,0.08518269,0.025598215,-0.0025257575
1429727922923060391,a,0.008294982,-0.029505251,0.063310325
1429727922943070463,a,-0.028065555,-0.021209087,-0.054471463
1429727922963080535,a,0.013033044,0.00239322,0.08982237
1429727922983090607,a,-0.029033735,-0.011414008,6.228714E-4
1429727923003100679,a,0.032593563,0.020775206,0.044652812
1429727923023110751,a,0.010582921,0.003104062,0.0035939876
1429727923043120823,a,0.011857169,-0.009072138,-0.008404352
1429727923063130895,a,-0.008718603,0.004126368,0.03207338
1429727923083140967,a,0.005203206,-0.021567771,0.034561273
1429727923103151039,a,0.008074891,-0.020354941,-0.00610097
1429727923123161111,a,-0.031148894,-0.014923577,0.0077641364
1429727923143171183,a,-0.001403987,0.009946344,0.027402392
1429727923163181255,a,0.009943815,0.00575024,0.032327387
1429727920141667307,a,0.025002372,0.01891006,0.013420222
1429727912480530175,a,-0.028551374,0.016183073,0.05100953
1429727912500536423,a,-0.036937546,0.051362447,0.051047813
1429727912520542671,a,-0.038914658,-0.02025937,0.05071015
1429727912540548919,a,-0.0056651365,-0.07028757,0.07009888
1429727912560555167,a,0.075605616,0.049233586,0.028629914
1429727912580561415,a,0.09518553,0.08280051,-0.021232193
1429727912600567663,a,-0.037783064,-0.022722358,-0.013938171
1429727912620573911,a,-0.09481276,-0.025673151,0.02837078
1429727912640580159,a,-0.04099823,0.028863084,0.014983989
1429727912660586407,a,0.057914212,0.017199041,0.035433356
1429727912680592655,a,0.08344665,-0.022402259,0.0020832624
1429727912700598903,a,0.04074711,-0.047948126,-0.0010019396
1429727912720605151,a,-0.005662952,0.017826967,-0.0013455054
1429727912740611399,a,-0.1106434,-0.018156795,0.05452116
1429727912760617647,a,-0.078105666,-0.053331606,0.026084693
1429727912780623895,a,0.008596732,0.022057708,0.015629446
1429727912800630143,a,0.102980584,-7.8547E-4,0.06231094
1429727912820636391,a,0.066286705,-0.030075172,0.052105945
1429727912840642639,a,-0.049113933,-0.054138973,0.026468066
1429727912860648887,a,-0.09472554,0.03718159,-0.0144552635
1429727912880655135,a,-0.0044408194,-0.027493045,0.06311999
1429727912900661383,a,0.053801708,-0.01645961,-0.022235623
1429727912920667631,a,0.056935042,-0.0050981757,0.008988108
1429727922802999959,a,-0.014546812,-0.018688265,-0.0016045275
1429727922823010031,a,-0.01022616,-0.039925244,0.0103527615
1429727922843020103,a,-0.022207307,-0.026162125,0.031791385
1429727922863030175,a,-0.016228484,-0.006286285,0.05588286
1429727922883040247,a,0.03125911,0.043931134,0.044708613
1429727922903050319,a,0.08518269,0.025598215,-0.0025257575
1429727922923060391,a,0.008294982,-0.029505251,0.063310325
1429727922943070463,a,-0.028065555,-0.021209087,-0.054471463
1429727922963080535,a,0.013033044,0.00239322,0.08982237
1429727922983090607,a,-0.029033735,-0.011414008,6.228714E-4
1429727923003100679,a,0.032593563,0.020775206,0.044652812
1429727923023110751,a,0.010582921,0.003104062,0.0035939876
1429727923043120823,a,0.011857169,-0.009072138,-0.008404352
1429727923063130895,a,-0.008718603,0.004126368,0.03207338
1429727923083140967,a,0.005203206,-0.021567771,0.034561273
1429727923103151039,a,0.008074891,-0.020354941,-0.00610097
1429727923123161111,a,-0.031148894,-0.014923577,0.0077641364
1429727923143171183,a,-0.001403987,0.009946344,0.027402392
1429727923163181255,a,0.009943815,0.00575024,0.032327387
1429727920141667307,a,0.025002372,0.01891006,0.013420222
1429727912480530175,a,-0.028551374,0.016183073,0.05100953
1429727912500536423,a,-0.036937546,0.051362447,0.051047813
1429727912520542671,a,-0.038914658,-0.02025937,0.05071015
1429727912540548919,a,-0.0056651365,-0.07028757,0.07009888
1429727912560555167,a,0.075605616,0.049233586,0.028629914
1429727912580561415,a,0.09518553,0.08280051,-0.021232193
1429727912600567663,a,-0.037783064,-0.022722358,-0.013938171
1429727912620573911,a,-0.09481276,-0.025673151,0.02837078
1429727912640580159,a,-0.04099823,0.028863084,0.014983989
1429727912660586407,a,0.057914212,0.017199041,0.035433356
1429727912680592655,a,0.08344665,-0.022402259,0.0020832624
1429727912700598903,a,0.04074711,-0.047948126,-0.0010019396
1429727912720605151,a,-0.005662952,0.017826967,-0.0013455054
1429727912740611399,a,-0.1106434,-0.018156795,0.05452116
1429727912760617647,a,-0.078105666,-0.053331606,0.026084693
1429727912780623895,a,0.008596732,0.022057708,0.015629446
1429727912800630143,a,0.102980584,-7.8547E-4,0.06231094
1429727912820636391,a,0.066286705,-0.030075172,0.052105945
1429727912840642639,a,-0.049113933,-0.054138973,0.026468066
1429727912860648887,a,-0.09472554,0.03718159,-0.0144552635
1429727912880655135,a,-0.0044408194,-0.027493045,0.06311999
1429727912900661383,a,0.053801708,-0.01645961,-0.022235623
1429727912920667631,a,0.056935042,-0.0050981757,0.008988108
1429727912520542671,a,-0.038914658,-0.02025937,0.05071015
1429727912540548919,a,-0.0056651365,-0.07028757,0.07009888
1429727912560555167,a,0.075605616,0.049233586,0.028629914
1429727912580561415,a,0.09518553,0.08280051,-0.021232193
1429727912600567663,a,-0.037783064,-0.022722358,-0.013938171
1429727912620573911,a,-0.09481276,-0.025673151,0.02837078
1429727912640580159,a,-0.04099823,0.028863084,0.014983989
1429727912660586407,a,0.057914212,0.017199041,0.035433356
1429727912680592655,a,0.08344665,-0.022402259,0.0020832624
1429727912700598903,a,0.04074711,-0.047948126,-0.0010019396
1429727912720605151,a,-0.005662952,0.017826967,-0.0013455054
1429727912740611399,a,-0.1106434,-0.018156795,0.05452116
1429727912760617647,a,-0.078105666,-0.053331606,0.026084693
1429727912780623895,a,0.008596732,0.022057708,0.015629446
1429727912800630143,a,0.102980584,-7.8547E-4,0.06231094
1429727912820636391,a,0.066286705,-0.030075172,0.052105945
1429727912840642639,a,-0.049113933,-0.054138973,0.026468066
1429727912860648887,a,-0.09472554,0.03718159,-0.0144552635
1429727912880655135,a,-0.0044408194,-0.027493045,0.06311999
1429727912900661383,a,0.053801708,-0.01645961,-0.022235623
1429727912920667631,a,0.056935042,-0.0050981757,0.008988108
