0,N,0,0,0
1429731111642935000,a,0.72104716,-0.08596563,0.10929617
1429731111662941248,a,0.5221454,-0.21704987,0.00313735
1429731111682947496,a,0.37986052,-0.09081349,0.23170987
1429731111702953744,a,0.08171475,0.32392153,0.4076609
1429731111722959992,a,0.016643304,0.20760404,0.1452788
1429731111742966240,a,-0.0136418715,0.04458619,0.03275249
1429731111762972488,a,-0.18881267,-0.19548465,-0.1595984
1429731111782978736,a,0.020201776,-0.39587793,-0.18949714
1429731111802984984,a,-0.13252911,-0.20029123,-0.09123868
1429731111822991232,a,-0.114871874,0.21612582,-0.039536484
1429731111842997480,a,-0.50612885,0.39107332,0.33616892
1429731111863003728,a,-0.27441484,0.25961572,0.118915215
1429731111883009976,a,0.1323615,-0.07104221,-0.09665387
1429731111903016224,a,-0.033512235,0.023204137,-0.02379329
1429731111923022472,a,-0.62338483,0.54568005,0.31751063
1429731111943028720,a,-1.5272644,0.793222,0.6250483
1429731111963034968,a,-1.995091,0.76203585,1.3317679
1429731111983041216,a,-2.7308278,1.5729455,2.7939637
1429731112003050396,a,-2.7698944,2.583418,2.4497123
1429731112023059576,a,-2.8424401,3.2688303,1.3324145
1429731112043068756,a,-2.9231315,4.65636,-0.15358162
1429731112063077936,a,-3.4826427,6.058127,-0.5636871
1429731112083087116,a,-3.6613111,5.7853193,-0.23915648
1429731112103096296,a,-3.1785202,4.9498725,0.50581837
1429731112123105476,a,-3.030994,4.2971177,0.8805288
1429731112143114656,a,-2.3991709,3.691616,0.93802774
1429731112163123836,a,-1.6546781,3.0004067,0.98725593
1429731112183133016,a,-1.2601252,2.5800557,0.22293139
1429731112203142196,a,-0.53723454,1.8999285,-0.12928158
1429731112223151376,a,0.9916723,1.3204665,-1.6194735
1429731112243160556,a,0.17095965,0.41315416,-1.7198273
1429731112263169736,a,-2.3453982,0.38775444,-0.030082107
1429731112283178916,a,-1.70342,0.18194145,0.33193284
1429731112303188096,a,0.25093174,-0.48778376,-0.3014482
1429731112323197276,a,1.2230365,-2.4099507,-0.51592255
1429731112343206456,a,-0.72689617,-2.7983332,-1.0151861
1429731112363215636,a,-0.8467575,-1.7656637,-0.3938257
1429731112383224816,a,1.1238642,-1.2472427,-2.4088583
1429731112403233996,a,0.7263947,-4.714973,-0.24310133
1429731112423243176,a,-1.6350645,-5.485266,-5.21183E-4
1429731112443252356,a,-1.1927185,-5.5391264,1.832002
1429731112463261536,a,1.2733554,-5.167728,0.810827
1429731112483270716,a,2.4546862,-5.064407,-0.9180807
1429731112503279896,a,0.84214574,-4.3326497,-0.7360892
1429731112523289076,a,-0.16513607,-2.4451017,-0.41077814
1429731112543298256,a,0.18810233,-1.4976338,-0.11756018
1429731112563307436,a,1.0127861,-3.474979,-0.71375847
1429731112583316616,a,2.1228626,-5.4516335,-1.9155954
1429731112603325796,a,1.6677508,-6.2147336,-2.600825
1429731112623334976,a,-0.34626412,-5.812365,-1.4038274
1429731112643344156,a,-1.007065,-4.9947076,-0.5322437
1429731112663353336,a,0.13163072,-5.3180227,-0.9304189
1429731112683362516,a,1.348045,-5.502206,-1.1558028
1429731112703371696,a,1.3213872,-5.0418205,-0.679132
1429731112723380876,a,-0.12257677,-4.45351,-0.5316157
1429731112743390056,a,0.14076978,-4.1423974,-0.24604711
1429731112763399236,a,1.866746,-4.0684867,0.35055918
1429731112783408416,a,2.180316,-4.140265,0.81800246
1429731112803417596,a,1.4769394,-3.9431574,0.6860459
1429731112823426776,a,0.4443305,-3.896709,0.27491197
1429731112843435956,a,-0.19422543,-4.301727,0.0034817606
1429731112863445136,a,-0.17620446,-3.6994548,0.23485802
1429731112883454316,a,-0.45367682,-2.4206557,0.5553706
1429731112903463496,a,-0.32353598,-2.7567384,0.061462194
1429731112283178916,a,-1.70342,0.18194145,0.33193284
1429731112303188096,a,0.25093174,-0.48778376,-0.3014482
1429731112323197276,a,1.2230365,-2.4099507,-0.51592255
1429731112343206456,a,-0.72689617,-2.7983332,-1.0151861
1429731112363215636,a,-0.8467575,-1.7656637,-0.3938257
1429731112383224816,a,1.1238642,-1.2472427,-2.4088583
1429731112403233996,a,0.7263947,-4.714973,-0.24310133
1429731112423243176,a,-1.6350645,-5.485266,-5.21183E-4
1429731112443252356,a,-1.1927185,-5.5391264,1.832002
1429731112463261536,a,1.2733554,-5.167728,0.810827
1429731112483270716,a,2.4546862,-5.064407,-0.9180807
1429731112503279896,a,0.84214574,-4.3326497,-0.7360892
1429731112523289076,a,-0.16513607,-2.4451017,-0.41077814
1429731112543298256,a,0.18810233,-1.4976338,-0.11756018
1429731112563307436,a,1.0127861,-3.474979,-0.71375847
1429731112583316616,a,2.1228626,-5.4516335,-1.9155954
1429731112603325796,a,1.6677508,-6.2147336,-2.600825
1429731112623334976,a,-0.34626412,-5.812365,-1.4038274
1429731112643344156,a,-1.007065,-4.9947076,-0.5322437
1429731112663353336,a,0.13163072,-5.3180227,-0.9304189
1429731112683362516,a,1.348045,-5.502206,-1.1558028
1429731112703371696,a,1.3213872,-5.0418205,-0.679132
1429731112723380876,a,-0.12257677,-4.45351,-0.5316157
1429731112743390056,a,0.14076978,-4.1423974,-0.24604711
1429731112763399236,a,1.866746,-4.0684867,0.35055918
1429731112783408416,a,2.180316,-4.140265,0.81800246
1429731112803417596,a,1.4769394,-3.9431574,0.6860459
1429731112823426776,a,0.4443305,-3.896709,0.27491197
1429731112843435956,a,-0.19422543,-4.301727,0.0034817606
1429731112863445136,a,-0.17620446,-3.6994548,0.23485802
1429731112883454316,a,-0.45367682,-2.4206557,0.5553706
1429731112903463496,a,-0.32353598,-2.7567384,0.061462194
1429731112283178916,a,-1.70342,0.18194145,0.33193284
1429731112303188096,a,0.25093174,-0.48778376,-0.3014482
1429731112323197276,a,1.2230365,-2.4099507,-0.51592255
1429731112343206456,a,-0.72689617,-2.7983332,-1.0151861
1429731112363215636,a,-0.8467575,-1.7656637,-0.3938257
1429731112383224816,a,1.1238642,-1.2472427,-2.4088583
1429731112403233996,a,0.7263947,-4.714973,-0.24310133
1429731112423243176,a,-1.6350645,-5.485266,-5.21183E-4
1429731112443252356,a,-1.1927185,-5.5391264,1.832002
1429731112463261536,a,1.2733554,-5.167728,0.810827
1429731112483270716,a,2.4546862,-5.064407,-0.9180807
1429731112503279896,a,0.84214574,-4.3326497,-0.7360892
1429731112523289076,a,-0.16513607,-2.4451017,-0.41077814
1429731112543298256,a,0.18810233,-1.4976338,-0.11756018
1429731112563307436,a,1.0127861,-3.474979,-0.71375847
1429731112583316616,a,2.1228626,-5.4516335,-1.9155954
1429731112603325796,a,1.6677508,-6.2147336,-2.600825
1429731112623334976,a,-0.34626412,-5.812365,-1.4038274
1429731112643344156,a,-1.007065,-4.9947076,-0.5322437
1429731112663353336,a,0.13163072,-5.3180227,-0.9304189
1429731112683362516,a,1.348045,-5.502206,-1.1558028
1429731112703371696,a,1.3213872,-5.0418205,-0.679132
1429731112723380876,a,-0.12257677,-4.45351,-0.5316157
1429731112743390056,a,0.14076978,-4.1423974,-0.24604711
1429731112763399236,a,1.866746,-4.0684867,0.35055918
1429731112783408416,a,2.180316,-4.140265,0.81800246
1429731112803417596,a,1.4769394,-3.9431574,0.6860459
1429731112823426776,a,0.4443305,-3.896709,0.27491197
1429731112843435956,a,-0.19422543,-4.301727,0.0034817606
1429731112863445136,a,-0.17620446,-3.6994548,0.23485802
1429731112883454316,a,-0.45367682,-2.4206557,0.5553706
1429731112903463496,a,-0.32353598,-2.7567384,0.061462194
0,N,0,0,0
1429731113563798296,a,-0.3690824,1.4928447,0.6948242
1429731113583808656,a,-0.66277134,2.2746677,0.7087918
1429731113603819016,a,-0.41221556,2.2744358,0.345206
1429731113623829376,a,-0.903373,2.157275,0.47707814
1429731113643839736,a,-1.076818,2.599287,0.18373972
1429731113663850096,a,-0.8831031,2.51835,0.21514481
1429731113683860456,a,0.002123706,1.1468111,-0.06530988
1429731113703870816,a,0.5776686,0.32186496,-0.5084924
1429731113723881176,a,0.6765759,0.67029077,-0.25863865
1429731113743891536,a,1.2172477,1.2520596,0.24914445
1429731113763901896,a,1.8928478,1.316537,0.48249757
1429731113783912256,a,2.6705332,1.1087561,0.017356277
1429731113803922616,a,2.7633474,1.104246,-0.50239164
1429731113823932976,a,2.500403,1.7495215,0.2033885
1429731113843943336,a,2.4953082,2.0021071,1.4891505
1429731113863953696,a,1.7636685,1.9011495,1.9471909
1429731113883964056,a,1.6340623,2.2867465,1.1258042
1429731113903974416,a,2.0327039,2.8005357,-0.354399
1429731113923984776,a,2.035327,2.5879283,-0.9674953
1429731113943995136,a,0.9837222,2.461494,-0.38357204
1429731113964005496,a,0.5491048,2.122663,0.013628304
1429731113984015856,a,0.87232006,1.9115107,0.26051795
1429731114004026216,a,0.29392645,1.8433938,0.37611175
1429731114024036576,a,-0.6560537,1.3712498,-0.586803
1429731114044046936,a,-0.049278617,0.50416076,-2.297403
1429731114064051436,a,0.37823796,-0.11404967,-2.6236541
1429731114084055936,a,0.20133568,-0.7366683,-1.0222192
1429731114104060436,a,0.13247092,-2.2073946,-0.2022124
1429731114124064936,a,-0.80983245,-2.366986,-1.418457
1429731114144069436,a,-0.51248944,-1.5374362,-3.0096252
1429731114164073936,a,0.48562092,-2.2348402,-2.169248
1429731114184078436,a,-0.100399435,-4.441564,0.02711004
1429731112283178916,a,-1.70342,0.18194145,0.33193284
1429731112303188096,a,0.25093174,-0.48778376,-0.3014482
1429731112323197276,a,1.2230365,-2.4099507,-0.51592255
1429731112343206456,a,-0.72689617,-2.7983332,-1.0151861
1429731112363215636,a,-0.8467575,-1.7656637,-0.3938257
1429731112383224816,a,1.1238642,-1.2472427,-2.4088583
1429731112403233996,a,0.7263947,-4.714973,-0.24310133
1429731112423243176,a,-1.6350645,-5.485266,-5.21183E-4
1429731112443252356,a,-1.1927185,-5.5391264,1.832002
1429731112463261536,a,1.2733554,-5.167728,0.810827
1429731112483270716,a,2.4546862,-5.064407,-0.9180807
1429731112503279896,a,0.84214574,-4.3326497,-0.7360892
1429731112523289076,a,-0.16513607,-2.4451017,-0.41077814
1429731112543298256,a,0.18810233,-1.4976338,-0.11756018
1429731112563307436,a,1.0127861,-3.474979,-0.71375847
1429731112583316616,a,2.1228626,-5.4516335,-1.9155954
1429731112603325796,a,1.6677508,-6.2147336,-2.600825
1429731112623334976,a,-0.34626412,-5.812365,-1.4038274
1429731112643344156,a,-1.007065,-4.9947076,-0.5322437
1429731112663353336,a,0.13163072,-5.3180227,-0.9304189
1429731112683362516,a,1.348045,-5.502206,-1.1558028
1429731112703371696,a,1.3213872,-5.0418205,-0.679132
1429731112723380876,a,-0.12257677,-4.45351,-0.5316157
1429731112743390056,a,0.14076978,-4.1423974,-0.24604711
1429731112763399236,a,1.866746,-4.0684867,0.35055918
1429731112783408416,a,2.180316,-4.140265,0.81800246
1429731112803417596,a,1.4769394,-3.9431574,0.6860459
1429731112823426776,a,0.4443305,-3.896709,0.27491197
1429731112843435956,a,-0.19422543,-4.301727,0.0034817606
1429731112863445136,a,-0.17620446,-3.6994548,0.23485802
1429731112883454316,a,-0.45367682,-2.4206557,0.5553706
1429731112903463496,a,-0.32353598,-2.7567384,0.061462194
1429731112863445136,a,-0.17620446,-3.6994548,0.23485802
1429731112883454316,a,-0.45367682,-2.4206557,0.5553706
1429731112903463496,a,-0.32353598,-2.7567384,0.061462194
1429731114264096436,a,-2.710297,-6.186859,1.3585835
1429731114284100936,a,-3.219166,-7.258511,0.7934432
1429731114304105436,a,-3.255293,-6.2111545,0.63655037
1429731114324109936,a,-2.8591456,-3.4406366,1.0182412
1429731114344114436,a,-2.5257912,-1.8532027,1.7562226
1429731114364118936,a,-1.7116747,-1.9412324,1.2889265
1429731114384123436,a,-1.4154063,-2.398082,0.6721999
1429731114404127936,a,-1.0563762,-2.0727153,0.03380084
1429731114424132436,a,-0.89906275,-2.0545187,0.13604528
1429731114444136936,a,-0.84861875,-2.6592703,0.34512392
1429731114464141436,a,-0.5381833,-3.3428476,0.64303905
1429731114484145936,a,-0.89898014,-3.541386,0.63744235
1429731114504150436,a,-1.1230354,-3.1351135,0.3577825
1429731114524154936,a,-1.325373,-2.9989922,0.27509806
1429731114544159436,a,-2.513861,-3.4190497,0.7709117
1429731114564163936,a,-2.8126037,-3.2881982,0.082719386
1429731114584168436,a,-2.148733,-3.1581457,0.20763198
1429731114604172936,a,-2.5759008,-3.1090949,0.100554734
1429731114624177436,a,-2.2557635,-3.0572557,0.7943315
1429731114644181936,a,-1.807096,-2.1278841,-0.19650418
1429731114664186436,a,-2.5758452,-1.1366755,-0.9826144
1429731114684190936,a,-1.265389,-1.523949,-1.8453524
1429731114704195436,a,-0.7321212,-1.2737626,-1.2660362
1429731114724199936,a,-1.4251229,-0.48728156,-0.029625505
1429731114744204436,a,-0.9502907,0.037359655,-0.8552898
1429731114764208936,a,-0.8152373,1.3793567,-1.315784
1429731114784213436,a,-0.97525775,2.112134,-2.199545
1429731114804217936,a,-1.5876234,1.7084985,-1.7740374
1429731114824222436,a,-0.7944963,1.2947457,-1.116039
1429731114844226936,a,0.10084149,2.0161335,-0.1224944
1429731114864231436,a,0.80363476,2.4397497,-0.25107265
1429731114884235936,a,0.6336223,2.250319,-0.85276
1429731114904240436,a,0.1737113,3.58069,-1.4217204
1429731114924244936,a,1.046216,4.8684907,-0.098955154
1429731114944249436,a,3.01246,4.612257,1.415081
1429731114964253936,a,4.922217,3.2167993,1.4705331
1429731114984258436,a,3.4608219,2.3970742,0.6850989
1429731115004262936,a,2.9685428,2.7993636,0.4360997
1429731115024267436,a,3.3671575,2.878245,0.008550167
1429731115044271936,a,4.1426497,1.565814,-1.4674637
1429731115064279612,a,3.6399658,1.3648002,-0.7594168
1429731115084287288,a,2.8050652,2.1934454,1.2172675
1429731115104294964,a,2.3038306,2.8471375,2.1528366
1429731115124302640,a,2.190289,2.1208386,1.3304968
1429731115144310316,a,2.1484485,0.562824,0.27646452
1429731115164317992,a,1.1708888,0.25296146,0.67075956
1429731115184325668,a,0.5297762,0.5564715,0.7483727
1429731115204333344,a,0.50103396,0.8622667,0.18042369
1429731115224341020,a,0.42193368,0.9873029,-0.16065064
1429731115244348696,a,-0.11396188,1.1917685,-0.21293113
1429731115264356372,a,-0.38972884,0.39062324,0.04090274
1429731115284364048,a,-0.76958627,-1.3352041,0.28007928
1429731115304371724,a,-0.6573639,-0.55994004,-1.8333862
1429731115324379400,a,-0.70928836,0.219832,-0.9657328
1429731115344387076,a,-0.88922685,0.102051914,1.1706208
1429731115364394752,a,-0.28527373,0.9461277,0.7799864
1429731115384402428,a,-0.5326675,0.23061782,0.20744164
1429731115404410104,a,-0.69171774,0.4811928,-0.26070037
1429731112863445136,a,-0.17620446,-3.6994548,0.23485802
1429731112883454316,a,-0.45367682,-2.4206557,0.5553706
1429731112903463496,a,-0.32353598,-2.7567384,0.061462194
0,N,0,0,0
1429731115484440808,a,-0.21984272,-0.16140859,0.20305522
1429731115444425456,a,-0.19792038,-0.21573398,0.44568065
1429731115464433132,a,-0.3979929,0.06575592,0.5265678
1429731114264096436,a,-2.710297,-6.186859,1.3585835
1429731114284100936,a,-3.219166,-7.258511,0.7934432
1429731114304105436,a,-3.255293,-6.2111545,0.63655037
1429731114324109936,a,-2.8591456,-3.4406366,1.0182412
1429731114344114436,a,-2.5257912,-1.8532027,1.7562226
1429731114364118936,a,-1.7116747,-1.9412324,1.2889265
1429731114384123436,a,-1.4154063,-2.398082,0.6721999
1429731114404127936,a,-1.0563762,-2.0727153,0.03380084
1429731114424132436,a,-0.89906275,-2.0545187,0.13604528
1429731114444136936,a,-0.84861875,-2.6592703,0.34512392
1429731114464141436,a,-0.5381833,-3.3428476,0.64303905
1429731114484145936,a,-0.89898014,-3.541386,0.63744235
1429731114504150436,a,-1.1230354,-3.1351135,0.3577825
1429731114524154936,a,-1.325373,-2.9989922,0.27509806
1429731114544159436,a,-2.513861,-3.4190497,0.7709117
1429731114564163936,a,-2.8126037,-3.2881982,0.082719386
1429731114584168436,a,-2.148733,-3.1581457,0.20763198
1429731114604172936,a,-2.5759008,-3.1090949,0.100554734
1429731114624177436,a,-2.2557635,-3.0572557,0.7943315
1429731114644181936,a,-1.807096,-2.1278841,-0.19650418
1429731114664186436,a,-2.5758452,-1.1366755,-0.9826144
1429731114684190936,a,-1.265389,-1.523949,-1.8453524
1429731114704195436,a,-0.7321212,-1.2737626,-1.2660362
1429731114724199936,a,-1.4251229,-0.48728156,-0.029625505
1429731114744204436,a,-0.9502907,0.037359655,-0.8552898
1429731114764208936,a,-0.8152373,1.3793567,-1.315784
1429731114784213436,a,-0.97525775,2.112134,-2.199545
1429731114804217936,a,-1.5876234,1.7084985,-1.7740374
1429731114824222436,a,-0.7944963,1.2947457,-1.116039
1429731114844226936,a,0.10084149,2.0161335,-0.1224944
1429731114864231436,a,0.80363476,2.4397497,-0.25107265
1429731114884235936,a,0.6336223,2.250319,-0.85276
1429731114904240436,a,0.1737113,3.58069,-1.4217204
1429731114924244936,a,1.046216,4.8684907,-0.098955154
1429731114944249436,a,3.01246,4.612257,1.415081
1429731114964253936,a,4.922217,3.2167993,1.4705331
1429731114984258436,a,3.4608219,2.3970742,0.6850989
1429731115004262936,a,2.9685428,2.7993636,0.4360997
1429731115024267436,a,3.3671575,2.878245,0.008550167
1429731115044271936,a,4.1426497,1.565814,-1.4674637
1429731115064279612,a,3.6399658,1.3648002,-0.7594168
1429731115084287288,a,2.8050652,2.1934454,1.2172675
1429731115104294964,a,2.3038306,2.8471375,2.1528366
1429731115124302640,a,2.190289,2.1208386,1.3304968
1429731115144310316,a,2.1484485,0.562824,0.27646452
1429731115164317992,a,1.1708888,0.25296146,0.67075956
1429731115184325668,a,0.5297762,0.5564715,0.7483727
1429731115204333344,a,0.50103396,0.8622667,0.18042369
1429731115224341020,a,0.42193368,0.9873029,-0.16065064
1429731115244348696,a,-0.11396188,1.1917685,-0.21293113
1429731115264356372,a,-0.38972884,0.39062324,0.04090274
1429731115284364048,a,-0.76958627,-1.3352041,0.28007928
1429731115304371724,a,-0.6573639,-0.55994004,-1.8333862
1429731115324379400,a,-0.70928836,0.219832,-0.9657328
1429731115344387076,a,-0.88922685,0.102051914,1.1706208
1429731115364394752,a,-0.28527373,0.9461277,0.7799864
1429731115384402428,a,-0.5326675,0.23061782,0.20744164
1429731115404410104,a,-0.69171774,0.4811928,-0.26070037
1429731112863445136,a,-0.17620446,-3.6994548,0.23485802
1429731112883454316,a,-0.45367682,-2.4206557,0.5553706
1429731112903463496,a,-0.32353598,-2.7567384,0.061462194
1429731115484440808,a,-0.21984272,-0.16140859,0.20305522
1429731115504448484,a,0.12938964,-0.43312603,-0.06105107
1429731115524456160,a,0.11109833,-0.18717799,0.20947321
1429731115544463836,a,0.10402422,0.22421691,0.7533814
1429731115564471512,a,0.45619136,0.39545566,0.82395005
1429731115584479188,a,0.6773853,0.16935883,0.5796832
1429731115604486864,a,0.9445459,0.27967766,0.7319406
1429731115624494540,a,0.96501976,-0.02739945,0.9213347
1429731115644502216,a,1.0808134,-0.4618974,1.1206275
1429731115664509892,a,1.3716292,0.18040925,1.1800232
1429731115684517568,a,1.2816072,1.6898928,0.5269785
1429731115704525244,a,1.6432798,1.7687536,0.15056711
1429731115724532920,a,1.86164,1.4589833,0.42452928
1429731115744540596,a,1.9237812,0.85001385,0.68927664
1429731115764548272,a,1.7809252,0.67214054,0.5599175
1429731115784555948,a,1.9436696,1.2032607,-0.05058664
1429731115804563624,a,2.3264775,1.3942065,-0.26291096
1429731115824571300,a,3.1775243,0.5661768,-0.38665515
1429731115844578976,a,3.36569,0.18817239,0.19004503
1429731115864586652,a,2.6170974,0.83552957,1.0681257
1429731115884594328,a,2.2649014,1.9884629,1.6741196
1429731115904602004,a,3.1637475,2.2765508,1.3107629
1429731115924609680,a,3.9040418,2.0024624,0.1041469
1429731115944617356,a,4.050085,1.0391823,-1.0174063
1429731115964625032,a,2.3696444,0.47786567,0.13357362
1429731115984632708,a,1.4593786,1.417438,0.038175046
1429731116004640384,a,1.3234177,2.419304,-0.14324689
1429731116024648060,a,1.6074626,1.2840997,-1.1959175
1429731116044655736,a,1.6763976,-0.548722,-1.959866
1429731116064663412,a,0.40580255,0.028459013,-1.6145229
1429731116084678560,a,-0.6138918,3.263753,-0.65317976
1429731116104693708,a,-0.59334457,1.8371102,-0.55599415
1429731116124708856,a,-0.051299863,-1.5329055,-1.8575327
1429731116144724004,a,-0.3834082,-3.0296824,-2.587009
1429731116164739152,a,-1.51297,-2.3209429,-2.1220198
1429731116184754300,a,-3.5238123,-0.62865895,-0.8890121
1429731116204769448,a,-4.6067,-1.0215058,-0.4333446
1429731116224784596,a,-4.3370175,-2.525944,-1.8308393
1429731116244799744,a,-5.459444,-3.334594,-0.940302
1429731116264814892,a,-7.058843,-2.4870665,0.35622388
1429731116284830040,a,-7.7769704,-1.0410289,0.0028744936
1429731116304845188,a,-6.792018,-1.2863564,-1.0548791
1429731116324860336,a,-5.2578626,-1.4601043,-0.3968927
1429731116344875484,a,-4.2452865,-0.26874414,0.75242907
1429731116364890632,a,-2.5330184,0.26335728,0.24295577
1429731116384905780,a,-1.7409939,-0.01988316,0.16733839
1429731116404920928,a,-1.9933014,-0.36430404,-0.12650356
1429731116424936076,a,-2.378287,-0.8312081,-0.79509294
1429731116444951224,a,-2.1100476,-1.7671103,-0.42460644
1429731116464966372,a,-2.4810221,-1.289065,-0.21047989
1429731116484981520,a,-2.8862395,-0.7123525,-0.021600693
1429731116504996668,a,-2.2385345,-0.94837743,0.468432
1429731116525011816,a,-2.5168393,-0.55308306,0.83427626
1429731116545026964,a,-2.8081443,0.049481936,1.0673364
1429731116565042112,a,-2.4268105,0.34973487,0.62812483
1429731116585057260,a,-2.8151834,-0.4326434,0.3447012
1429731116605072408,a,-4.4959707,-1.1867436,0.37370098
1429731116625087556,a,-5.764682,-1.0066017,-0.08038545
1429731116645102704,a,-4.7737846,0.53928494,-0.8557366
1429731116665117852,a,-3.2550468,2.3223844,-0.57881916
1429731116685133000,a,-3.1652105,0.40917724,0.3962895
1429731116705148148,a,-4.0368257,-0.92475146,-0.59743655
1429731116725163296,a,-3.81401,-0.022503942,-1.350824
1429731116745178444,a,-2.0997138,1.7876787,-2.0593116
1429731116124708856,a,-0.051299863,-1.5329055,-1.8575327
1429731116144724004,a,-0.3834082,-3.0296824,-2.587009
1429731116164739152,a,-1.51297,-2.3209429,-2.1220198
1429731116184754300,a,-3.5238123,-0.62865895,-0.8890121
1429731116204769448,a,-4.6067,-1.0215058,-0.4333446
1429731116224784596,a,-4.3370175,-2.525944,-1.8308393
1429731116244799744,a,-5.459444,-3.334594,-0.940302
1429731116264814892,a,-7.058843,-2.4870665,0.35622388
1429731116284830040,a,-7.7769704,-1.0410289,0.0028744936
1429731116304845188,a,-6.792018,-1.2863564,-1.0548791
1429731116324860336,a,-5.2578626,-1.4601043,-0.3968927
1429731116344875484,a,-4.2452865,-0.26874414,0.75242907
1429731116364890632,a,-2.5330184,0.26335728,0.24295577
1429731116384905780,a,-1.7409939,-0.01988316,0.16733839
1429731116404920928,a,-1.9933014,-0.36430404,-0.12650356
1429731116424936076,a,-2.378287,-0.8312081,-0.79509294
1429731116444951224,a,-2.1100476,-1.7671103,-0.42460644
1429731116464966372,a,-2.4810221,-1.289065,-0.21047989
1429731116484981520,a,-2.8862395,-0.7123525,-0.021600693
1429731116504996668,a,-2.2385345,-0.94837743,0.468432
1429731116525011816,a,-2.5168393,-0.55308306,0.83427626
1429731116545026964,a,-2.8081443,0.049481936,1.0673364
1429731116565042112,a,-2.4268105,0.34973487,0.62812483
1429731116585057260,a,-2.8151834,-0.4326434,0.3447012
1429731116605072408,a,-4.4959707,-1.1867436,0.37370098
1429731116625087556,a,-5.764682,-1.0066017,-0.08038545
1429731116645102704,a,-4.7737846,0.53928494,-0.8557366
1429731116665117852,a,-3.2550468,2.3223844,-0.57881916
1429731116685133000,a,-3.1652105,0.40917724,0.3962895
1429731116705148148,a,-4.0368257,-0.92475146,-0.59743655
1429731116725163296,a,-3.81401,-0.022503942,-1.350824
1429731116745178444,a,-2.0997138,1.7876787,-2.0593116
1429731116124708856,a,-0.051299863,-1.5329055,-1.8575327
1429731116144724004,a,-0.3834082,-3.0296824,-2.587009
1429731116164739152,a,-1.51297,-2.3209429,-2.1220198
1429731116184754300,a,-3.5238123,-0.62865895,-0.8890121
1429731116204769448,a,-4.6067,-1.0215058,-0.4333446
1429731116224784596,a,-4.3370175,-2.525944,-1.8308393
1429731116244799744,a,-5.459444,-3.334594,-0.940302
1429731116264814892,a,-7.058843,-2.4870665,0.35622388
1429731116284830040,a,-7.7769704,-1.0410289,0.0028744936
1429731116304845188,a,-6.792018,-1.2863564,-1.0548791
1429731116324860336,a,-5.2578626,-1.4601043,-0.3968927
1429731116344875484,a,-4.2452865,-0.26874414,0.75242907
1429731116364890632,a,-2.5330184,0.26335728,0.24295577
1429731116384905780,a,-1.7409939,-0.01988316,0.16733839
1429731116404920928,a,-1.9933014,-0.36430404,-0.12650356
1429731116424936076,a,-2.378287,-0.8312081,-0.79509294
1429731116444951224,a,-2.1100476,-1.7671103,-0.42460644
1429731116464966372,a,-2.4810221,-1.289065,-0.21047989
1429731116484981520,a,-2.8862395,-0.7123525,-0.021600693
1429731116504996668,a,-2.2385345,-0.94837743,0.468432
1429731116525011816,a,-2.5168393,-0.55308306,0.83427626
1429731116545026964,a,-2.8081443,0.049481936,1.0673364
1429731116565042112,a,-2.4268105,0.34973487,0.62812483
1429731116585057260,a,-2.8151834,-0.4326434,0.3447012
1429731116605072408,a,-4.4959707,-1.1867436,0.37370098
1429731116625087556,a,-5.764682,-1.0066017,-0.08038545
1429731116645102704,a,-4.7737846,0.53928494,-0.8557366
1429731116665117852,a,-3.2550468,2.3223844,-0.57881916
1429731116685133000,a,-3.1652105,0.40917724,0.3962895
1429731116705148148,a,-4.0368257,-0.92475146,-0.59743655
1429731116725163296,a,-3.81401,-0.022503942,-1.350824
1429731116745178444,a,-2.0997138,1.7876787,-2.0593116
0,N,0,0,0
1429731117405727288,a,-0.5145395,-0.053789526,0.13038953
1429731117425745700,a,-1.0141997,1.4230138,0.64058816
1429731117445764112,a,-0.6800553,1.5008047,-0.15944803
1429731117465782524,a,-0.4479918,0.6861575,-0.83428806
1429731117485800936,a,-0.5391508,0.075303346,-0.6566324
1429731117505819348,a,-0.6424476,1.0981641,-0.5048727
1429731117525837760,a,-0.57115006,0.91165763,0.018487543
1429731117545856172,a,-0.44468865,0.15435193,-0.10096046
1429731117565874584,a,-0.26349953,0.0074201766,0.08247416
1429731117585892996,a,-0.078855336,0.030373458,0.16903307
1429731117605911408,a,-0.048188087,0.1305122,0.065471135
1429731117625929820,a,-0.037266064,-0.10705285,0.22178087
1429731117645948232,a,0.17680725,-0.05651606,0.17506996
1429731117665966644,a,0.1925761,0.14120129,0.18375903
1429731117685985056,a,0.102536455,0.29648954,0.2485554
1429731117706003468,a,0.22386163,0.3081356,0.17597343
1429731117726021880,a,0.26788527,0.32291418,-0.036491618
1429731117746040292,a,0.035795934,0.40242642,0.04796122
1429731117766058704,a,-0.04674525,0.18557036,0.24812037
1429731117786077116,a,-0.17218867,0.04911215,0.39301407
1429731117806095528,a,-0.31856245,0.07745992,0.10959603
1429731117826113940,a,-0.2713238,0.32850394,-0.077135816
1429731117846132352,a,-0.09994543,0.217516,0.22789377
1429731117866150764,a,0.15944241,-0.20940016,0.6745166
1429731117886169176,a,0.62294465,-0.40459388,0.88854635
1429731117906187588,a,1.234514,-0.6183083,0.8424051
1429731117926206000,a,2.1536841,-0.57109153,1.1721504
1429731117946224412,a,3.193301,-0.7434753,1.7712773
1429731117966242824,a,3.8054614,-1.0435727,2.5145793
1429731117986261236,a,4.000053,-1.8849094,2.943507
1429731118006279648,a,4.296402,-1.8332725,2.674644
1429731118026298060,a,4.914298,-0.89502716,1.9912636
1429731116124708856,a,-0.051299863,-1.5329055,-1.8575327
1429731116144724004,a,-0.3834082,-3.0296824,-2.587009
1429731116164739152,a,-1.51297,-2.3209429,-2.1220198
1429731116184754300,a,-3.5238123,-0.62865895,-0.8890121
1429731116204769448,a,-4.6067,-1.0215058,-0.4333446
1429731116224784596,a,-4.3370175,-2.525944,-1.8308393
1429731116244799744,a,-5.459444,-3.334594,-0.940302
1429731116264814892,a,-7.058843,-2.4870665,0.35622388
1429731116284830040,a,-7.7769704,-1.0410289,0.0028744936
1429731116304845188,a,-6.792018,-1.2863564,-1.0548791
1429731116324860336,a,-5.2578626,-1.4601043,-0.3968927
1429731116344875484,a,-4.2452865,-0.26874414,0.75242907
1429731116364890632,a,-2.5330184,0.26335728,0.24295577
1429731116384905780,a,-1.7409939,-0.01988316,0.16733839
1429731116404920928,a,-1.9933014,-0.36430404,-0.12650356
1429731116424936076,a,-2.378287,-0.8312081,-0.79509294
1429731116444951224,a,-2.1100476,-1.7671103,-0.42460644
1429731116464966372,a,-2.4810221,-1.289065,-0.21047989
1429731116484981520,a,-2.8862395,-0.7123525,-0.021600693
1429731116504996668,a,-2.2385345,-0.94837743,0.468432
1429731116525011816,a,-2.5168393,-0.55308306,0.83427626
1429731116545026964,a,-2.8081443,0.049481936,1.0673364
1429731116565042112,a,-2.4268105,0.34973487,0.62812483
1429731116585057260,a,-2.8151834,-0.4326434,0.3447012
1429731116605072408,a,-4.4959707,-1.1867436,0.37370098
1429731116625087556,a,-5.764682,-1.0066017,-0.08038545
1429731116645102704,a,-4.7737846,0.53928494,-0.8557366
1429731116665117852,a,-3.2550468,2.3223844,-0.57881916
1429731116685133000,a,-3.1652105,0.40917724,0.3962895
1429731116705148148,a,-4.0368257,-0.92475146,-0.59743655
1429731116725163296,a,-3.81401,-0.022503942,-1.350824
1429731116745178444,a,-2.0997138,1.7876787,-2.0593116
1429731118046316472,a,5.1129,0.0054730177,1.3821917
1429731118066334884,a,4.2899666,-0.29715055,0.7491399
1429731118086353296,a,3.763194,-1.129657,-0.07784492
1429731118106371708,a,4.003811,-0.72467834,-1.2098166
1429731118126390120,a,4.0135994,0.3401577,-1.2151678
1429731118146408532,a,3.4540179,0.97063726,-1.0267581
1429731118166428004,a,2.6281965,-0.122875065,-0.67375165
1429731118186447476,a,2.1784172,-0.48661843,0.21989214
1429731118206466948,a,2.1971176,0.29326704,0.43149343
1429731118226486420,a,1.6154188,0.27231106,-0.073696285
1429731118246505892,a,0.3898591,-0.74234706,0.3476958
1429731118266525364,a,0.2202011,-0.9437833,0.8999359
1429731118286544836,a,0.5776761,-0.41549426,1.0196416
1429731118306564308,a,-0.5695779,-0.19084749,-0.121288195
1429731118326583780,a,-2.0342488,-1.1486644,-0.9719921
1429731118346603252,a,-2.8799307,-1.8576494,-1.6959488
1429731118366622724,a,-3.8360002,-2.2744555,-1.6853731
1429731118386642196,a,-6.465429,-1.1379987,-1.1730152
1429731118406661668,a,-9.785226,0.57413816,0.13332158
1429731118426681140,a,-12.629869,3.598424,-0.5949913
1429731118446700612,a,-13.052153,5.455112,-2.0340283
1429731118466720084,a,-11.665598,3.3621495,0.22609824
1429731118486739556,a,-3.7236145,0.4779061,-1.557459
1429731118506759028,a,1.7800554,-0.24943626,-4.0025134
1429731118526778500,a,2.9045706,2.36879,-2.5522242
1429731118546797972,a,1.476049,6.376742,-1.4903216
1429731118566817444,a,-0.69470966,3.3770032,-2.679477
1429731118586836916,a,-2.6176252,0.051927984,-2.6051445
1429731118606856388,a,-4.7808,-1.2729757,-1.9027802
1429731118626875860,a,-4.8621907,0.8778256,-1.1754174
1429731118646895332,a,-2.977281,3.4131725,-1.1846484
1429731118666914804,a,-2.2458,3.5136077,-0.80730784
1429731118686934276,a,-3.5423408,2.707771,-1.3906226
1429731118706953748,a,-5.4073772,2.709654,-1.0479791
1429731118726973220,a,-5.091269,2.7912607,-0.57812446
1429731118746992692,a,-3.6444523,3.1044934,-0.8823246
1429731118767012164,a,-4.136625,2.6120644,-1.7708616
1429731118787031636,a,-5.8397107,2.028992,-1.7158946
1429731118807051108,a,-4.9496465,2.0452778,-1.8311731
1429731118827070580,a,-2.5221148,2.4619598,-1.7493508
1429731118847090052,a,-1.7271427,1.0083013,-0.8736402
1429731118867109524,a,-1.1882087,-0.5331861,-1.3802438
1429731118887128996,a,1.0026844,-0.47090387,-3.2996364
1429731118907148468,a,0.23978136,-0.6576425,-0.08281916
1429731118927167940,a,1.1721861,-1.99337,1.1713636
1429731118947187412,a,3.8086655,-2.084945,-1.0194685
1429731118967206884,a,5.0427055,-2.2409492,-2.2113667
1429731118987226356,a,2.8056927,-3.2889013,-1.3112714
1429731119007245828,a,0.7303486,-4.108516,0.94571567
1429731119027265300,a,2.3686965,-2.1832392,0.8475414
1429731119047284772,a,3.7810345,0.18164724,2.4525447
1429731119067304244,a,3.5279517,-0.95176095,1.7691078
1429731119087323716,a,1.507621,-3.21138,1.8945029
1429731119107343188,a,1.3433731,-3.810604,2.2263684
1429731119127362660,a,3.2859087,-2.1725829,3.0657668
1429731119147382132,a,3.854419,-3.6278214,1.1660553
1429731119167401604,a,2.3610122,-5.033844,-0.413808
1429731119187421076,a,0.41340017,-4.4850245,1.0075605
1429731119207440468,a,0.9528298,-2.3866487,2.098909
1429731119227459860,a,2.513237,-1.4410596,2.1335495
1429731119247479252,a,1.6269175,-1.3847386,1.8819153
1429731119267498644,a,0.82797,-1.0976232,1.8315744
1429731119287518036,a,0.87115026,-0.75951403,1.6409887
1429731119307537428,a,1.0863937,0.25553405,1.3332989
1429731118286544836,a,0.5776761,-0.41549426,1.0196416
1429731118306564308,a,-0.5695779,-0.19084749,-0.121288195
1429731118326583780,a,-2.0342488,-1.1486644,-0.9719921
1429731118346603252,a,-2.8799307,-1.8576494,-1.6959488
1429731118366622724,a,-3.8360002,-2.2744555,-1.6853731
1429731118386642196,a,-6.465429,-1.1379987,-1.1730152
1429731118406661668,a,-9.785226,0.57413816,0.13332158
1429731118426681140,a,-12.629869,3.598424,-0.5949913
1429731118446700612,a,-13.052153,5.455112,-2.0340283
1429731118466720084,a,-11.665598,3.3621495,0.22609824
1429731118486739556,a,-3.7236145,0.4779061,-1.557459
1429731118506759028,a,1.7800554,-0.24943626,-4.0025134
1429731118526778500,a,2.9045706,2.36879,-2.5522242
1429731118546797972,a,1.476049,6.376742,-1.4903216
1429731118566817444,a,-0.69470966,3.3770032,-2.679477
1429731118586836916,a,-2.6176252,0.051927984,-2.6051445
1429731118606856388,a,-4.7808,-1.2729757,-1.9027802
1429731118626875860,a,-4.8621907,0.8778256,-1.1754174
1429731118646895332,a,-2.977281,3.4131725,-1.1846484
1429731118666914804,a,-2.2458,3.5136077,-0.80730784
1429731118686934276,a,-3.5423408,2.707771,-1.3906226
1429731118706953748,a,-5.4073772,2.709654,-1.0479791
1429731118726973220,a,-5.091269,2.7912607,-0.57812446
1429731118746992692,a,-3.6444523,3.1044934,-0.8823246
1429731118767012164,a,-4.136625,2.6120644,-1.7708616
1429731118787031636,a,-5.8397107,2.028992,-1.7158946
1429731118807051108,a,-4.9496465,2.0452778,-1.8311731
1429731118827070580,a,-2.5221148,2.4619598,-1.7493508
1429731118847090052,a,-1.7271427,1.0083013,-0.8736402
1429731118867109524,a,-1.1882087,-0.5331861,-1.3802438
1429731118887128996,a,1.0026844,-0.47090387,-3.2996364
1429731118907148468,a,0.23978136,-0.6576425,-0.08281916
1429731118927167940,a,1.1721861,-1.99337,1.1713636
1429731118947187412,a,3.8086655,-2.084945,-1.0194685
1429731118967206884,a,5.0427055,-2.2409492,-2.2113667
1429731118987226356,a,2.8056927,-3.2889013,-1.3112714
1429731119007245828,a,0.7303486,-4.108516,0.94571567
1429731119027265300,a,2.3686965,-2.1832392,0.8475414
1429731119047284772,a,3.7810345,0.18164724,2.4525447
1429731119067304244,a,3.5279517,-0.95176095,1.7691078
1429731119087323716,a,1.507621,-3.21138,1.8945029
1429731119107343188,a,1.3433731,-3.810604,2.2263684
1429731119127362660,a,3.2859087,-2.1725829,3.0657668
1429731119147382132,a,3.854419,-3.6278214,1.1660553
1429731119167401604,a,2.3610122,-5.033844,-0.413808
1429731119187421076,a,0.41340017,-4.4850245,1.0075605
1429731119207440468,a,0.9528298,-2.3866487,2.098909
1429731119227459860,a,2.513237,-1.4410596,2.1335495
1429731119247479252,a,1.6269175,-1.3847386,1.8819153
1429731119267498644,a,0.82797,-1.0976232,1.8315744
1429731119287518036,a,0.87115026,-0.75951403,1.6409887
1429731119307537428,a,1.0863937,0.25553405,1.3332989
1429731119087323716,a,1.507621,-3.21138,1.8945029
1429731119107343188,a,1.3433731,-3.810604,2.2263684
1429731119127362660,a,3.2859087,-2.1725829,3.0657668
1429731119147382132,a,3.854419,-3.6278214,1.1660553
1429731119167401604,a,2.3610122,-5.033844,-0.413808
1429731119187421076,a,0.41340017,-4.4850245,1.0075605
1429731119207440468,a,0.9528298,-2.3866487,2.098909
1429731119227459860,a,2.513237,-1.4410596,2.1335495
1429731119247479252,a,1.6269175,-1.3847386,1.8819153
1429731119267498644,a,0.82797,-1.0976232,1.8315744
1429731119287518036,a,0.87115026,-0.75951403,1.6409887
1429731119307537428,a,1.0863937,0.25553405,1.3332989
0,N,0,0,0
1429731119567789524,a,-0.8067206,0.47860348,-1.3370633
1429731119587808916,a,-0.5863567,1.2856733,0.5971825
1429731119607828308,a,-0.21302335,-0.1429975,0.6640265
1429731119627847700,a,-0.56406164,-0.36496773,0.38759467
1429731119647867092,a,-0.09282605,0.39183033,-0.23660892
1429731119667886484,a,0.0101988,0.9763993,-0.0851112
1429731119687905876,a,0.10786085,0.8132285,0.06692937
1429731119707925268,a,0.12436614,-0.08598775,-0.091066316
1429731119727944660,a,0.16800478,-0.1950117,-0.5098124
1429731119747964052,a,-0.040338814,0.8041886,-0.406808
1429731119767983444,a,-0.07750346,0.8940983,0.07997885
1429731119788002836,a,0.006789523,0.18789461,0.3303481
1429731119808022228,a,0.08888917,0.10240503,0.0745914
1429731119828041620,a,0.065729864,0.38185534,0.06799552
1429731119848061012,a,0.07479684,0.5989629,0.15626915
1429731119868080404,a,0.15969995,0.2612706,0.256612
1429731119888099796,a,0.015792448,-0.03799531,0.27773136
1429731119908119188,a,0.15239888,0.09073593,-0.04185548
1429731119928138580,a,0.13920617,0.070580035,-0.09382225
1429731119948157972,a,0.16600864,0.05646722,0.07449025
1429731119968177364,a,0.1209389,-0.16637303,-0.100475475
1429731119988196756,a,0.010033455,-0.009616691,-0.034600895
1429731120008216148,a,-0.058475763,0.2590555,-0.23017013
1429731120028235540,a,-0.15119052,0.47979245,-0.054264978
1429731120048254932,a,0.017822685,0.08043373,-0.108796306
1429731120068274324,a,-0.004806839,-0.24026838,-0.09700249
1429731120088293716,a,-0.22959173,-0.19216251,0.09148582
1429731120108313108,a,-0.12273462,-0.08431883,0.0552158
1429731120128332500,a,0.06994786,-0.15500543,0.37956348
1429731120148351892,a,0.060896292,-0.60693157,0.68144846
1429731120168371284,a,0.209435,-1.1775041,0.5232692
1429731120188390676,a,0.3074246,-1.3757077,0.5422852
1429731120208410068,a,0.54400027,-1.7452242,0.99603266
1429731120228428816,a,0.98032624,-2.7519372,0.9158044
1429731120248447564,a,1.4358287,-3.2826595,0.8308469
1429731120268466312,a,2.0175593,-3.8021321,0.64646053
1429731120288485060,a,2.5040007,-4.195394,0.34994245
1429731120308503808,a,3.0520375,-4.0051317,0.35837603
1429731120328522556,a,3.4809232,-3.7964509,0.30655146
1429731120348541304,a,3.2303066,-4.042054,0.17439508
1429731120368560052,a,3.1716619,-4.2766104,0.05647564
1429731120388578800,a,3.054126,-3.8570638,-0.035470963
1429731120408597548,a,2.6445007,-3.1533363,0.4892099
1429731120428616296,a,2.4740632,-3.1955204,1.1325643
1429731120448635044,a,2.6271844,-3.7581747,1.6696376
1429731120468653792,a,0.16852605,-3.1227086,1.4062115
1429731120488672540,a,0.15941224,-1.0658178,0.8636723
1429731120508691288,a,0.735039,0.22881594,0.58109844
1429731120528710036,a,0.513741,-1.3090867,-0.77371156
1429731120548728784,a,-1.6281235,-1.5490383,-0.80850303
1429731120568747532,a,-3.6024203,-0.534264,-0.8192027
1429731120588766280,a,-4.5156684,1.0869818,-0.47524345
1429731119087323716,a,1.507621,-3.21138,1.8945029
1429731119107343188,a,1.3433731,-3.810604,2.2263684
1429731119127362660,a,3.2859087,-2.1725829,3.0657668
1429731119147382132,a,3.854419,-3.6278214,1.1660553
1429731119167401604,a,2.3610122,-5.033844,-0.413808
1429731119187421076,a,0.41340017,-4.4850245,1.0075605
1429731119207440468,a,0.9528298,-2.3866487,2.098909
1429731119227459860,a,2.513237,-1.4410596,2.1335495
1429731119247479252,a,1.6269175,-1.3847386,1.8819153
1429731119267498644,a,0.82797,-1.0976232,1.8315744
1429731119287518036,a,0.87115026,-0.75951403,1.6409887
1429731119307537428,a,1.0863937,0.25553405,1.3332989
1429731120608785028,a,-5.7475295,1.7182721,-1.3434571
1429731120628803776,a,-7.727653,2.0608706,-1.3198376
1429731120648822524,a,-9.545333,5.109105,0.014742732
1429731120668841272,a,-10.142768,8.169629,1.072093
1429731120688860020,a,-8.979504,9.317217,1.6153135
1429731120708878768,a,-4.0080786,8.529503,1.9931593
1429731120728897516,a,-0.4024983,4.123513,-1.9783318
1429731120748916264,a,4.0019827,3.0542722,-4.1130285
1429731120768935012,a,6.6175685,4.4859514,-3.7342486
1429731120788953760,a,2.7035675,3.4884002,-1.6278548
1429731120808972508,a,-0.39604473,2.335944,-0.6007659
1429731120828991256,a,-1.5211543,2.125797,0.2712555
1429731120849010004,a,-1.4737645,3.253849,-0.12612778
1429731120869028752,a,-1.4179214,2.7304766,-0.22329432
1429731120889047500,a,-1.2139535,2.3241982,-0.45025176
1429731120909066248,a,-1.4156951,2.6516018,-0.6996999
1429731120929084996,a,-2.131178,3.1310415,-0.5338168
1429731120949103744,a,-2.375863,3.6137373,-0.3280811
1429731120969122492,a,-1.6551846,2.9047227,-0.47482273
1429731120989141240,a,-1.020435,1.6447059,-0.52453864
1429731121009159988,a,-1.1792707,1.458765,-0.22476482
1429731121029178736,a,-1.9265939,2.2355113,-0.9244356
1429731121049197484,a,-2.1816523,2.572103,-0.78974825
1429731121069216232,a,-0.95051116,2.1202283,-0.37414113
1429731121089234980,a,-0.6343888,1.2089211,-0.3122094
1429731121109253728,a,-1.8272115,0.9209579,-0.28636974
1429731121129272476,a,-2.0521004,1.7341958,-1.1139696
1429731121149291224,a,-1.0957001,2.3240645,-1.5602658
1429731121169309972,a,-0.6765311,2.6844769,-0.479878
1429731121189328720,a,-2.0165741,2.5645857,-0.005184591
1429731121209347468,a,-2.4171362,1.3541452,-0.29395747
1429731121229366216,a,-2.1191332,0.8251053,-0.6243942
1429731121249384056,a,-1.8585521,-2.6722383,0.56190026
1429731121269401896,a,-0.2591807,-5.764458,-0.9578279
1429731121289419736,a,0.47582063,-3.6328275,0.384076
1429731121309437576,a,2.06553,-2.4876685,-0.37506795
1429731121329455416,a,3.0346649,-5.0469656,-0.53052676
1429731121349473256,a,3.4228742,-6.8528566,0.5090442
1429731121369491096,a,3.9608126,-4.7153106,-0.81767464
1429731121389508936,a,3.7663825,-1.2385142,-0.14733595
1429731121409526776,a,3.5960858,-2.1952813,0.036186814
1429731121429544616,a,3.5169568,-5.5239205,-0.05299306
1429731121449562456,a,3.1394577,-5.6109743,0.7307477
1429731121469580296,a,3.5108278,-3.222148,1.5443908
1429731121489598136,a,2.5476737,-2.5681887,2.6530254
1429731121509615976,a,1.7643356,-3.3654938,1.6954873
1429731121529633816,a,1.7023153,-2.9096029,0.89511704
1429731121549651656,a,1.0189463,-1.076136,1.0068014
1429731121569669496,a,0.35652828,-0.09719673,1.4314296
1429731121589687336,a,0.5829178,-0.5318681,-0.010145575
1429731121609705176,a,0.4544264,-0.4047463,-0.5517093
1429731121629723016,a,0.14462101,0.38401896,-0.8296703
1429731121649740856,a,-0.59812653,1.3495615,0.12427077
1429731121669758696,a,-0.72422844,1.0330325,0.11700666
1429731121689776536,a,-0.6130549,0.72387284,-0.7550298
1429731121709794376,a,-0.7271039,1.4843991,-0.9320109
1429731121729812216,a,-0.43144903,1.6466317,-0.5358901
1429731121749830056,a,-0.85793173,1.3207408,0.8797276
1429731121769847896,a,-1.1386106,0.6876061,1.4813094
1429731121789865736,a,-0.5557052,-0.015707634,0.35444394
1429731121809883576,a,-0.06349537,-0.252511,0.5386705
1429731121829901416,a,0.7321103,-0.644387,0.65768725
1429731121849919256,a,-0.4205292,1.1345984,0.20742312
1429731121869937096,a,0.5716659,0.2413033,-1.7529124
1429731121889954936,a,0.6160153,-0.5729381,-0.6732328
1429731121909972776,a,-0.17492887,0.4583403,0.81189483
1429731120648822524,a,-9.545333,5.109105,0.014742732
1429731120668841272,a,-10.142768,8.169629,1.072093
1429731120688860020,a,-8.979504,9.317217,1.6153135
1429731120708878768,a,-4.0080786,8.529503,1.9931593
1429731120728897516,a,-0.4024983,4.123513,-1.9783318
1429731120748916264,a,4.0019827,3.0542722,-4.1130285
1429731120768935012,a,6.6175685,4.4859514,-3.7342486
1429731120788953760,a,2.7035675,3.4884002,-1.6278548
1429731120808972508,a,-0.39604473,2.335944,-0.6007659
1429731120828991256,a,-1.5211543,2.125797,0.2712555
1429731120849010004,a,-1.4737645,3.253849,-0.12612778
1429731120869028752,a,-1.4179214,2.7304766,-0.22329432
1429731120889047500,a,-1.2139535,2.3241982,-0.45025176
1429731120909066248,a,-1.4156951,2.6516018,-0.6996999
1429731120929084996,a,-2.131178,3.1310415,-0.5338168
1429731120949103744,a,-2.375863,3.6137373,-0.3280811
1429731120969122492,a,-1.6551846,2.9047227,-0.47482273
1429731120989141240,a,-1.020435,1.6447059,-0.52453864
1429731121009159988,a,-1.1792707,1.458765,-0.22476482
1429731121029178736,a,-1.9265939,2.2355113,-0.9244356
1429731121049197484,a,-2.1816523,2.572103,-0.78974825
1429731121069216232,a,-0.95051116,2.1202283,-0.37414113
1429731121089234980,a,-0.6343888,1.2089211,-0.3122094
1429731121109253728,a,-1.8272115,0.9209579,-0.28636974
1429731121129272476,a,-2.0521004,1.7341958,-1.1139696
1429731121149291224,a,-1.0957001,2.3240645,-1.5602658
1429731121169309972,a,-0.6765311,2.6844769,-0.479878
1429731121189328720,a,-2.0165741,2.5645857,-0.005184591
1429731121209347468,a,-2.4171362,1.3541452,-0.29395747
1429731121229366216,a,-2.1191332,0.8251053,-0.6243942
1429731121249384056,a,-1.8585521,-2.6722383,0.56190026
1429731121269401896,a,-0.2591807,-5.764458,-0.9578279
1429731121289419736,a,0.47582063,-3.6328275,0.384076
1429731121309437576,a,2.06553,-2.4876685,-0.37506795
1429731121329455416,a,3.0346649,-5.0469656,-0.53052676
1429731121349473256,a,3.4228742,-6.8528566,0.5090442
1429731121369491096,a,3.9608126,-4.7153106,-0.81767464
1429731121389508936,a,3.7663825,-1.2385142,-0.14733595
1429731121409526776,a,3.5960858,-2.1952813,0.036186814
1429731121429544616,a,3.5169568,-5.5239205,-0.05299306
1429731121449562456,a,3.1394577,-5.6109743,0.7307477
1429731121469580296,a,3.5108278,-3.222148,1.5443908
1429731121489598136,a,2.5476737,-2.5681887,2.6530254
1429731121509615976,a,1.7643356,-3.3654938,1.6954873
1429731121529633816,a,1.7023153,-2.9096029,0.89511704
1429731121549651656,a,1.0189463,-1.076136,1.0068014
1429731121569669496,a,0.35652828,-0.09719673,1.4314296
1429731121589687336,a,0.5829178,-0.5318681,-0.010145575
1429731121609705176,a,0.4544264,-0.4047463,-0.5517093
1429731121629723016,a,0.14462101,0.38401896,-0.8296703
1429731121649740856,a,-0.59812653,1.3495615,0.12427077
1429731121669758696,a,-0.72422844,1.0330325,0.11700666
1429731121689776536,a,-0.6130549,0.72387284,-0.7550298
1429731121709794376,a,-0.7271039,1.4843991,-0.9320109
1429731121729812216,a,-0.43144903,1.6466317,-0.5358901
1429731121749830056,a,-0.85793173,1.3207408,0.8797276
1429731121769847896,a,-1.1386106,0.6876061,1.4813094
1429731121789865736,a,-0.5557052,-0.015707634,0.35444394
1429731121809883576,a,-0.06349537,-0.252511,0.5386705
1429731121829901416,a,0.7321103,-0.644387,0.65768725
1429731121849919256,a,-0.4205292,1.1345984,0.20742312
1429731121869937096,a,0.5716659,0.2413033,-1.7529124
0,N,0,0,0
1429731121889954936,a,0.6160153,-0.5729381,-0.6732328
1429731121909972776,a,-0.17492887,0.4583403,0.81189483
1429731121929990616,a,-0.8069037,0.44811538,1.2376664
1429731121950008456,a,-0.75318885,0.24619487,0.17945491
1429731121970026296,a,-0.42588353,0.23646012,-0.34147054
1429731121990044136,a,0.10998975,-0.023265988,-0.19437374
1429731122010061976,a,0.18112151,-0.01720031,-0.006255936
1429731122030079816,a,0.08279546,0.23445863,0.3446964
1429731122050097656,a,0.010695558,0.26599473,0.19553354
1429731122070115496,a,-0.09492904,0.189169,0.28463924
1429731122090133336,a,0.14841515,0.27215505,0.12680793
1429731122110151176,a,0.16075812,0.3446684,0.1299103
1429731122130169016,a,-0.08935507,0.15801048,0.2773453
1429731122150186856,a,-0.24956658,-0.015128573,0.059648003
1429731122170204696,a,0.050946876,-0.25813276,-0.16957945
1429731122190222536,a,-0.14328058,-0.10911053,0.09786171
1429731122210240376,a,0.10522589,0.04737718,-0.17001529
1429731122230258216,a,0.029532842,0.2444008,-0.13241327
1429731122250276056,a,-0.046088886,0.24716376,-0.09407691
1429731122270293896,a,-0.08787197,0.1270198,0.14047684
1429731122290310724,a,0.18929057,0.042456,-0.078794084
1429731122310327552,a,0.02330615,0.13423847,-0.10096492
1429731122330344380,a,-0.11817698,0.13347302,-0.07213568
1429731122350361208,a,0.020195026,0.083725765,-0.17597347
1429731122370378036,a,0.031751473,0.028776398,0.022070315
1429731122390394864,a,0.050625376,0.014049033,0.03992683
1429731122410411692,a,0.051389303,0.015874755,0.13490611
1429731122430428520,a,-0.032463677,0.0693906,-0.1352383
1429731122450445348,a,0.20150328,0.33529907,-0.34617543
1429731122470462176,a,-0.077457,-0.02406831,-0.20303361
1429731122490479004,a,-0.035815228,-0.025419574,0.12887184
1429731122510495832,a,-0.005760595,-0.11424793,0.1122561
1429731122530512660,a,0.22141916,-0.3228902,0.019174844
1429731122550529488,a,0.01791063,0.27087206,-0.31089848
1429731122570546316,a,-0.6446045,0.36756793,0.0077063143
1429731122590563144,a,-0.41479725,0.37917337,0.038422987
1429731122610579972,a,0.18163078,-0.17194214,0.2673552
1429731122630596800,a,0.13872206,-0.3684215,0.25773257
1429731122650613628,a,0.10374734,-0.20602751,0.009458981
1429731122670630456,a,-0.013740994,0.1771353,0.21984287
1429731122690647284,a,-0.37212598,0.28605092,0.79878783
1429731122710664112,a,-0.2868063,0.2781462,1.0158603
1429731122730680940,a,0.0061445534,0.423169,0.94664824
1429731122750697768,a,0.028541595,0.9443006,1.53054
1429731122770714596,a,-0.11917114,1.5533328,2.693622
1429731122790731424,a,0.6495619,1.6456451,3.0603023
1429731122810748252,a,1.4718446,1.5702711,3.085111
1429731122830765080,a,2.2981896,1.8285269,4.026193
1429731122850781908,a,2.9823897,2.3577943,4.759762
1429731122870798736,a,3.376209,2.4517097,4.8408217
1429731122890815564,a,3.1953034,2.7350588,4.4226427
1429731122910832392,a,2.5417447,3.2060876,3.449005
1429731122930849220,a,1.6669688,3.2280197,3.2608905
1429731122950866048,a,0.67708504,2.769409,2.4264324
1429731122970882876,a,0.35010317,2.3523946,0.4281268
1429731122990899704,a,0.49419153,2.2045012,-1.3089705
1429731123010916532,a,1.2241424,2.1150439,-1.9281472
1429731123030933360,a,1.9756237,1.9259354,-1.6524684
1429731123050950188,a,1.8860179,1.2125101,-0.89075625
1429731123070967016,a,1.5992264,1.0937753,-0.5760968
1429731123090983844,a,1.1449873,1.4950734,0.20501834
1429731123111000672,a,1.080366,1.4893618,1.0539596
1429731123131017500,a,0.78189677,1.0466316,2.2986817
1429731123151034328,a,-0.039428473,0.36072803,2.9277334
1429731123171051156,a,-0.582853,1.6031442,1.6172384
1429731123191067984,a,-0.7310763,1.4802257,1.447315
1429731123211084812,a,-0.9687493,-0.08278939,0.29986304
1429731123231101640,a,-0.6503935,-1.5061613,-1.1516373
1429731123251118468,a,-1.0144156,-1.3123024,-1.159958
1429731123271135296,a,-1.8377331,-0.70678693,-1.7136483
1429731123291152124,a,-1.9563018,-0.52742684,-3.1232686
1429731123311168952,a,-1.3881916,-0.050668597,-3.815927
1429731123331185780,a,-0.50893486,-0.13127142,-3.6118796
1429731123351195680,a,-0.21548712,-0.5245144,-3.6656032
1429731123371205580,a,-0.34124482,-0.7671449,-4.1430736
1429731123391215480,a,-0.7796211,-0.9885049,-4.9752703
1429731123411225380,a,-1.3185256,-1.252194,-6.3157253
1429731123431235280,a,-2.7184098,-1.8295761,-7.7682877
1429731123451245180,a,-7.5749145,-0.90974486,-6.888118
1429731123471255080,a,-9.300303,1.1922321,-5.9007745
1429731123491264980,a,-6.723954,4.495651,-3.364435
1429731123511274880,a,-0.74759674,2.4788563,-0.5788951
1429731123531284780,a,-0.3442401,1.4653825,-0.9029459
1429731123551294680,a,-3.1094213,1.6124871,-0.8475021
1429731123571304580,a,-3.003976,1.2970481,-0.8402239
1429731123591314480,a,-2.0534086,0.76166385,-1.2546058
1429731123611324380,a,-2.580093,-1.4274881,-1.1302058
1429731123631334280,a,-3.910358,-2.0688577,-1.6241982
1429731123651344180,a,-4.5847816,-0.9964434,-3.897298
1429731123671354080,a,-3.991744,-1.6606164,-4.610023
1429731123691363980,a,-2.260845,-2.5887237,-1.6219405
1429731123711373880,a,-1.1516749,-0.604145,-2.0608256
1429731123731383780,a,-2.8114882,0.7234297,-4.8299694
1429731123751393680,a,-2.2601662,-0.9817272,-5.062254
1429731123771403580,a,0.6768279,-2.6851065,-1.6413711
1429731123791413480,a,0.4643107,-1.3061885,-0.93445337
1429731123811423380,a,-2.2947948,0.5244887,-3.3461604
1429731123831433280,a,-1.0721287,-0.23598328,-3.5051172
1429731123851443180,a,1.7284818,-0.9808293,-0.5117593
1429731123871453080,a,1.8375493,-0.532445,-0.43673486
1429731123891462980,a,-1.38015,-0.19910753,-1.2251912
1429731123911472880,a,-2.0237696,-0.7793425,-2.648901
1429731123931482780,a,1.4501569,-0.7781964,-0.93299496
1429731123951492680,a,3.2568548,-0.36023602,-0.16295779
1429731123971502580,a,2.408256,1.2412448,-0.3650124
1429731123991512480,a,-3.0452209,0.79149204,0.32663363
1429731124011522380,a,0.08624101,2.283164,0.2544794
1429731124031532280,a,2.923006,2.76699,3.048695
1429731124051542180,a,2.9582567,1.9526751,4.483295
1429731124071552080,a,0.5695733,0.33796787,4.2324677
1429731124091561980,a,0.57540154,1.9315809,4.3849063
1429731124111571880,a,2.8306675,1.7695702,6.3136435
1429731124131581780,a,4.171708,-0.35607684,5.5035424
1429731124151591680,a,-0.090435505,5.985793,11.564421
1429731124171601580,a,7.2156563,2.665122,-0.66733027
1429731124191611480,a,-0.04660061,4.1348977,5.0774784
1429731124211621380,a,3.7390313,-0.21306813,2.6615715
1429731124231631280,a,3.0777686,-1.3799188,1.1038783
1429731124251641180,a,-0.78321356,-0.38083038,0.99283403
1429731124271651080,a,0.86853343,0.23895988,0.23224159
1429731124291660980,a,3.2495384,0.21197706,-2.072706
1429731124311670880,a,-0.69183856,0.7963954,1.1190969
1429731124331680780,a,0.4280275,-0.98521674,-0.90528744
1429731124351690680,a,0.4503901,0.15038204,-0.40785092
1429731124371702932,a,-1.2562851,-2.4024034,5.040501
1429731124391715184,a,1.3629268,2.2703867,1.4211727
1429731124411727436,a,1.1872479,0.9108319,-0.6306031
1429731124431739688,a,-0.7030144,-1.4932361,-0.10720819
1429731123531284780,a,-0.3442401,1.4653825,-0.9029459
1429731123551294680,a,-3.1094213,1.6124871,-0.8475021
1429731123571304580,a,-3.003976,1.2970481,-0.8402239
1429731123591314480,a,-2.0534086,0.76166385,-1.2546058
1429731123611324380,a,-2.580093,-1.4274881,-1.1302058
1429731123631334280,a,-3.910358,-2.0688577,-1.6241982
1429731123651344180,a,-4.5847816,-0.9964434,-3.897298
1429731123671354080,a,-3.991744,-1.6606164,-4.610023
1429731123691363980,a,-2.260845,-2.5887237,-1.6219405
1429731123711373880,a,-1.1516749,-0.604145,-2.0608256
1429731123731383780,a,-2.8114882,0.7234297,-4.8299694
1429731123751393680,a,-2.2601662,-0.9817272,-5.062254
1429731123771403580,a,0.6768279,-2.6851065,-1.6413711
1429731123791413480,a,0.4643107,-1.3061885,-0.93445337
1429731123811423380,a,-2.2947948,0.5244887,-3.3461604
1429731123831433280,a,-1.0721287,-0.23598328,-3.5051172
1429731123851443180,a,1.7284818,-0.9808293,-0.5117593
1429731123871453080,a,1.8375493,-0.532445,-0.43673486
1429731123891462980,a,-1.38015,-0.19910753,-1.2251912
1429731123911472880,a,-2.0237696,-0.7793425,-2.648901
1429731123931482780,a,1.4501569,-0.7781964,-0.93299496
1429731123951492680,a,3.2568548,-0.36023602,-0.16295779
1429731123971502580,a,2.408256,1.2412448,-0.3650124
1429731123991512480,a,-3.0452209,0.79149204,0.32663363
1429731124011522380,a,0.08624101,2.283164,0.2544794
1429731124031532280,a,2.923006,2.76699,3.048695
1429731124051542180,a,2.9582567,1.9526751,4.483295
1429731124071552080,a,0.5695733,0.33796787,4.2324677
1429731124091561980,a,0.57540154,1.9315809,4.3849063
1429731124111571880,a,2.8306675,1.7695702,6.3136435
1429731124131581780,a,4.171708,-0.35607684,5.5035424
1429731124151591680,a,-0.090435505,5.985793,11.564421
1429731124171601580,a,7.2156563,2.665122,-0.66733027
1429731124191611480,a,-0.04660061,4.1348977,5.0774784
1429731124211621380,a,3.7390313,-0.21306813,2.6615715
1429731124231631280,a,3.0777686,-1.3799188,1.1038783
1429731124251641180,a,-0.78321356,-0.38083038,0.99283403
1429731124271651080,a,0.86853343,0.23895988,0.23224159
1429731124291660980,a,3.2495384,0.21197706,-2.072706
1429731124311670880,a,-0.69183856,0.7963954,1.1190969
1429731124331680780,a,0.4280275,-0.98521674,-0.90528744
1429731124351690680,a,0.4503901,0.15038204,-0.40785092
1429731124371702932,a,-1.2562851,-2.4024034,5.040501
1429731124391715184,a,1.3629268,2.2703867,1.4211727
1429731124411727436,a,1.1872479,0.9108319,-0.6306031
1429731124431739688,a,-0.7030144,-1.4932361,-0.10720819
1429731124091561980,a,0.57540154,1.9315809,4.3849063
1429731124111571880,a,2.8306675,1.7695702,6.3136435
1429731124131581780,a,4.171708,-0.35607684,5.5035424
1429731124151591680,a,-0.090435505,5.985793,11.564421
1429731124171601580,a,7.2156563,2.665122,-0.66733027
1429731124191611480,a,-0.04660061,4.1348977,5.0774784
1429731124211621380,a,3.7390313,-0.21306813,2.6615715
1429731124231631280,a,3.0777686,-1.3799188,1.1038783
1429731124251641180,a,-0.78321356,-0.38083038,0.99283403
1429731124271651080,a,0.86853343,0.23895988,0.23224159
1429731124291660980,a,3.2495384,0.21197706,-2.072706
1429731124311670880,a,-0.69183856,0.7963954,1.1190969
1429731124331680780,a,0.4280275,-0.98521674,-0.90528744
1429731124351690680,a,0.4503901,0.15038204,-0.40785092
1429731124371702932,a,-1.2562851,-2.4024034,5.040501
1429731124391715184,a,1.3629268,2.2703867,1.4211727
1429731124411727436,a,1.1872479,0.9108319,-0.6306031
1429731124431739688,a,-0.7030144,-1.4932361,-0.10720819
0,N,0,0,0
1429731124831984728,a,-0.27042162,0.3917923,0.0046955645
1429731124851996980,a,-0.1812398,1.4602411,0.8676418
1429731124872009232,a,-0.5593581,1.8512552,1.3825042
1429731124892021484,a,-0.78284705,0.9645668,1.444046
1429731124912033736,a,-0.43536937,0.42119372,0.72510415
1429731124932045988,a,-0.13113657,0.5002782,0.30866408
1429731124952058240,a,-0.2851367,0.8728477,0.120120406
1429731124972070492,a,-0.45454365,0.81599593,0.016488105
1429731124992082744,a,-0.2749872,0.39457244,-0.24219136
1429731125012094996,a,-0.011821557,0.15173517,-0.38104984
1429731125032107248,a,-0.1895025,0.47526735,-0.06875481
1429731125052119500,a,-0.29576555,0.74277174,-0.20849398
1429731125072131752,a,0.11031137,0.34151793,-0.2275297
1429731125092144004,a,0.03866254,0.26772934,0.3401323
1429731125112156256,a,0.42247292,0.06889931,0.26138887
1429731125132168508,a,0.75125825,-0.33941552,0.24466051
1429731125152180760,a,0.88548684,-0.012093902,0.65168893
1429731125172193012,a,0.73784345,0.4205771,1.0700929
1429731125192205264,a,0.71517235,0.286789,1.0198389
1429731125212217516,a,0.60739183,0.034589708,1.2320513
1429731125232229768,a,0.47035152,-0.094275355,1.3043985
1429731125252242020,a,0.67663056,-0.09959924,1.206067
1429731125272254272,a,0.5804972,0.28499937,1.4366558
1429731125292266524,a,0.45218188,0.13274404,1.1640334
1429731125312278776,a,0.54324216,-0.046969682,0.5739145
1429731125332291028,a,0.519201,-0.12113089,0.2653759
1429731125352303280,a,0.30852872,0.09002161,0.01851102
1429731125372322572,a,0.32003105,0.15554322,-0.43686184
1429731125392341864,a,0.2615181,0.012874141,-0.3015164
1429731125412361156,a,0.3084643,-0.19791083,-0.012600081
1429731125432380448,a,0.3513255,-0.19851583,0.42365664
1429731125452399740,a,0.5067662,-0.55042076,0.9274502
1429731125472419032,a,0.85859215,-0.4095225,1.3066764
1429731125492438324,a,0.87788665,-0.22689378,1.5464487
1429731125512457616,a,0.854133,-0.86139154,1.4626199
1429731125532476908,a,0.7656876,-1.0343553,1.5558243
1429731125552496200,a,-0.02951622,-0.67047614,2.0345094
1429731125572515492,a,-0.12897229,-0.2863687,2.017209
1429731125592534784,a,0.12293768,-0.42557472,1.872882
1429731125632573368,a,1.0954244,-0.81518817,1.8072547
1429731125652592660,a,-0.26946098,-1.2210413,1.3803625
1429731125672611952,a,-0.742857,-1.1298927,1.3959732
1429731125692631244,a,0.66199124,-0.61606276,0.9467637
1429731125712650536,a,3.2400002,-0.51471657,2.1621945
1429731125732669828,a,4.8335853,-0.8887106,4.1359477
1429731125752689120,a,2.9832983,-2.2570755,4.0087447
1429731124091561980,a,0.57540154,1.9315809,4.3849063
1429731124111571880,a,2.8306675,1.7695702,6.3136435
1429731124131581780,a,4.171708,-0.35607684,5.5035424
1429731124151591680,a,-0.090435505,5.985793,11.564421
1429731124171601580,a,7.2156563,2.665122,-0.66733027
1429731124191611480,a,-0.04660061,4.1348977,5.0774784
1429731124211621380,a,3.7390313,-0.21306813,2.6615715
1429731124231631280,a,3.0777686,-1.3799188,1.1038783
1429731124251641180,a,-0.78321356,-0.38083038,0.99283403
1429731124271651080,a,0.86853343,0.23895988,0.23224159
1429731124291660980,a,3.2495384,0.21197706,-2.072706
1429731124311670880,a,-0.69183856,0.7963954,1.1190969
1429731124331680780,a,0.4280275,-0.98521674,-0.90528744
1429731124351690680,a,0.4503901,0.15038204,-0.40785092
1429731124371702932,a,-1.2562851,-2.4024034,5.040501
1429731124391715184,a,1.3629268,2.2703867,1.4211727
1429731124411727436,a,1.1872479,0.9108319,-0.6306031
1429731124431739688,a,-0.7030144,-1.4932361,-0.10720819
1429731125772708412,a,1.1072614,-1.6560159,2.8880477
1429731125792727704,a,1.5242221,-5.998835E-5,2.2487044
1429731125812746996,a,1.8463913,0.60763437,2.0461478
1429731125832766288,a,1.6116142,0.3044111,1.8440151
1429731125852785580,a,0.90924895,0.34627134,1.630098
1429731125872804872,a,0.34167367,0.7369403,0.6783044
1429731125892824164,a,0.5240341,0.8734065,-0.17151758
1429731125912843456,a,0.7833934,0.9709148,-0.42429423
1429731125932862748,a,0.21685259,0.95439243,-0.87568694
1429731125952882040,a,-0.16180855,-0.27731338,-1.1421486
1429731125972901332,a,-0.843398,-1.9535335,-0.2842677
1429731125992920624,a,-1.0397542,-2.1470315,-1.0835942
1429731126012939916,a,-1.3434246,-0.22536814,-3.95823
1429731126032959208,a,-1.5702914,1.1329072,-7.4450674
1429731126052978500,a,-2.6094189,2.3314557,-9.707148
1429731126072997792,a,-2.2301726,2.2587645,-10.348713
1429731126093017084,a,-1.5196251,1.6126332,-8.271338
1429731126113036376,a,-0.69343436,1.3541727,-6.7256823
1429731126133055668,a,-0.10529089,1.9845545,-5.5507507
1429731126153074960,a,0.36599338,1.639446,-4.2121863
1429731126173094252,a,1.2135904,-0.28229004,-3.267921
1429731126193113544,a,0.87162316,-1.8388348,-2.2708628
1429731126213132836,a,0.4032966,-2.351019,-2.6372206
1429731126233152128,a,0.0941304,-2.1295533,-3.4635167
1429731126253171420,a,0.15023553,-0.88483274,-3.659519
1429731126273190712,a,-0.02901566,0.16881764,-3.8358948
1429731126293210004,a,-0.43311393,-1.9918154,-3.2472641
1429731126313229296,a,-0.90171945,-4.2779384,-1.8685468
1429731126333248588,a,-0.7263132,-1.4061909,-4.110654
1429731126353267880,a,-0.6679884,1.2856605,-8.17293
1429731126373287172,a,-0.0095431805,-0.14325885,-7.510248
1429731126393309384,a,0.12253463,-0.6409746,-3.893852
1429731126413331596,a,0.100684285,2.979322,-4.8626513
1429731126433353808,a,-1.2317102,5.084906,-7.3142285
1429731126453376020,a,-0.2375853,0.7295136,-5.4632387
1429731126473398232,a,1.367956,-2.4664288,-3.2143219
1429731126493420444,a,0.8031895,-0.4173304,-5.576943
1429731126513442656,a,-1.5572752,1.2410058,-6.901001
1429731126533464868,a,0.4793926,-0.28830966,-3.2676923
1429731126553487080,a,4.695104,1.2267139,-0.1496011
1429731126573509292,a,2.6613326,3.8858192,-1.0413111
1429731126593531504,a,-0.8608157,3.2798595,-2.7732923
1429731126633575928,a,4.619034,2.225135,3.040331
1429731126653598140,a,2.2960606,0.9366619,0.9346501
1429731126673620352,a,-1.7603985,1.6294755,-0.23782006
1429731126693642564,a,-3.429709,2.3896058,4.6665936
1429731126713664776,a,-2.0493708,4.3567095,8.105151
1429731126733686988,a,-0.0311836,1.0275596,6.262787
1429731126753709200,a,-1.7605793,-0.88970697,6.1965375
1429731126773731412,a,-6.9268136,0.9117203,7.410442
1429731126793753624,a,-2.3023684,1.920279,8.85042
1429731126813775836,a,-0.7398608,-1.1510825,8.847196
1429731126833798048,a,15.522623,-4.3861475,-4.1730423
1429731126853820260,a,-7.22861,4.5889177,9.798488
1429731126873842472,a,-0.7188935,-2.2077785,4.899512
1429731126893864684,a,-0.8648536,-4.3340154,3.0922194
1429731126913886896,a,0.8660041,-1.7373719,0.6324467
1429731126933909108,a,0.3820448,0.7097332,2.7650526
1429731126953931320,a,1.1503081,-1.3654801,-1.2205415
1429731126973953532,a,0.632825,-0.668084,0.5933796
1429731126993975744,a,0.58954346,-0.1143579,-0.10277026
1429731127034020168,a,0.4511054,0.76203084,-0.16768879
1429731127054042380,a,0.32557818,0.5888504,-0.020370394
1429731127074064592,a,0.2562067,0.68757993,0.36399865
1429731126012939916,a,-1.3434246,-0.22536814,-3.95823
1429731126032959208,a,-1.5702914,1.1329072,-7.4450674
1429731126052978500,a,-2.6094189,2.3314557,-9.707148
1429731126072997792,a,-2.2301726,2.2587645,-10.348713
1429731126093017084,a,-1.5196251,1.6126332,-8.271338
1429731126113036376,a,-0.69343436,1.3541727,-6.7256823
1429731126133055668,a,-0.10529089,1.9845545,-5.5507507
1429731126153074960,a,0.36599338,1.639446,-4.2121863
1429731126173094252,a,1.2135904,-0.28229004,-3.267921
1429731126193113544,a,0.87162316,-1.8388348,-2.2708628
1429731126213132836,a,0.4032966,-2.351019,-2.6372206
1429731126233152128,a,0.0941304,-2.1295533,-3.4635167
1429731126253171420,a,0.15023553,-0.88483274,-3.659519
1429731126273190712,a,-0.02901566,0.16881764,-3.8358948
1429731126293210004,a,-0.43311393,-1.9918154,-3.2472641
1429731126313229296,a,-0.90171945,-4.2779384,-1.8685468
1429731126333248588,a,-0.7263132,-1.4061909,-4.110654
1429731126353267880,a,-0.6679884,1.2856605,-8.17293
1429731126373287172,a,-0.0095431805,-0.14325885,-7.510248
1429731126393309384,a,0.12253463,-0.6409746,-3.893852
1429731126413331596,a,0.100684285,2.979322,-4.8626513
1429731126433353808,a,-1.2317102,5.084906,-7.3142285
1429731126453376020,a,-0.2375853,0.7295136,-5.4632387
1429731126473398232,a,1.367956,-2.4664288,-3.2143219
1429731126493420444,a,0.8031895,-0.4173304,-5.576943
1429731126513442656,a,-1.5572752,1.2410058,-6.901001
1429731126533464868,a,0.4793926,-0.28830966,-3.2676923
1429731126553487080,a,4.695104,1.2267139,-0.1496011
1429731126573509292,a,2.6613326,3.8858192,-1.0413111
1429731126593531504,a,-0.8608157,3.2798595,-2.7732923
1429731126633575928,a,4.619034,2.225135,3.040331
1429731126653598140,a,2.2960606,0.9366619,0.9346501
1429731126673620352,a,-1.7603985,1.6294755,-0.23782006
1429731126693642564,a,-3.429709,2.3896058,4.6665936
1429731126713664776,a,-2.0493708,4.3567095,8.105151
1429731126733686988,a,-0.0311836,1.0275596,6.262787
1429731126753709200,a,-1.7605793,-0.88970697,6.1965375
1429731126773731412,a,-6.9268136,0.9117203,7.410442
1429731126793753624,a,-2.3023684,1.920279,8.85042
1429731126813775836,a,-0.7398608,-1.1510825,8.847196
1429731126833798048,a,15.522623,-4.3861475,-4.1730423
1429731126853820260,a,-7.22861,4.5889177,9.798488
1429731126873842472,a,-0.7188935,-2.2077785,4.899512
1429731126893864684,a,-0.8648536,-4.3340154,3.0922194
1429731126913886896,a,0.8660041,-1.7373719,0.6324467
1429731126933909108,a,0.3820448,0.7097332,2.7650526
1429731126953931320,a,1.1503081,-1.3654801,-1.2205415
1429731126973953532,a,0.632825,-0.668084,0.5933796
1429731126993975744,a,0.58954346,-0.1143579,-0.10277026
1429731127034020168,a,0.4511054,0.76203084,-0.16768879
1429731127054042380,a,0.32557818,0.5888504,-0.020370394
1429731127074064592,a,0.2562067,0.68757993,0.36399865
1429731126833798048,a,15.522623,-4.3861475,-4.1730423
1429731126853820260,a,-7.22861,4.5889177,9.798488
1429731126873842472,a,-0.7188935,-2.2077785,4.899512
1429731126893864684,a,-0.8648536,-4.3340154,3.0922194
1429731126913886896,a,0.8660041,-1.7373719,0.6324467
1429731126933909108,a,0.3820448,0.7097332,2.7650526
1429731126953931320,a,1.1503081,-1.3654801,-1.2205415
1429731126973953532,a,0.632825,-0.668084,0.5933796
1429731126993975744,a,0.58954346,-0.1143579,-0.10277026
1429731127034020168,a,0.4511054,0.76203084,-0.16768879
1429731127054042380,a,0.32557818,0.5888504,-0.020370394
1429731127074064592,a,0.2562067,0.68757993,0.36399865
0,N,0,0,0
1429731127334353348,a,-0.34682366,-1.2904816,-0.05534953
1429731127354375560,a,-0.22722869,-0.8651118,-0.007703632
1429731127374397772,a,-0.37324756,-0.08725665,-0.014108498
1429731127394419984,a,-0.33653018,0.17666416,-0.18327978
1429731127434459168,a,-0.122045845,0.43586957,-0.008847877
1429731127454476140,a,0.10067734,0.6881982,0.09800321
1429731127474493112,a,0.11278576,0.6131325,0.42103058
1429731127494510084,a,0.22290945,0.5591152,0.33224523
1429731127514527056,a,0.24770316,0.22349119,0.09225013
1429731127534544028,a,0.0031789914,0.42320994,-0.03552389
1429731127554561000,a,-0.1991967,0.45612442,0.15141967
1429731127574577972,a,-0.06967891,0.33271784,0.25250682
1429731127594594944,a,-0.17647901,0.120649084,0.039597426
1429731127614611916,a,-0.28574392,0.11989459,-0.0532743
1429731127634628888,a,-0.24436551,0.1625602,-0.24913022
1429731127654645860,a,-0.20384517,0.022557229,-0.31376764
1429731127674662832,a,-0.09032418,-0.04910358,-0.028784571
1429731127694679804,a,-0.031231549,-0.008186709,0.07969637
1429731127714696776,a,0.05609205,-0.04555774,-0.15154885
1429731127734713748,a,0.018086046,0.018902149,-0.11872108
1429731127754730720,a,-0.2861198,0.48298216,0.18274163
1429731127774747692,a,-0.38297197,0.4346831,0.5586173
1429731127794764664,a,-0.036055513,0.5905313,0.38988045
1429731127814781636,a,-0.027951442,0.1591683,0.8027148
1429731127834798608,a,0.011768974,0.48232535,1.0601888
1429731127854815580,a,0.25727627,0.83515096,1.2604457
1429731127874832552,a,0.10956183,0.8186486,1.1229749
1429731127894849524,a,0.2578957,1.317487,0.89417356
1429731127914866496,a,0.36928377,1.6319139,0.9911672
1429731127934883468,a,0.482778,1.7806389,0.80097127
1429731127954900440,a,0.2148552,1.913226,0.80700743
1429731127974917412,a,-0.07222912,2.330335,0.59283525
1429731127994934384,a,-0.006601751,2.566906,0.6919925
1429731128034968328,a,0.7084243,2.778992,0.82424337
1429731128054985300,a,0.8229965,2.9652603,1.2257879
1429731128075002272,a,0.8152052,3.313378,1.376929
1429731128095019244,a,0.6154828,3.4145484,1.8038766
1429731128115036216,a,-0.15877797,3.058125,2.4299743
1429731128135053188,a,-0.3791294,2.1604598,2.725357
1429731128155070160,a,0.10016053,2.064268,2.0873559
1429731128175087132,a,0.19095866,2.732918,1.4804873
1429731128195104104,a,0.5284308,2.8076212,1.6639417
1429731128215121076,a,0.17540336,2.0209694,1.7625437
1429731128235138048,a,-1.9703016,1.2359095,2.0337226
1429731128255155020,a,-1.7872275,1.8705176,1.9406451
1429731128275171992,a,-0.44133034,1.9248086,2.122793
1429731128295188964,a,-0.3203565,1.4684333,1.4506311
1429731128315205936,a,-1.6466286,1.2751946,0.58765835
1429731128335222908,a,-2.2681625,2.1642637,0.9129292
1429731128355239880,a,-1.8357744,3.0512729,2.027778
1429731128375256852,a,-1.0552065,3.0442908,1.7061083
1429731128395273824,a,-2.077374,-0.5043737,1.0729911
1429731126833798048,a,15.522623,-4.3861475,-4.1730423
1429731126853820260,a,-7.22861,4.5889177,9.798488
1429731126873842472,a,-0.7188935,-2.2077785,4.899512
1429731126893864684,a,-0.8648536,-4.3340154,3.0922194
1429731126913886896,a,0.8660041,-1.7373719,0.6324467
1429731126933909108,a,0.3820448,0.7097332,2.7650526
1429731126953931320,a,1.1503081,-1.3654801,-1.2205415
1429731126973953532,a,0.632825,-0.668084,0.5933796
1429731126993975744,a,0.58954346,-0.1143579,-0.10277026
1429731127034020168,a,0.4511054,0.76203084,-0.16768879
1429731127054042380,a,0.32557818,0.5888504,-0.020370394
1429731127074064592,a,0.2562067,0.68757993,0.36399865
1429731128415290796,a,-4.1852927,-3.4835567,-0.38145214
1429731128435307768,a,-3.3319802,-2.0116124,-1.4698831
1429731128455324740,a,-1.9988017,-2.357237,-1.7329807
1429731128475344568,a,-0.71791494,-4.1656356,-3.0168989
1429731128495364396,a,-0.08575776,-5.050555,-5.10253
1429731128515384224,a,0.37986487,-4.647482,-5.904989
1429731128535404052,a,0.27177602,-4.164964,-6.755816
1429731128555423880,a,0.059616163,-4.4140716,-7.4736404
1429731128575443708,a,0.3785085,-4.123475,-7.6939063
1429731128595463536,a,0.47754818,-3.9193892,-6.1318445
1429731128615483364,a,0.17499046,-5.1405525,-4.6626296
1429731128635503192,a,0.5003543,-5.218325,-4.433776
1429731128655523020,a,1.4399472,-3.7087314,-2.9158802
1429731128675542848,a,1.8165501,-1.6384298,-2.1321347
1429731128695562676,a,1.8747747,-2.3520546,-1.9734733
1429731128715582504,a,1.8920082,-3.8130383,-1.1601989
1429731128735602332,a,2.5292308,-3.7155726,0.67070925
1429731128755622160,a,2.5646694,-2.6544704,1.1075946
1429731128775641988,a,0.68493754,-1.647801,0.5899513
1429731128795661816,a,-0.5028752,-1.6983509,0.2853502
1429731128815681644,a,-0.77371,-2.261305,0.7022904
1429731128835701472,a,-0.90226305,-2.3057065,0.71676815
1429731128855721300,a,-0.9236166,-1.7369254,0.95577705
1429731128875741128,a,-0.62775564,-1.5155228,1.0778606
1429731128895760956,a,-0.8495588,-2.2000153,0.6707469
1429731128915780784,a,-1.132451,-2.431726,-0.089636505
1429731128935800612,a,-0.48180124,-1.9108117,0.17702723
1429731128955820440,a,0.12301395,-2.1904757,0.37987137
1429731128975840268,a,-0.6492811,-2.9525592,-1.194391
1429731128995860096,a,-1.2518569,-1.8433096,-1.5957651
1429731129035899752,a,-0.568355,-0.35864988,0.22783007
1429731129055919580,a,-1.9719651,-2.4650126,-1.3918499
1429731129075939408,a,-1.5715373,-1.7562376,-2.1415071
1429731129095959236,a,0.038084313,0.25330707,-1.4543638
1429731129115979064,a,-0.44584858,0.3832931,-0.69687086
1429731129135998892,a,-1.7187417,-1.1272657,-1.3056619
1429731129156018720,a,-0.84592146,0.45816368,-1.1041344
1429731129176038548,a,0.7134739,2.1831832,-0.23628914
1429731129196058376,a,0.39573705,1.8943495,-0.7597301
1429731129216078204,a,-1.1731089,-1.2019298,-1.8927566
1429731129236098032,a,-0.96006334,-1.9241138,-2.777709
1429731129256117860,a,1.1201543,-0.70773065,-1.0990962
1429731129276137688,a,1.4563924,1.0414169,-0.72010285
1429731129296157516,a,-0.7402911,0.03722036,-2.0273368
1429731129316177344,a,-1.3573487,-0.958948,-3.8193247
1429731129336197172,a,-0.7471341,1.4825407,-2.6955194
1429731129356217000,a,-0.05840391,3.223587,-0.36334026
1429731129376236828,a,-1.4541923,2.5345974,0.3569315
1429731129396256656,a,-2.6132874,2.3289626,-1.6635867
1429731129416276484,a,-1.2927833,5.313777,-1.828909
1429731129436296312,a,0.31014287,7.0744023,1.204303
1429731129456316140,a,0.9150855,4.848394,3.706108
1429731129476335968,a,-2.1115396,2.6345265,4.430149
1429731129496356608,a,-1.4205784,2.1031313,3.6383195
1429731129516377248,a,0.71717036,1.4621964,2.4165807
1429731129536397888,a,1.2161039,1.5921482,3.4142816
1429731129556418528,a,1.3305981,0.84964263,3.4089332
1429731129576439168,a,2.1676612,0.14496577,2.354455
1429731129596459808,a,2.2186902,-0.12215817,1.6326556
1429731129616480448,a,1.7917233,0.84342986,2.5840356
1429731129636501088,a,2.058333,0.9060108,2.540422
1429731129656521728,a,2.2171113,0.33509496,1.1467348
1429731129676542368,a,1.8443882,-0.32773775,0.956208
1429731129696563008,a,1.1760865,-0.24239813,0.016946018
1429731128735602332,a,2.5292308,-3.7155726,0.67070925
1429731128755622160,a,2.5646694,-2.6544704,1.1075946
1429731128775641988,a,0.68493754,-1.647801,0.5899513
1429731128795661816,a,-0.5028752,-1.6983509,0.2853502
1429731128815681644,a,-0.77371,-2.261305,0.7022904
1429731128835701472,a,-0.90226305,-2.3057065,0.71676815
1429731128855721300,a,-0.9236166,-1.7369254,0.95577705
1429731128875741128,a,-0.62775564,-1.5155228,1.0778606
1429731128895760956,a,-0.8495588,-2.2000153,0.6707469
1429731128915780784,a,-1.132451,-2.431726,-0.089636505
1429731128935800612,a,-0.48180124,-1.9108117,0.17702723
1429731128955820440,a,0.12301395,-2.1904757,0.37987137
1429731128975840268,a,-0.6492811,-2.9525592,-1.194391
1429731128995860096,a,-1.2518569,-1.8433096,-1.5957651
1429731129035899752,a,-0.568355,-0.35864988,0.22783007
1429731129055919580,a,-1.9719651,-2.4650126,-1.3918499
1429731129075939408,a,-1.5715373,-1.7562376,-2.1415071
1429731129095959236,a,0.038084313,0.25330707,-1.4543638
1429731129115979064,a,-0.44584858,0.3832931,-0.69687086
1429731129135998892,a,-1.7187417,-1.1272657,-1.3056619
1429731129156018720,a,-0.84592146,0.45816368,-1.1041344
1429731129176038548,a,0.7134739,2.1831832,-0.23628914
1429731129196058376,a,0.39573705,1.8943495,-0.7597301
1429731129216078204,a,-1.1731089,-1.2019298,-1.8927566
1429731129236098032,a,-0.96006334,-1.9241138,-2.777709
1429731129256117860,a,1.1201543,-0.70773065,-1.0990962
1429731129276137688,a,1.4563924,1.0414169,-0.72010285
1429731129296157516,a,-0.7402911,0.03722036,-2.0273368
1429731129316177344,a,-1.3573487,-0.958948,-3.8193247
1429731129336197172,a,-0.7471341,1.4825407,-2.6955194
1429731129356217000,a,-0.05840391,3.223587,-0.36334026
1429731129376236828,a,-1.4541923,2.5345974,0.3569315
1429731129396256656,a,-2.6132874,2.3289626,-1.6635867
1429731129416276484,a,-1.2927833,5.313777,-1.828909
1429731129436296312,a,0.31014287,7.0744023,1.204303
1429731129456316140,a,0.9150855,4.848394,3.706108
1429731129476335968,a,-2.1115396,2.6345265,4.430149
1429731129496356608,a,-1.4205784,2.1031313,3.6383195
1429731129516377248,a,0.71717036,1.4621964,2.4165807
1429731129536397888,a,1.2161039,1.5921482,3.4142816
1429731129556418528,a,1.3305981,0.84964263,3.4089332
1429731129576439168,a,2.1676612,0.14496577,2.354455
1429731129596459808,a,2.2186902,-0.12215817,1.6326556
1429731129616480448,a,1.7917233,0.84342986,2.5840356
1429731129636501088,a,2.058333,0.9060108,2.540422
1429731129656521728,a,2.2171113,0.33509496,1.1467348
1429731129676542368,a,1.8443882,-0.32773775,0.956208
1429731129696563008,a,1.1760865,-0.24239813,0.016946018
1429731129396256656,a,-2.6132874,2.3289626,-1.6635867
1429731129416276484,a,-1.2927833,5.313777,-1.828909
1429731129436296312,a,0.31014287,7.0744023,1.204303
1429731129456316140,a,0.9150855,4.848394,3.706108
1429731129476335968,a,-2.1115396,2.6345265,4.430149
1429731129496356608,a,-1.4205784,2.1031313,3.6383195
1429731129516377248,a,0.71717036,1.4621964,2.4165807
1429731129536397888,a,1.2161039,1.5921482,3.4142816
1429731129556418528,a,1.3305981,0.84964263,3.4089332
1429731129576439168,a,2.1676612,0.14496577,2.354455
1429731129596459808,a,2.2186902,-0.12215817,1.6326556
1429731129616480448,a,1.7917233,0.84342986,2.5840356
1429731129636501088,a,2.058333,0.9060108,2.540422
1429731129656521728,a,2.2171113,0.33509496,1.1467348
1429731129676542368,a,1.8443882,-0.32773775,0.956208
1429731129696563008,a,1.1760865,-0.24239813,0.016946018
0,N,0,0,0
1429731130056934528,a,-0.8494145,0.96163315,0.9573395
1429731130076955168,a,-0.4592686,1.5892556,1.4470242
1429731130096975808,a,-0.24551435,0.6500524,0.6724999
1429731130116996448,a,0.16845056,-0.08274247,-0.50513804
1429731130137017088,a,0.046528567,-0.24860616,-0.63467216
1429731130157037728,a,-0.094374895,0.36889762,-0.26368546
1429731130177058368,a,-0.33377475,0.53135145,0.24595483
1429731130197079008,a,0.05711609,0.18768477,0.46771628
1429731130237120288,a,0.34543025,0.5813978,0.11033118
1429731130257140928,a,0.49025476,0.3825062,0.09752611
1429731130277161568,a,0.14795034,0.09013256,0.3140588
1429731130297182208,a,0.22260201,0.1137332,0.23903486
1429731130317202848,a,0.091679014,0.006934494,0.39354947
1429731130337223488,a,0.15832528,0.39256528,0.088245004
1429731130357244128,a,0.27684635,0.33541048,0.09251164
1429731130377264768,a,0.1976049,0.26444542,0.072872035
1429731130397285408,a,-0.08090776,0.1499271,0.13875806
1429731130417306048,a,0.0055503645,0.45187485,-0.018223912
1429731130437326688,a,0.17783356,0.5194155,-0.15122043
1429731130457347328,a,0.079506494,0.1594145,-0.14824891
1429731130477367968,a,-0.09487403,0.15188777,0.076953426
1429731130497388608,a,-0.055816654,0.38007793,0.24863724
1429731130517402880,a,0.13501488,0.3548853,0.08274473
1429731130537417152,a,0.24774306,0.13447848,-0.16699342
1429731130557431424,a,0.45779467,-0.08684608,-0.0577958
1429731130577445696,a,0.6300329,-0.30541578,0.2821704
1429731130597459968,a,0.6140947,-0.63685304,0.57309544
1429731130617474240,a,0.82279396,-0.426594,0.66479695
1429731130637488512,a,1.1534374,-0.6360027,0.88684106
1429731130657502784,a,1.0628964,-1.0863613,1.1958208
1429731130677517056,a,0.75965357,-1.2597586,1.2031865
1429731130697531328,a,0.9131504,-1.2921306,1.4817845
1429731130717545600,a,1.4910767,-1.3242979,1.737644
1429731130737559872,a,1.1689109,-2.0004227,2.0752144
1429731130757574144,a,0.57476866,-2.673892,2.2263494
1429731130777588416,a,0.49346244,-2.8463235,2.3238306
1429731130797602688,a,0.881053,-2.712377,2.3633556
1429731130817616960,a,0.98181105,-2.5928335,2.358601
1429731130837631232,a,-0.039649367,-1.9957395,2.4824734
1429731130857645504,a,-1.0372914,-1.8161685,2.3632064
1429731130877659776,a,-1.2834451,-1.6368455,2.2238412
1429731130897674048,a,0.05807948,-1.2146506,2.2349625
1429731130917688320,a,1.672892,-1.383224,2.760371
1429731130937702592,a,1.1331943,-2.2994516,2.1394556
1429731130957716864,a,-0.6731131,-1.8116336,1.3407154
1429731130977731136,a,0.0944958,0.5859584,1.620888
1429731130997745408,a,0.8246547,0.5080975,2.356752
1429731131017759680,a,0.55260485,-0.52531964,1.1579789
1429731129396256656,a,-2.6132874,2.3289626,-1.6635867
1429731129416276484,a,-1.2927833,5.313777,-1.828909
1429731129436296312,a,0.31014287,7.0744023,1.204303
1429731129456316140,a,0.9150855,4.848394,3.706108
1429731129476335968,a,-2.1115396,2.6345265,4.430149
1429731129496356608,a,-1.4205784,2.1031313,3.6383195
1429731129516377248,a,0.71717036,1.4621964,2.4165807
1429731129536397888,a,1.2161039,1.5921482,3.4142816
1429731129556418528,a,1.3305981,0.84964263,3.4089332
1429731129576439168,a,2.1676612,0.14496577,2.354455
1429731129596459808,a,2.2186902,-0.12215817,1.6326556
1429731129616480448,a,1.7917233,0.84342986,2.5840356
1429731129636501088,a,2.058333,0.9060108,2.540422
1429731129656521728,a,2.2171113,0.33509496,1.1467348
1429731129676542368,a,1.8443882,-0.32773775,0.956208
1429731129696563008,a,1.1760865,-0.24239813,0.016946018
1429731131037773952,a,0.19827914,0.03177052,0.033883262
1429731131057788224,a,2.0577242,1.8522353,0.49412745
1429731131077802496,a,2.0518136,1.9357675,0.7675916
1429731131097816768,a,0.87207913,1.8174704,-0.78566134
1429731131117831040,a,0.91551197,1.4392722,-2.6733322
1429731131137845312,a,2.3579879,2.7677965,-2.249897
1429731131157859584,a,2.881169,4.05703,-0.368322
1429731131177873856,a,1.2587993,4.4922395,-1.9259222
1429731131197888128,a,0.7624152,2.167616,-4.550368
1429731131217902400,a,0.41053495,1.2474189,-5.6305556
1429731131237916672,a,0.9678271,2.6961145,-5.4550676
1429731131257930944,a,1.0818388,3.542322,-5.0060935
1429731131277945216,a,0.34813297,3.62761,-5.745748
1429731131297959488,a,0.4574852,3.7245054,-6.5024805
1429731131317973760,a,0.4604345,3.1582391,-4.946381
1429731131337988032,a,1.1210104,1.9374814,-3.580682
1429731131358002304,a,1.2659483,1.2722309,-2.914591
1429731131378016576,a,2.346755,-0.17009065,-2.5361097
1429731131398030848,a,2.1786559,-0.07644394,-1.6204189
1429731131418045120,a,1.9540771,1.039256,-0.77631086
1429731131438059392,a,0.8866602,0.7409368,-1.6956327
1429731131458073664,a,-0.19260833,-0.5803477,-3.1291504
1429731131478087936,a,-0.4510786,-0.6902023,-3.203123
1429731131498102208,a,-0.013640434,0.5916016,-3.529052
1429731131518112852,a,0.29588264,1.0338492,-3.0935493
1429731131538123496,a,0.6858842,0.7616446,-1.0956779
1429731131558134140,a,0.54667264,2.392561,-1.7676529
1429731131578144784,a,-0.29803702,3.522328,-4.9079337
1429731131598155428,a,-0.52122533,0.64882916,-4.727475
1429731131638176716,a,0.10246727,3.048062,-3.4242396
1429731131658187360,a,-1.1320208,4.52298,-6.6400323
1429731131678198004,a,-0.43618572,-0.42016307,-3.3023098
1429731131698208648,a,4.4625626,-1.0981197,1.9363275
1429731131718219292,a,0.8375817,1.0424317,-2.4851723
1429731131738229936,a,-3.7630324,1.9856856,-6.0633917
1429731131758240580,a,-5.341589,-0.54455453,-4.3215003
1429731131778251224,a,-0.40809578,-2.7551699,0.91358817
1429731131798261868,a,4.470302,0.16652024,0.9286456
1429731131818272512,a,0.15212,0.48977673,-3.3549645
1429731131838283156,a,-4.3852625,-0.9495978,-3.8112693
1429731131858293800,a,-3.2414773,-2.1715474,-0.6143732
1429731131878304444,a,1.1112213,0.74780023,2.2016037
1429731131898315088,a,1.1014632,1.3599428,1.458045
1429731131918325732,a,-5.8597503,-4.989324,2.6042655
1429731131938336376,a,-2.9100595,-3.1306596,3.0239978
1429731131958347020,a,0.5410718,0.17033684,5.840103
1429731131978357664,a,1.1178722,0.8146359,3.2062395
1429731131998368308,a,1.0306578,0.5138702,1.6251105
1429731132018378952,a,-1.1625822,-1.289292,3.4052782
1429731132038389596,a,-2.1852405,-1.3774588,4.224528
1429731132058400240,a,-1.8900639,0.31376195,5.3892393
1429731132078410884,a,-0.78825283,0.21083748,4.644629
1429731132098421528,a,0.47694588,-1.1521552,2.4173737
1429731132118432172,a,12.112537,0.4017892,-6.828878
1429731132138442816,a,-4.4633274,-2.2442439,2.39687
1429731132158453460,a,-1.6417197,0.17242134,3.9967756
1429731132178464104,a,1.9554961,-1.3483808,0.9199184
1429731132198474748,a,-0.06676018,1.0209107,1.8413502
1429731132238496036,a,0.89692056,-2.5163357,-0.5408879
1429731132258506680,a,0.51756155,-2.30139,0.16978872
1429731132278517324,a,1.0492275,-1.6358473,0.6414368
1429731132298527968,a,0.5542624,-0.32414412,4.8590846
1429731132318538612,a,0.84736025,1.9183908,1.8987707
1429731132338549256,a,1.3435638,0.5583365,0.4185802
1429731131337988032,a,1.1210104,1.9374814,-3.580682
1429731131358002304,a,1.2659483,1.2722309,-2.914591
1429731131378016576,a,2.346755,-0.17009065,-2.5361097
1429731131398030848,a,2.1786559,-0.07644394,-1.6204189
1429731131418045120,a,1.9540771,1.039256,-0.77631086
1429731131438059392,a,0.8866602,0.7409368,-1.6956327
1429731131458073664,a,-0.19260833,-0.5803477,-3.1291504
1429731131478087936,a,-0.4510786,-0.6902023,-3.203123
1429731131498102208,a,-0.013640434,0.5916016,-3.529052
1429731131518112852,a,0.29588264,1.0338492,-3.0935493
1429731131538123496,a,0.6858842,0.7616446,-1.0956779
1429731131558134140,a,0.54667264,2.392561,-1.7676529
1429731131578144784,a,-0.29803702,3.522328,-4.9079337
1429731131598155428,a,-0.52122533,0.64882916,-4.727475
1429731131638176716,a,0.10246727,3.048062,-3.4242396
1429731131658187360,a,-1.1320208,4.52298,-6.6400323
1429731131678198004,a,-0.43618572,-0.42016307,-3.3023098
1429731131698208648,a,4.4625626,-1.0981197,1.9363275
1429731131718219292,a,0.8375817,1.0424317,-2.4851723
1429731131738229936,a,-3.7630324,1.9856856,-6.0633917
1429731131758240580,a,-5.341589,-0.54455453,-4.3215003
1429731131778251224,a,-0.40809578,-2.7551699,0.91358817
1429731131798261868,a,4.470302,0.16652024,0.9286456
1429731131818272512,a,0.15212,0.48977673,-3.3549645
1429731131838283156,a,-4.3852625,-0.9495978,-3.8112693
1429731131858293800,a,-3.2414773,-2.1715474,-0.6143732
1429731131878304444,a,1.1112213,0.74780023,2.2016037
1429731131898315088,a,1.1014632,1.3599428,1.458045
1429731131918325732,a,-5.8597503,-4.989324,2.6042655
1429731131938336376,a,-2.9100595,-3.1306596,3.0239978
1429731131958347020,a,0.5410718,0.17033684,5.840103
1429731131978357664,a,1.1178722,0.8146359,3.2062395
1429731131998368308,a,1.0306578,0.5138702,1.6251105
1429731132018378952,a,-1.1625822,-1.289292,3.4052782
1429731132038389596,a,-2.1852405,-1.3774588,4.224528
1429731132058400240,a,-1.8900639,0.31376195,5.3892393
1429731132078410884,a,-0.78825283,0.21083748,4.644629
1429731132098421528,a,0.47694588,-1.1521552,2.4173737
1429731132118432172,a,12.112537,0.4017892,-6.828878
1429731132138442816,a,-4.4633274,-2.2442439,2.39687
1429731132158453460,a,-1.6417197,0.17242134,3.9967756
1429731132178464104,a,1.9554961,-1.3483808,0.9199184
1429731132198474748,a,-0.06676018,1.0209107,1.8413502
1429731132238496036,a,0.89692056,-2.5163357,-0.5408879
1429731132258506680,a,0.51756155,-2.30139,0.16978872
1429731132278517324,a,1.0492275,-1.6358473,0.6414368
1429731132298527968,a,0.5542624,-0.32414412,4.8590846
1429731132318538612,a,0.84736025,1.9183908,1.8987707
1429731132338549256,a,1.3435638,0.5583365,0.4185802
1429731132038389596,a,-2.1852405,-1.3774588,4.224528
1429731132058400240,a,-1.8900639,0.31376195,5.3892393
1429731132078410884,a,-0.78825283,0.21083748,4.644629
1429731132098421528,a,0.47694588,-1.1521552,2.4173737
1429731132118432172,a,12.112537,0.4017892,-6.828878
1429731132138442816,a,-4.4633274,-2.2442439,2.39687
1429731132158453460,a,-1.6417197,0.17242134,3.9967756
1429731132178464104,a,1.9554961,-1.3483808,0.9199184
1429731132198474748,a,-0.06676018,1.0209107,1.8413502
1429731132238496036,a,0.89692056,-2.5163357,-0.5408879
1429731132258506680,a,0.51756155,-2.30139,0.16978872
1429731132278517324,a,1.0492275,-1.6358473,0.6414368
1429731132298527968,a,0.5542624,-0.32414412,4.8590846
1429731132318538612,a,0.84736025,1.9183908,1.8987707
1429731132338549256,a,1.3435638,0.5583365,0.4185802
