0,N,0,0,0
1429730800267487742,a,0.01017829,0.2383268,-0.09120654
1429730800287487742,a,-0.046517577,0.29477417,0.001535166
1429730799027487742,a,0.26257038,0.23885727,-0.105526365
1429730799047487742,a,0.3241064,0.15632862,-0.009657843
1429730799067487742,a,0.14314537,0.13129003,-0.03959865
1429730799087487742,a,-0.16403402,0.09707193,-0.06851041
1429730799107487742,a,-0.16879608,0.11368813,0.16187881
1429730799127487742,a,-0.22145188,0.04824078,0.31782207
1429730799147487742,a,-0.37515712,-0.3023306,0.4012052
1429730799167487742,a,-0.55186427,-0.27989927,-0.0013317848
1429730799187487742,a,-0.32293737,0.073157445,-0.13650575
1429730799207487742,a,-0.17972143,0.38125998,-0.087745026
1429730799227487742,a,-0.2730706,0.20490246,-0.08597821
1429730799247487742,a,-0.15705387,-0.26507312,-0.09138908
1429730799267487742,a,-0.108679354,-0.054884598,-0.060282324
1429730799287487742,a,-0.09284085,0.23255591,0.067094296
1429730799307487742,a,-0.14028043,0.25025645,-0.0109178
1429730799327487742,a,-0.04324602,-0.033518933,-0.04408635
1429730799347487742,a,0.19617654,-0.3217936,0.07175037
1429730799367487742,a,-0.36192146,0.5024219,0.06598648
1429730799387487742,a,-0.25176784,1.0474422,-0.13984963
1429730799407487742,a,0.14310876,0.44529188,-0.11341673
1429730799427487742,a,-0.12681177,0.3757757,0.12366885
1429730799447487742,a,-0.13474864,0.6053335,0.06855657
1429730799467487742,a,-0.007701304,0.66236085,-0.042460963
1429730799487487742,a,-0.075564615,0.35597804,-0.08688238
1429730799507487742,a,-0.1684005,0.20313801,0.054599706
1429730799527487742,a,-0.114936434,0.053537667,0.14243291
1429730799547487742,a,0.08794911,-0.2515475,0.08272472
1429730799567487742,a,-0.0020765662,-0.19971558,0.07463388
1429730799587487742,a,-0.049270432,-0.13045822,0.023441877
1429730799607487742,a,-0.015812209,0.0014217687,-0.055222888
1429730799627487742,a,-0.034593903,0.01683304,-0.019027833
1429730799647487742,a,-0.03577812,0.24297835,0.009890555
1429730799667487742,a,-0.14347614,0.34766245,-0.06412396
1429730799687487742,a,-0.20892942,0.34339163,-0.321591
1429730799707487742,a,-0.35415235,0.091733836,0.124375485
1429730799727487742,a,-0.35442623,0.32793787,-0.03673638
1429730799747487742,a,-0.15600953,0.6690308,-0.24611115
1429730799767487742,a,-0.15057313,0.5024922,-0.0824682
1429730799787487742,a,-0.14886898,0.057419732,0.19011505
1429730799807487742,a,-0.022560682,-0.0050625,0.1822879
1429730799827487742,a,-0.017699894,0.15332916,0.33115086
1429730799847487742,a,-0.01207669,0.21693784,0.14905535
1429730799867487742,a,0.08359856,0.011286006,0.033929396
1429730799887487742,a,0.06783466,0.03971795,-0.09148113
1429730799907487742,a,0.014883954,0.129827,0.006387329
1429730799927487742,a,0.07390505,-0.049215756,0.10175323
1429730799947487742,a,0.08125401,-0.029110376,0.14946583
1429730799967487742,a,0.14297867,-0.021870174,0.124948174
1429730799987487742,a,0.026269995,0.14037262,0.046828993
1429730800007487742,a,-0.0055360785,0.22914304,0.15383044
1429730800027487742,a,0.04617585,0.20360327,0.35186732
1429730800047487742,a,-0.02902562,0.21644205,0.16653875
1429730800067487742,a,-0.1483638,0.32448986,0.013510022
1429730800087487742,a,-0.090577185,0.27689728,0.032819726
1429730800107487742,a,-0.10007671,0.106148645,0.21688092
1429730800127487742,a,-0.08166884,0.10463166,0.17603262
1429730800147487742,a,-0.04237081,0.14796284,0.13976206
1429730800167487742,a,-0.028063226,0.08358404,-0.0017882483
1429730800187487742,a,0.0076827267,-0.05100327,-0.21561547
1429730800207487742,a,-0.045151833,0.08498167,-0.032462098
1429730800227487742,a,-0.05775744,0.12732199,0.040511888
1429730800247487742,a,-0.13752277,0.20243308,0.043556456
1429730800267487742,a,0.01017829,0.2383268,-0.09120654
1429730800287487742,a,-0.046517577,0.29477417,0.001535166
1429730800307487742,a,-0.18828416,0.268501,0.08118962
1429730800327487742,a,-0.2277143,0.19549075,0.074875355
1429730800347487742,a,-0.18739128,0.37880334,0.10677994
1429730800367487742,a,-0.048289116,0.49121943,0.15266404
1429730800387487742,a,-0.03431418,0.42176414,-0.06887333
1429730800407487742,a,-0.22754681,0.30528966,-0.030219171
1429730800427487742,a,-0.2304214,0.21762782,0.13825361
1429730800447487742,a,-0.011640152,0.102972195,0.037246272
1429730800467487742,a,0.0014828455,0.13808422,-0.09941473
1429730800487487742,a,-0.10719035,0.022328578,-0.24552482
1429730800507487742,a,-0.12403862,-0.40684426,-0.44878447
1429730800527487742,a,0.087607145,-0.4573097,-0.69367635
1429730800547487742,a,0.11332499,-0.14192596,-0.40595585
1429730800567487742,a,0.0030385312,-0.28867337,0.187
1429730800587487742,a,-0.030055346,-0.039302558,0.4642697
1429730800607487742,a,0.10407348,0.2571625,0.5297735
1429730800627487742,a,-0.022682412,0.17836542,0.2435526
1429730800647487742,a,-0.33057758,-0.016366202,0.18498868
1429730800667487742,a,-0.47351083,0.09421399,0.3957811
1429730800687487742,a,-0.23464559,0.30408365,0.40614712
1429730800707487742,a,-0.0030539175,0.42023593,0.20030086
1429730800727487742,a,-0.09547289,0.5768511,0.044729486
1429730800747487742,a,-0.09285126,0.7991208,0.09668778
1429730800767487742,a,0.2239385,1.1044533,0.27747262
1429730800787487742,a,0.30849418,1.7135005,0.5191595
1429730800807487742,a,0.1075836,2.2349348,0.9019498
1429730800827487742,a,-0.050880775,2.3484132,0.79081184
1429730800847487742,a,0.21963818,2.197448,0.15430844
1429730800867487742,a,0.3983334,2.2689073,-0.22307105
1429730800887487742,a,0.41073513,2.8009138,0.019242331
1429730800907487742,a,0.6975459,2.9530587,0.3723451
1429730800927487742,a,0.63878787,2.8787847,0.37396604
1429730800947487742,a,0.5558713,3.0652585,-0.6644715
1429730800967487742,a,0.58113354,3.4768996,-0.35414407
1429730800987487742,a,0.7729961,3.1505058,0.0641367
1429730801007487742,a,0.89894265,2.7645884,0.6510167
1429730801027487742,a,0.555523,2.9492004,0.40019217
1429730801047487742,a,0.53123784,3.1279037,-0.13516429
1429730801067487742,a,0.44771296,3.8707643,-0.42314968
1429730801087487742,a,0.20958553,3.8830967,-0.91303074
1429730801107487742,a,-0.52691483,2.9486237,-0.94718945
1429730801127487742,a,-0.5947634,2.080653,-0.85845906
1429730801147487742,a,0.25517148,2.7305508,0.16164643
1429730801167487742,a,1.2562907,2.6505508,0.40488398
1429730801187487742,a,0.5586979,1.2413459,0.44083998
1429730801207487742,a,0.06728339,0.8990447,0.36267394
1429730801227487742,a,0.10808292,2.1363199,0.8597867
1429730801247487742,a,1.2149465,1.4344877,0.87019354
1429730801267487742,a,1.0871056,-0.14797308,0.78924197
1429730801287487742,a,-0.24008165,0.46547285,0.82262665
1429730801307487742,a,-0.22407384,0.13433264,0.22118787
1429730801327487742,a,1.4131626,-1.0077654,-1.2383951
1429730801347487742,a,1.4090637,-0.96874774,-0.43890733
1429730801367487742,a,-0.4860845,-0.92925364,0.82316536
1429730801387487742,a,-0.71681476,-2.955834,0.20814303
1429730801407487742,a,1.0573789,-5.9639373,-0.58575374
1429730801427487742,a,-0.29395622,-8.508842,-1.6617365
1429730801447487742,a,-1.5480399,-13.351756,-0.77392256
1429730801467487742,a,-3.0325382,-13.007201,-0.19345081
1429730801487487742,a,-4.438394,-8.356762,-0.4858607
1429730801507487742,a,-4.16465,-5.844827,-0.21273673
1429730801527487742,a,-1.9866768,-5.570195,0.1279478
1429730801467487742,a,-3.0325382,-13.007201,-0.19345081
1429730801487487742,a,-4.438394,-8.356762,-0.4858607
1429730801507487742,a,-4.16465,-5.844827,-0.21273673
1429730801527487742,a,-1.9866768,-5.570195,0.1279478
1429730801627512238,a,-2.2141376,-3.8343904,-1.0301017
1429730801647518362,a,-1.6098716,-3.3681576,-0.7375618
1429730801667524486,a,-1.4402004,-3.9340663,-0.20953101
1429730801687530610,a,-2.2298357,-4.3166103,-0.23042953
1429730801707536734,a,-2.3766031,-3.6246443,0.057240784
1429730801727542858,a,-2.2013044,-2.7004473,0.7052058
1429730801747548982,a,-2.202066,-3.4382684,0.33902815
1429730801767555106,a,-1.8338226,-3.6704936,0.31860045
1429730801787561230,a,0.061596796,-2.0524042,0.62746006
1429730801807567354,a,0.89693844,-1.0281547,0.42685792
1429730801827573478,a,-0.3078779,-2.1629884,-0.08971393
1429730801847579602,a,-1.4741076,-2.013845,-0.31915525
1429730801867585726,a,0.56071734,0.17674609,0.38122302
1429730801887591850,a,0.89326227,1.8999276,0.17864639
1429730801907597974,a,-1.2482549,1.0206152,-0.22562675
1429730801927604098,a,-1.9378384,0.18320455,-0.7603177
1429730801947610222,a,-0.17501085,3.0489166,-0.08308216
1429730801967616346,a,1.2508564,5.1027656,1.3499713
1429730801987622470,a,-1.2663106,4.0678253,0.6878773
1429730802007628594,a,-1.3597982,2.7532423,-0.6012496
1429730802027634718,a,0.5852874,3.1111157,-0.7944103
1429730802047640842,a,1.919364,4.4148746,-0.14480595
1429730802067646966,a,1.5212333,5.189228,0.33004928
1429730802087653090,a,1.0281312,4.820116,-0.6586426
1429730802107659214,a,1.5860411,5.1466904,-0.74812114
1429730802127665338,a,2.4850214,4.379553,-0.020196527
1429730802147671462,a,2.718692,3.4852576,0.6381539
1429730802167677586,a,2.7411053,3.6588163,0.4439346
1429730802187683710,a,2.8326313,3.765931,-0.08066964
1429730802207689834,a,2.593136,2.8191087,-0.86238945
1429730802227695958,a,2.032456,1.4576639,-0.5002942
1429730802247702082,a,1.8827773,1.0702529,0.149621
1429730802267708206,a,2.1400626,1.1195309,0.026885092
1429730802287714330,a,2.3920875,1.5417631,0.22666965
1429730802307720454,a,2.280012,1.1093302,0.047713548
1429730802327726578,a,1.7681537,0.40341628,-0.3709858
1429730802347732702,a,1.6112673,0.23138931,-0.52143
1429730802367738826,a,1.7370416,0.6368911,-0.40134156
1429730802387744950,a,1.2967849,0.4443186,0.2199666
1429730802407751074,a,0.76816595,-0.39456454,0.11410152
1429730802427757198,a,0.5690088,-0.44916874,-0.16184948
1429730802447763322,a,0.5242974,0.21640918,-0.45839018
1429730802467769446,a,0.117175356,0.1904859,-0.27467388
1429730802487775570,a,-0.394573,0.011017306,0.07012863
1429730802507781694,a,-0.31597012,0.09291053,0.11039045
1429730802527787818,a,0.13213539,0.11730365,-0.260315
1429730802547793942,a,0.28662717,0.2422244,0.01834537
1429730802567800066,a,-0.0054082638,-0.17402868,-0.13726579
1429730802587806190,a,-0.47449178,0.29025686,-0.22519109
1429730802607815186,a,-0.5542437,0.77678156,-0.03288676
1429730802627824182,a,-0.25448456,0.24437556,0.36207396
1429730802647833178,a,-0.14805225,-0.8024995,0.8163823
1429730802667842174,a,-0.17597991,-0.18530852,0.5998435
1429730802687851170,a,-0.17676297,0.17695129,2.2106133
1429730802707860166,a,0.38548994,2.4570227,2.4896264
1429730802727869162,a,1.4111334,2.1360767,2.071536
1429730801467487742,a,-3.0325382,-13.007201,-0.19345081
1429730801487487742,a,-4.438394,-8.356762,-0.4858607
1429730801507487742,a,-4.16465,-5.844827,-0.21273673
1429730801527487742,a,-1.9866768,-5.570195,0.1279478
0,N,0,0,0
1429730802747878158,a,2.0212514,0.9681397,1.5419879
1429730802767887154,a,1.9189306,1.6478766,1.1548798
1429730802787896150,a,1.6972467,2.1724439,0.57422245
1429730802807905146,a,1.2879646,1.9015944,-0.2285094
1429730801627512238,a,-2.2141376,-3.8343904,-1.0301017
1429730801647518362,a,-1.6098716,-3.3681576,-0.7375618
1429730801667524486,a,-1.4402004,-3.9340663,-0.20953101
1429730801687530610,a,-2.2298357,-4.3166103,-0.23042953
1429730801707536734,a,-2.3766031,-3.6246443,0.057240784
1429730801727542858,a,-2.2013044,-2.7004473,0.7052058
1429730801747548982,a,-2.202066,-3.4382684,0.33902815
1429730801767555106,a,-1.8338226,-3.6704936,0.31860045
1429730801787561230,a,0.061596796,-2.0524042,0.62746006
1429730801807567354,a,0.89693844,-1.0281547,0.42685792
1429730801827573478,a,-0.3078779,-2.1629884,-0.08971393
1429730801847579602,a,-1.4741076,-2.013845,-0.31915525
1429730801867585726,a,0.56071734,0.17674609,0.38122302
1429730801887591850,a,0.89326227,1.8999276,0.17864639
1429730801907597974,a,-1.2482549,1.0206152,-0.22562675
1429730801927604098,a,-1.9378384,0.18320455,-0.7603177
1429730801947610222,a,-0.17501085,3.0489166,-0.08308216
1429730801967616346,a,1.2508564,5.1027656,1.3499713
1429730801987622470,a,-1.2663106,4.0678253,0.6878773
1429730802007628594,a,-1.3597982,2.7532423,-0.6012496
1429730802027634718,a,0.5852874,3.1111157,-0.7944103
1429730802047640842,a,1.919364,4.4148746,-0.14480595
1429730802067646966,a,1.5212333,5.189228,0.33004928
1429730802087653090,a,1.0281312,4.820116,-0.6586426
1429730802107659214,a,1.5860411,5.1466904,-0.74812114
1429730802127665338,a,2.4850214,4.379553,-0.020196527
1429730802147671462,a,2.718692,3.4852576,0.6381539
1429730802167677586,a,2.7411053,3.6588163,0.4439346
1429730802187683710,a,2.8326313,3.765931,-0.08066964
1429730802207689834,a,2.593136,2.8191087,-0.86238945
1429730802227695958,a,2.032456,1.4576639,-0.5002942
1429730802247702082,a,1.8827773,1.0702529,0.149621
1429730802267708206,a,2.1400626,1.1195309,0.026885092
1429730802287714330,a,2.3920875,1.5417631,0.22666965
1429730802307720454,a,2.280012,1.1093302,0.047713548
1429730802327726578,a,1.7681537,0.40341628,-0.3709858
1429730802347732702,a,1.6112673,0.23138931,-0.52143
1429730802367738826,a,1.7370416,0.6368911,-0.40134156
1429730802387744950,a,1.2967849,0.4443186,0.2199666
1429730802407751074,a,0.76816595,-0.39456454,0.11410152
1429730802427757198,a,0.5690088,-0.44916874,-0.16184948
1429730802447763322,a,0.5242974,0.21640918,-0.45839018
1429730802467769446,a,0.117175356,0.1904859,-0.27467388
1429730802487775570,a,-0.394573,0.011017306,0.07012863
1429730802507781694,a,-0.31597012,0.09291053,0.11039045
1429730802527787818,a,0.13213539,0.11730365,-0.260315
1429730802547793942,a,0.28662717,0.2422244,0.01834537
1429730802567800066,a,-0.0054082638,-0.17402868,-0.13726579
1429730802587806190,a,-0.47449178,0.29025686,-0.22519109
1429730802607815186,a,-0.5542437,0.77678156,-0.03288676
1429730802627824182,a,-0.25448456,0.24437556,0.36207396
1429730802647833178,a,-0.14805225,-0.8024995,0.8163823
1429730802667842174,a,-0.17597991,-0.18530852,0.5998435
1429730802687851170,a,-0.17676297,0.17695129,2.2106133
1429730802707860166,a,0.38548994,2.4570227,2.4896264
1429730802727869162,a,1.4111334,2.1360767,2.071536
1429730801467487742,a,-3.0325382,-13.007201,-0.19345081
1429730801487487742,a,-4.438394,-8.356762,-0.4858607
1429730801507487742,a,-4.16465,-5.844827,-0.21273673
1429730801527487742,a,-1.9866768,-5.570195,0.1279478
1429730802827914142,a,0.9958392,1.9047592,-0.2248337
1429730802847923138,a,1.0719415,1.8548262,0.07257438
1429730802867932134,a,0.9717753,1.284974,0.021989614
1429730802887941130,a,1.0462207,1.1409936,-0.49023086
1429730802907950126,a,1.5139108,1.6425245,-0.7548861
1429730802927959122,a,2.0197778,0.9250675,-0.57803017
1429730802947968118,a,1.7168101,-0.65110946,-0.11468573
1429730802967977114,a,1.2155942,-0.84507644,0.22687776
1429730802987986110,a,1.0185552,0.5072981,0.63041794
1429730803007995106,a,0.9890168,1.4928218,0.9892503
1429730803028004102,a,1.1773709,0.798676,0.031662136
1429730803048013098,a,1.0958774,-0.43869874,-0.2677635
1429730803068022094,a,0.75879884,0.16139743,0.7978576
1429730803088031090,a,0.8924426,1.6118591,0.7736657
1429730803108040086,a,1.5211284,1.5705277,-0.06788808
1429730803128049082,a,2.3427002,0.9736376,-0.74245054
1429730803148058078,a,2.5573926,0.44813195,-1.2738969
1429730803168067074,a,2.1079838,1.3731136,-0.307284
1429730803188076070,a,1.1777953,2.0530167,0.6151557
1429730803208085066,a,0.028660432,1.8906364,-0.13933581
1429730803228094062,a,0.6953765,1.7980223,-0.73068345
1429730803248103058,a,2.0147004,1.054341,-1.5761248
1429730803268112054,a,1.5022969,1.4343582,-1.5231941
1429730803288121050,a,0.005416855,1.197229,-0.58272666
1429730803308130046,a,-0.3946109,-0.36754167,0.45168293
1429730803328139042,a,0.73551714,-1.3650739,0.5542308
1429730803348148038,a,1.150336,-0.2939413,-0.6040702
1429730803368157034,a,1.7924902,-0.36942697,-1.9180263
1429730803388166030,a,1.5493598,-1.3023714,-1.9142501
1429730803408175026,a,-0.34791294,-1.7767531,-1.3835089
1429730803428184022,a,-2.4576437,-2.6933997,-1.8286208
1429730803448193018,a,-4.6261063,-3.4340813,-2.1945386
1429730803468202014,a,-6.3727593,-4.499064,-1.8677987
1429730803488211010,a,-7.231183,-5.5046577,-1.3400595
1429730803508220006,a,-8.134755,-4.4611278,0.7223726
1429730803528229002,a,-5.9610534,-3.6588025,2.1357014
1429730803548237998,a,-1.9229449,-3.8569224,1.0129716
1429730803568246994,a,-1.5528136,-3.7196786,1.9581425
1429730803588255990,a,-2.4451008,-1.3198993,0.9518926
1429730803608264986,a,-3.122474,-0.132777,-0.54864913
1429730803628275138,a,-3.225601,-0.5097894,-0.1436131
1429730803648285290,a,-2.8684251,-0.91260725,-0.3903826
1429730803668295442,a,-2.2275856,-0.8398499,-0.29605246
1429730803688305594,a,-2.4550993,-0.6160102,-0.8006182
1429730803708315746,a,-2.4736376,-0.9343512,-1.0998569
1429730803728325898,a,-1.8250812,-1.3792202,-0.4031049
1429730803748336050,a,-1.1164227,-1.3062084,0.8830075
1429730803768346202,a,-1.3890874,-1.4333446,1.1171503
1429730803788356354,a,-2.7973168,-0.90796995,0.45064515
1429730803808366506,a,-2.6975596,-1.383194,0.77719367
1429730803828376658,a,-2.9682975,-0.40378276,0.6147587
1429730803848386810,a,-3.201161,-0.3251651,0.4289527
1429730803868396962,a,-3.0096607,-1.4961591,0.8083989
1429730803888407114,a,-3.2653623,-1.1930072,-1.7357568
1429730803908417266,a,-2.3927176,1.008473,-1.4193571
1429730803928427418,a,-0.33041644,0.7634277,0.6066351
1429730803948437570,a,0.097460985,-1.1939809,1.9797192
1429730803968447722,a,-1.2448688,-2.3470113,1.8723357
1429730803988457874,a,-2.6431603,-2.3604527,-1.0004773
1429730804008468026,a,-2.167658,-0.10067202,-1.6841298
1429730804028478178,a,0.52983886,1.3962451,-0.6967521
1429730804048488330,a,1.6578566,0.4986558,0.66718316
1429730804068498482,a,0.10857247,-2.590468,1.5120713
1429730804088508634,a,-0.099908754,-3.76828,-0.64093006
1429730803588255990,a,-2.4451008,-1.3198993,0.9518926
1429730803608264986,a,-3.122474,-0.132777,-0.54864913
1429730803628275138,a,-3.225601,-0.5097894,-0.1436131
1429730803648285290,a,-2.8684251,-0.91260725,-0.3903826
1429730803668295442,a,-2.2275856,-0.8398499,-0.29605246
1429730803688305594,a,-2.4550993,-0.6160102,-0.8006182
1429730803708315746,a,-2.4736376,-0.9343512,-1.0998569
1429730803728325898,a,-1.8250812,-1.3792202,-0.4031049
1429730803748336050,a,-1.1164227,-1.3062084,0.8830075
1429730803768346202,a,-1.3890874,-1.4333446,1.1171503
1429730803788356354,a,-2.7973168,-0.90796995,0.45064515
1429730803808366506,a,-2.6975596,-1.383194,0.77719367
1429730803828376658,a,-2.9682975,-0.40378276,0.6147587
1429730803848386810,a,-3.201161,-0.3251651,0.4289527
1429730803868396962,a,-3.0096607,-1.4961591,0.8083989
1429730803888407114,a,-3.2653623,-1.1930072,-1.7357568
1429730803908417266,a,-2.3927176,1.008473,-1.4193571
1429730803928427418,a,-0.33041644,0.7634277,0.6066351
1429730803948437570,a,0.097460985,-1.1939809,1.9797192
1429730803968447722,a,-1.2448688,-2.3470113,1.8723357
1429730803988457874,a,-2.6431603,-2.3604527,-1.0004773
1429730804008468026,a,-2.167658,-0.10067202,-1.6841298
1429730804028478178,a,0.52983886,1.3962451,-0.6967521
1429730804048488330,a,1.6578566,0.4986558,0.66718316
1429730804068498482,a,0.10857247,-2.590468,1.5120713
1429730804088508634,a,-0.099908754,-3.76828,-0.64093006
1429730804628782998,a,0.90532285,0.53078276,-0.60199285
1429730804648793410,a,0.43538153,0.88695633,-0.6900628
1429730804668803822,a,-0.0035431646,0.80063653,-0.63087124
1429730804688814234,a,-0.27379903,0.44231644,-0.032105878
1429730804708824646,a,-0.30874,-0.23440039,0.15694055
1429730804728835058,a,-0.417112,-0.5298848,-0.1313069
1429730804748845470,a,-0.40861464,0.053380504,-0.6614409
1429730804768855882,a,-0.5630024,0.68864894,0.21923077
1429730804788866294,a,-0.40301272,0.40671343,1.6522801
1429730804808876706,a,-0.22080871,0.4732439,1.972775
1429730804828887118,a,0.16816257,0.22285566,0.40767717
1429730804848897530,a,0.07665375,0.45765883,0.40217444
1429730803588255990,a,-2.4451008,-1.3198993,0.9518926
1429730803608264986,a,-3.122474,-0.132777,-0.54864913
1429730803628275138,a,-3.225601,-0.5097894,-0.1436131
1429730803648285290,a,-2.8684251,-0.91260725,-0.3903826
1429730803668295442,a,-2.2275856,-0.8398499,-0.29605246
1429730803688305594,a,-2.4550993,-0.6160102,-0.8006182
1429730803708315746,a,-2.4736376,-0.9343512,-1.0998569
1429730803728325898,a,-1.8250812,-1.3792202,-0.4031049
1429730803748336050,a,-1.1164227,-1.3062084,0.8830075
1429730803768346202,a,-1.3890874,-1.4333446,1.1171503
1429730803788356354,a,-2.7973168,-0.90796995,0.45064515
1429730803808366506,a,-2.6975596,-1.383194,0.77719367
1429730803828376658,a,-2.9682975,-0.40378276,0.6147587
1429730803848386810,a,-3.201161,-0.3251651,0.4289527
1429730803868396962,a,-3.0096607,-1.4961591,0.8083989
1429730803888407114,a,-3.2653623,-1.1930072,-1.7357568
1429730803908417266,a,-2.3927176,1.008473,-1.4193571
1429730803928427418,a,-0.33041644,0.7634277,0.6066351
1429730803948437570,a,0.097460985,-1.1939809,1.9797192
1429730803968447722,a,-1.2448688,-2.3470113,1.8723357
1429730803988457874,a,-2.6431603,-2.3604527,-1.0004773
1429730804008468026,a,-2.167658,-0.10067202,-1.6841298
1429730804028478178,a,0.52983886,1.3962451,-0.6967521
1429730804048488330,a,1.6578566,0.4986558,0.66718316
1429730804068498482,a,0.10857247,-2.590468,1.5120713
1429730804088508634,a,-0.099908754,-3.76828,-0.64093006
0,N,0,0,0
1429730804868907942,a,-0.04009024,0.8834444,0.7728553
1429730804888918354,a,0.18899634,0.26686943,0.7557163
1429730804908928766,a,0.17360726,-0.2197259,0.18528526
1429730804928939178,a,-0.086196356,0.45956358,0.13847739
1429730804948949590,a,0.14749463,0.37571946,0.08053029
1429730804968960002,a,0.55633783,0.09533431,0.2638464
1429730804988970414,a,0.32899585,0.2532364,0.20478167
1429730805008980826,a,0.22768775,0.21874595,-0.051889397
1429730805028991238,a,0.5268573,-0.08301699,-0.10038351
1429730805049001650,a,0.713606,-0.22079109,-0.15728694
1429730805069012062,a,0.79960614,0.07693299,-0.13531196
1429730805089022474,a,0.9895953,0.34034318,0.009058148
1429730805109032886,a,0.50942963,-0.0015521944,0.47369874
1429730805129043298,a,0.489966,-0.5141778,0.5152329
1429730805149053710,a,0.6293854,-0.26512453,-0.21821795
1429730805169064122,a,0.7734773,0.45083195,-0.46040565
1429730805189074534,a,0.25392672,0.59613496,0.075006716
1429730805209084946,a,-0.23003367,-0.13436875,0.7730909
1429730805229095358,a,0.0153938215,-0.4212129,0.5828406
1429730805249105770,a,0.24941802,0.31195468,-0.21131252
1429730805269116182,a,0.7091543,0.9076616,-0.19579372
1429730805289126594,a,0.47834867,0.3985533,0.008451283
1429730805309137006,a,0.02798607,-0.73777395,0.43405852
1429730805329147418,a,0.4986153,-0.8300509,0.16928665
1429730805349157830,a,1.341103,-0.09987299,-0.0128881745
1429730805369168242,a,2.2667608,-0.08870894,-0.007236585
1429730804628782998,a,0.90532285,0.53078276,-0.60199285
1429730804648793410,a,0.43538153,0.88695633,-0.6900628
1429730804668803822,a,-0.0035431646,0.80063653,-0.63087124
1429730804688814234,a,-0.27379903,0.44231644,-0.032105878
1429730804708824646,a,-0.30874,-0.23440039,0.15694055
1429730804728835058,a,-0.417112,-0.5298848,-0.1313069
1429730804748845470,a,-0.40861464,0.053380504,-0.6614409
1429730804768855882,a,-0.5630024,0.68864894,0.21923077
1429730804788866294,a,-0.40301272,0.40671343,1.6522801
1429730804808876706,a,-0.22080871,0.4732439,1.972775
1429730804828887118,a,0.16816257,0.22285566,0.40767717
1429730804848897530,a,0.07665375,0.45765883,0.40217444
1429730803588255990,a,-2.4451008,-1.3198993,0.9518926
1429730803608264986,a,-3.122474,-0.132777,-0.54864913
1429730803628275138,a,-3.225601,-0.5097894,-0.1436131
1429730803648285290,a,-2.8684251,-0.91260725,-0.3903826
1429730803668295442,a,-2.2275856,-0.8398499,-0.29605246
1429730803688305594,a,-2.4550993,-0.6160102,-0.8006182
1429730803708315746,a,-2.4736376,-0.9343512,-1.0998569
1429730803728325898,a,-1.8250812,-1.3792202,-0.4031049
1429730803748336050,a,-1.1164227,-1.3062084,0.8830075
1429730803768346202,a,-1.3890874,-1.4333446,1.1171503
1429730803788356354,a,-2.7973168,-0.90796995,0.45064515
1429730803808366506,a,-2.6975596,-1.383194,0.77719367
1429730803828376658,a,-2.9682975,-0.40378276,0.6147587
1429730803848386810,a,-3.201161,-0.3251651,0.4289527
1429730803868396962,a,-3.0096607,-1.4961591,0.8083989
1429730803888407114,a,-3.2653623,-1.1930072,-1.7357568
1429730803908417266,a,-2.3927176,1.008473,-1.4193571
1429730803928427418,a,-0.33041644,0.7634277,0.6066351
1429730803948437570,a,0.097460985,-1.1939809,1.9797192
1429730803968447722,a,-1.2448688,-2.3470113,1.8723357
1429730803988457874,a,-2.6431603,-2.3604527,-1.0004773
1429730804008468026,a,-2.167658,-0.10067202,-1.6841298
1429730804028478178,a,0.52983886,1.3962451,-0.6967521
1429730804048488330,a,1.6578566,0.4986558,0.66718316
1429730804068498482,a,0.10857247,-2.590468,1.5120713
1429730804088508634,a,-0.099908754,-3.76828,-0.64093006
1429730805389178654,a,2.2101424,-0.2508347,0.71305776
1429730805409189066,a,1.8282073,-0.040816873,0.9070666
1429730805429199478,a,1.9818474,0.092843145,0.2909297
1429730805449209890,a,2.7229517,0.020443045,-0.24682043
1429730805469220302,a,3.3459914,0.040728286,0.60655445
1429730805489230714,a,3.311762,0.76156825,0.7079678
1429730805509241126,a,2.985053,0.96646124,-0.022087187
1429730805529251538,a,3.3786542,0.092084736,-0.79206586
1429730805549261950,a,3.6067722,-1.1351198,-1.3001173
1429730805569272362,a,3.475707,-0.42074925,-1.2158892
1429730805589282774,a,1.6484306,1.9621661,-1.1743411
1429730805609293186,a,1.3000267,1.0058396,-0.27969593
1429730805629303402,a,1.7967663,-2.7595022,-0.47941014
1429730805649313618,a,1.8640596,-2.3862782,-1.5860057
1429730805669323834,a,0.1715109,2.2723634,-0.9602322
1429730805689334050,a,-0.4707129,2.9416852,0.7129848
1429730805709344266,a,-0.6445554,-1.9742675,0.92057294
1429730805729354482,a,-1.4122263,-3.3437908,0.16160595
1429730805749364698,a,-2.1712582,0.51770926,-1.0388978
1429730805769374914,a,-2.8807461,3.6823862,0.18231082
1429730805789385130,a,-3.5120819,0.5475047,0.6460445
1429730805809395346,a,-3.2398062,-2.1820114,0.7447746
1429730805829405562,a,-3.9408295,-0.80980575,0.28035593
1429730805849415778,a,-4.4689064,1.8036014,-1.4314318
1429730805869425994,a,-5.1465144,2.913517,-0.07427025
1429730805889436210,a,-4.798258,1.5122387,0.24653208
1429730805909446426,a,-4.222859,0.97322965,-0.4898613
1429730805929456642,a,-3.9127157,3.1970255,-1.4835482
1429730805949466858,a,-3.7869632,4.443485,-0.13540983
1429730805969477074,a,-3.2055209,1.0759728,0.44139096
1429730805989487290,a,-2.4556358,-0.74688375,0.003989473
1429730806009497506,a,-2.6870177,0.17667502,0.5300002
1429730806029507722,a,-2.4571443,1.4808748,-0.1596812
1429730806049517938,a,-2.1673226,2.0597777,-0.4109435
1429730806069528154,a,-2.5537407,1.5908906,-0.09058803
1429730806089538370,a,-2.807607,0.6553583,0.17157215
1429730806109548586,a,-2.324059,0.3597909,0.112062305
1429730806129558802,a,-1.743022,0.79441136,-0.066405386
1429730806149569018,a,-2.0118897,2.3847377,0.21133643
1429730806169579234,a,-3.15106,1.7670019,0.45601153
1429730806189589450,a,-2.8950865,1.2321393,-0.3013121
1429730806209599666,a,-2.7596998,1.4397652,-0.24344397
1429730806229609882,a,-2.9482422,1.2255692,0.6331349
1429730806249620098,a,-2.0324473,1.9540687,-0.1469202
1429730806269630314,a,-2.5441368,3.0429494,-1.1655531
1429730806289640530,a,-3.7903614,1.2734003,0.730593
1429730806309650746,a,-4.1608076,-0.843455,1.9396439
1429730806329660962,a,-1.8837686,0.1647262,1.3966042
1429730806349671178,a,-0.8773534,1.9488132,-0.6743189
1429730806369681394,a,-1.6823087,1.9667062,-0.5568841
1429730806389691610,a,-2.36841,-0.2159383,1.3761342
1429730806409701826,a,-0.9283099,0.3261334,1.1203985
1429730806429712042,a,0.7837664,-0.42006597,-0.1689015
1429730806449722258,a,1.3118935,-1.1128635,-1.4449358
1429730806469732474,a,0.8175591,0.07445432,-1.9614105
1429730806489742690,a,0.97361517,0.8033234,-0.68175197
1429730806509752906,a,2.64532,0.012264088,0.2299406
1429730806529763122,a,3.519754,-1.3806525,0.014719367
1429730806549773338,a,2.7180398,-1.4517825,-1.8860012
1429730806569783554,a,1.9397298,0.104207754,-2.539995
1429730806589793770,a,2.7306101,1.2414234,-1.4748425
1429730806609803986,a,4.2443366,0.5101124,-0.23609644
1429730806629820030,a,4.2066097,-1.9315075,-0.5980889
1429730806649836074,a,3.0962825,-2.334987,-1.4897349
1429730805949466858,a,-3.7869632,4.443485,-0.13540983
1429730805969477074,a,-3.2055209,1.0759728,0.44139096
1429730805989487290,a,-2.4556358,-0.74688375,0.003989473
1429730806009497506,a,-2.6870177,0.17667502,0.5300002
1429730806029507722,a,-2.4571443,1.4808748,-0.1596812
1429730806049517938,a,-2.1673226,2.0597777,-0.4109435
1429730806069528154,a,-2.5537407,1.5908906,-0.09058803
1429730806089538370,a,-2.807607,0.6553583,0.17157215
1429730806109548586,a,-2.324059,0.3597909,0.112062305
1429730806129558802,a,-1.743022,0.79441136,-0.066405386
1429730806149569018,a,-2.0118897,2.3847377,0.21133643
1429730806169579234,a,-3.15106,1.7670019,0.45601153
1429730806189589450,a,-2.8950865,1.2321393,-0.3013121
1429730806209599666,a,-2.7596998,1.4397652,-0.24344397
1429730806229609882,a,-2.9482422,1.2255692,0.6331349
1429730806249620098,a,-2.0324473,1.9540687,-0.1469202
1429730806269630314,a,-2.5441368,3.0429494,-1.1655531
1429730806289640530,a,-3.7903614,1.2734003,0.730593
1429730806309650746,a,-4.1608076,-0.843455,1.9396439
1429730806329660962,a,-1.8837686,0.1647262,1.3966042
1429730806349671178,a,-0.8773534,1.9488132,-0.6743189
1429730806369681394,a,-1.6823087,1.9667062,-0.5568841
1429730806389691610,a,-2.36841,-0.2159383,1.3761342
1429730806409701826,a,-0.9283099,0.3261334,1.1203985
1429730806429712042,a,0.7837664,-0.42006597,-0.1689015
1429730806449722258,a,1.3118935,-1.1128635,-1.4449358
1429730806469732474,a,0.8175591,0.07445432,-1.9614105
1429730806489742690,a,0.97361517,0.8033234,-0.68175197
1429730806509752906,a,2.64532,0.012264088,0.2299406
1429730806529763122,a,3.519754,-1.3806525,0.014719367
1429730806549773338,a,2.7180398,-1.4517825,-1.8860012
1429730806569783554,a,1.9397298,0.104207754,-2.539995
1429730806589793770,a,2.7306101,1.2414234,-1.4748425
1429730806609803986,a,4.2443366,0.5101124,-0.23609644
1429730806629820030,a,4.2066097,-1.9315075,-0.5980889
1429730806649836074,a,3.0962825,-2.334987,-1.4897349
1429730806109548586,a,-2.324059,0.3597909,0.112062305
1429730806129558802,a,-1.743022,0.79441136,-0.066405386
1429730806149569018,a,-2.0118897,2.3847377,0.21133643
1429730806169579234,a,-3.15106,1.7670019,0.45601153
1429730806189589450,a,-2.8950865,1.2321393,-0.3013121
1429730806209599666,a,-2.7596998,1.4397652,-0.24344397
1429730806229609882,a,-2.9482422,1.2255692,0.6331349
1429730806249620098,a,-2.0324473,1.9540687,-0.1469202
1429730806269630314,a,-2.5441368,3.0429494,-1.1655531
1429730806289640530,a,-3.7903614,1.2734003,0.730593
1429730806309650746,a,-4.1608076,-0.843455,1.9396439
1429730806329660962,a,-1.8837686,0.1647262,1.3966042
1429730806349671178,a,-0.8773534,1.9488132,-0.6743189
1429730806369681394,a,-1.6823087,1.9667062,-0.5568841
1429730806389691610,a,-2.36841,-0.2159383,1.3761342
1429730806409701826,a,-0.9283099,0.3261334,1.1203985
1429730806429712042,a,0.7837664,-0.42006597,-0.1689015
1429730806449722258,a,1.3118935,-1.1128635,-1.4449358
1429730806469732474,a,0.8175591,0.07445432,-1.9614105
1429730806489742690,a,0.97361517,0.8033234,-0.68175197
1429730806509752906,a,2.64532,0.012264088,0.2299406
1429730806529763122,a,3.519754,-1.3806525,0.014719367
1429730806549773338,a,2.7180398,-1.4517825,-1.8860012
1429730806569783554,a,1.9397298,0.104207754,-2.539995
1429730806589793770,a,2.7306101,1.2414234,-1.4748425
1429730806609803986,a,4.2443366,0.5101124,-0.23609644
1429730806629820030,a,4.2066097,-1.9315075,-0.5980889
1429730806649836074,a,3.0962825,-2.334987,-1.4897349
0,N,0,0,0
1429730807230301350,a,0.80367076,-0.37506953,1.1600246
1429730807250317394,a,0.96645963,-0.28846794,0.7487953
1429730807270333438,a,0.9786591,-0.0750034,0.32628602
1429730807290349482,a,1.0648557,0.2627846,-0.10227165
1429730807310365526,a,0.8658991,0.4979071,-0.26205087
1429730807330381570,a,-0.08892514,0.32087514,-0.09324844
1429730807350397614,a,-0.36374927,-0.4385734,-0.573088
1429730807370413658,a,0.20431778,-0.5304788,-0.9210555
1429730807390429702,a,0.9350988,-0.21021941,-1.3837094
1429730807410445746,a,1.0044895,0.023810983,-1.5748568
1429730807430461790,a,0.13659392,-0.83770204,-0.8504561
1429730807450477834,a,0.053452883,-1.5552454,-0.3117859
1429730807470493878,a,1.1847849,-1.2293409,0.20556659
1429730807490509922,a,1.8314661,-0.8578521,0.57271016
1429730807510525966,a,0.5453099,-1.5349432,1.0764688
1429730807530542010,a,0.09880942,-2.1021485,0.91675043
1429730807550558054,a,0.68754965,-1.8396711,0.70328724
1429730807570574098,a,1.4649558,-0.8155811,1.3697337
1429730807590590142,a,1.3462902,-1.1429367,1.5722212
1429730807610606186,a,0.6500715,-2.0101569,1.083619
1429730807630624642,a,0.5419597,-1.6752684,0.54434055
1429730807650643098,a,1.0712289,-2.108928,-0.5687817
1429730807670661554,a,2.246949,-1.7984273,-1.1067549
1429730807690680010,a,2.0884767,-1.1452875,-1.5073223
1429730807710698466,a,0.7779657,-1.1368349,-1.0067978
1429730807730716922,a,0.59578514,-2.2888947,-0.19587114
1429730807750735378,a,1.7735056,-1.6830767,-0.17941049
1429730807770753834,a,1.7304145,0.50403774,-0.569191
1429730807790772290,a,0.078735575,-0.35835773,-0.6355166
1429730807810790746,a,-1.0166404,-2.6489463,-0.15755296
1429730807830809202,a,-0.77452767,-2.4716902,-0.2697708
1429730807850827658,a,0.14010625,2.616593,0.4002355
1429730807870846114,a,0.31943822,4.9445186,0.32214582
1429730807890864570,a,-2.2204745,-0.35962954,0.33531433
1429730807910883026,a,-2.521501,-3.1788287,0.66013944
1429730807930901482,a,-2.8846838,-0.39008892,1.0435758
1429730806109548586,a,-2.324059,0.3597909,0.112062305
1429730806129558802,a,-1.743022,0.79441136,-0.066405386
1429730806149569018,a,-2.0118897,2.3847377,0.21133643
1429730806169579234,a,-3.15106,1.7670019,0.45601153
1429730806189589450,a,-2.8950865,1.2321393,-0.3013121
1429730806209599666,a,-2.7596998,1.4397652,-0.24344397
1429730806229609882,a,-2.9482422,1.2255692,0.6331349
1429730806249620098,a,-2.0324473,1.9540687,-0.1469202
1429730806269630314,a,-2.5441368,3.0429494,-1.1655531
1429730806289640530,a,-3.7903614,1.2734003,0.730593
1429730806309650746,a,-4.1608076,-0.843455,1.9396439
1429730806329660962,a,-1.8837686,0.1647262,1.3966042
1429730806349671178,a,-0.8773534,1.9488132,-0.6743189
1429730806369681394,a,-1.6823087,1.9667062,-0.5568841
1429730806389691610,a,-2.36841,-0.2159383,1.3761342
1429730806409701826,a,-0.9283099,0.3261334,1.1203985
1429730806429712042,a,0.7837664,-0.42006597,-0.1689015
1429730806449722258,a,1.3118935,-1.1128635,-1.4449358
1429730806469732474,a,0.8175591,0.07445432,-1.9614105
1429730806489742690,a,0.97361517,0.8033234,-0.68175197
1429730806509752906,a,2.64532,0.012264088,0.2299406
1429730806529763122,a,3.519754,-1.3806525,0.014719367
1429730806549773338,a,2.7180398,-1.4517825,-1.8860012
1429730806569783554,a,1.9397298,0.104207754,-2.539995
1429730806589793770,a,2.7306101,1.2414234,-1.4748425
1429730806609803986,a,4.2443366,0.5101124,-0.23609644
1429730806629820030,a,4.2066097,-1.9315075,-0.5980889
1429730806649836074,a,3.0962825,-2.334987,-1.4897349
1429730809232119334,a,0.54796034,-0.042137176,-0.06025476
1429730809252138418,a,0.08137412,0.1127107,0.835523
1429730807990956850,a,-2.4868138,2.9593573,-1.2083101
1429730808010975306,a,-3.585371,1.481957,-1.6227182
1429730808030993762,a,-4.237633,3.6875393,-0.5630471
1429730808051012218,a,-3.6332924,6.2869143,-0.46217656
1429730808071030674,a,-2.2925231,6.712427,-0.32421696
1429730808091049130,a,-2.1275268,3.4078212,-0.43047452
1429730808111067586,a,-1.6555113,1.7979443,-0.7995923
1429730808131086042,a,-0.54907745,2.3051922,-0.124228716
1429730808151104498,a,-0.42691603,2.632892,-0.28987032
1429730808171122954,a,-0.57190466,2.4331799,-0.76232463
1429730808191141410,a,-0.7492836,2.5877702,-0.9200634
1429730808211159866,a,-0.63153684,3.0680363,-0.3888368
1429730808231178322,a,-0.6063294,2.9835906,-0.13449275
1429730808251196778,a,-0.92346036,3.570431,-0.4091581
1429730808271215234,a,-1.7247505,4.995351,-0.8863485
1429730808291233690,a,-3.0181227,4.429729,1.046987
1429730808311252146,a,-1.7577689,3.128564,1.6205698
1429730808331270602,a,-1.4616463,2.6323729,0.6659498
1429730808351289058,a,-2.143595,3.31805,0.29720557
1429730808371307514,a,-1.8280426,3.0091228,1.0102483
1429730808391325970,a,-1.2774309,2.0069783,2.4741483
1429730808411344426,a,-2.1121974,1.3019208,1.053839
1429730808431362882,a,-2.585632,1.489228,-1.8679771
1429730808451381338,a,-1.8422728,1.1595162,-1.5981693
1429730808471399794,a,0.28154728,0.47006583,-0.665334
1429730808491418250,a,0.9679118,-0.18322557,-0.18821326
1429730808511436706,a,-0.041806553,-0.5730295,-1.3564376
1429730808531455162,a,-0.63474965,0.4255605,-1.3554627
1429730808551473618,a,-0.46892267,-0.41753703,0.026410446
1429730808571492074,a,0.6595695,-2.29409,0.18917572
1429730808591510530,a,1.5943297,-1.0882759,-0.5814283
1429730808611528986,a,1.5254486,0.18496057,-0.9047897
1429730808631547442,a,0.36604056,-1.5804563,-0.08741945
1429730808651565898,a,0.3597659,-3.789898,-0.43372607
1429730808671584982,a,1.4256186,-4.1841216,-0.43022162
1429730808691604066,a,2.1060767,-2.2235372,-0.38618135
1429730808711623150,a,1.7350909,-1.1404893,-0.23617037
1429730808731642234,a,1.2703614,-2.7084448,-0.35543633
1429730808751661318,a,1.4298639,-3.7946544,0.01684165
1429730808771680402,a,2.8633034,-3.0593812,0.64289916
1429730808791699486,a,3.275905,-2.7600684,0.84501463
1429730808811718570,a,2.1417139,-3.3508132,0.795817
1429730808831737654,a,1.2599814,-2.851423,-0.23208088
1429730808851756738,a,1.6970171,-1.3665514,-0.8444649
1429730808871775822,a,2.0903382,-0.68602633,-0.558382
1429730808891794906,a,1.468465,-0.8899758,0.4302575
1429730808911813990,a,0.59515697,-1.0995834,1.0271809
1429730808931833074,a,0.6699662,-0.81304336,1.3290265
1429730808951852158,a,0.76656884,-0.81593394,1.3085699
1429730808971871242,a,0.7095449,-0.8469076,1.0486937
1429730808991890326,a,0.2588652,-0.29714793,0.7148256
1429730809011909410,a,-0.25960895,0.0886106,0.40565294
1429730809031928494,a,-0.19844678,0.013034765,-0.12732947
1429730809051947578,a,0.12070689,-0.26243672,-0.4010325
1429730809071966662,a,-0.12630917,-0.21434265,-0.2815261
1429730809091985746,a,-0.43130368,0.5921133,0.18769595
1429730809112004830,a,-0.40397304,0.40581182,0.031883866
1429730809132023914,a,-0.02670394,0.31391793,-0.35761857
1429730809152042998,a,0.1072689,1.0781316,-2.2897146
1429730809172062082,a,-0.67459965,0.726721,0.91259855
1429730809192081166,a,-0.5383969,0.35355335,2.0794132
1429730809212100250,a,-0.03612818,-0.6610365,0.9192761
1429730807990956850,a,-2.4868138,2.9593573,-1.2083101
1429730808010975306,a,-3.585371,1.481957,-1.6227182
1429730808030993762,a,-4.237633,3.6875393,-0.5630471
1429730808051012218,a,-3.6332924,6.2869143,-0.46217656
1429730808071030674,a,-2.2925231,6.712427,-0.32421696
1429730808091049130,a,-2.1275268,3.4078212,-0.43047452
1429730808111067586,a,-1.6555113,1.7979443,-0.7995923
1429730808131086042,a,-0.54907745,2.3051922,-0.124228716
1429730808151104498,a,-0.42691603,2.632892,-0.28987032
1429730808171122954,a,-0.57190466,2.4331799,-0.76232463
1429730808191141410,a,-0.7492836,2.5877702,-0.9200634
1429730808211159866,a,-0.63153684,3.0680363,-0.3888368
1429730808231178322,a,-0.6063294,2.9835906,-0.13449275
1429730808251196778,a,-0.92346036,3.570431,-0.4091581
1429730808271215234,a,-1.7247505,4.995351,-0.8863485
1429730808291233690,a,-3.0181227,4.429729,1.046987
1429730808311252146,a,-1.7577689,3.128564,1.6205698
1429730808331270602,a,-1.4616463,2.6323729,0.6659498
1429730808351289058,a,-2.143595,3.31805,0.29720557
1429730808371307514,a,-1.8280426,3.0091228,1.0102483
1429730808391325970,a,-1.2774309,2.0069783,2.4741483
1429730808411344426,a,-2.1121974,1.3019208,1.053839
1429730808431362882,a,-2.585632,1.489228,-1.8679771
1429730808451381338,a,-1.8422728,1.1595162,-1.5981693
1429730808471399794,a,0.28154728,0.47006583,-0.665334
1429730808491418250,a,0.9679118,-0.18322557,-0.18821326
1429730808511436706,a,-0.041806553,-0.5730295,-1.3564376
1429730808531455162,a,-0.63474965,0.4255605,-1.3554627
1429730808551473618,a,-0.46892267,-0.41753703,0.026410446
1429730808571492074,a,0.6595695,-2.29409,0.18917572
1429730808591510530,a,1.5943297,-1.0882759,-0.5814283
1429730808611528986,a,1.5254486,0.18496057,-0.9047897
1429730808631547442,a,0.36604056,-1.5804563,-0.08741945
1429730808651565898,a,0.3597659,-3.789898,-0.43372607
1429730808671584982,a,1.4256186,-4.1841216,-0.43022162
1429730808691604066,a,2.1060767,-2.2235372,-0.38618135
1429730808711623150,a,1.7350909,-1.1404893,-0.23617037
1429730808731642234,a,1.2703614,-2.7084448,-0.35543633
1429730808751661318,a,1.4298639,-3.7946544,0.01684165
1429730808771680402,a,2.8633034,-3.0593812,0.64289916
1429730808791699486,a,3.275905,-2.7600684,0.84501463
1429730808811718570,a,2.1417139,-3.3508132,0.795817
1429730808831737654,a,1.2599814,-2.851423,-0.23208088
1429730808851756738,a,1.6970171,-1.3665514,-0.8444649
1429730808871775822,a,2.0903382,-0.68602633,-0.558382
1429730808891794906,a,1.468465,-0.8899758,0.4302575
1429730808911813990,a,0.59515697,-1.0995834,1.0271809
1429730808931833074,a,0.6699662,-0.81304336,1.3290265
1429730808951852158,a,0.76656884,-0.81593394,1.3085699
1429730808971871242,a,0.7095449,-0.8469076,1.0486937
1429730808991890326,a,0.2588652,-0.29714793,0.7148256
1429730809011909410,a,-0.25960895,0.0886106,0.40565294
1429730809031928494,a,-0.19844678,0.013034765,-0.12732947
1429730809051947578,a,0.12070689,-0.26243672,-0.4010325
1429730809071966662,a,-0.12630917,-0.21434265,-0.2815261
1429730809091985746,a,-0.43130368,0.5921133,0.18769595
1429730809112004830,a,-0.40397304,0.40581182,0.031883866
1429730809132023914,a,-0.02670394,0.31391793,-0.35761857
1429730809152042998,a,0.1072689,1.0781316,-2.2897146
1429730809172062082,a,-0.67459965,0.726721,0.91259855
1429730809192081166,a,-0.5383969,0.35355335,2.0794132
1429730809212100250,a,-0.03612818,-0.6610365,0.9192761
1429730809192081166,a,-0.5383969,0.35355335,2.0794132
1429730809212100250,a,-0.03612818,-0.6610365,0.9192761
0,N,0,0,0
1429730809272157502,a,0.20139582,-0.81941533,0.806913
1429730809292176586,a,0.44365788,-0.7262626,0.30148852
1429730809312195670,a,0.32389855,-0.29461712,-0.15148145
1429730809332214754,a,0.36839753,-0.0688742,-0.2544877
1429730809352233838,a,0.28809917,0.027877523,-0.10012378
1429730809372252922,a,0.26595125,-0.13637052,0.1020564
1429730809392272006,a,0.2798146,-0.22873528,-0.18784958
1429730809412291090,a,0.32966328,0.23263659,-0.70234597
1429730809432310174,a,0.1894804,0.5984283,-0.7748358
1429730809452329258,a,0.020951375,0.6388742,-0.10795468
1429730809472348342,a,-0.047970828,0.19920784,0.11462574
1429730809492367426,a,-0.002586776,-0.01887118,-0.11787025
1429730809512386510,a,-0.024504447,0.06504824,-0.61300266
1429730809532405594,a,0.026847836,0.3812917,-0.42579955
1429730809552424678,a,-0.14000484,-0.3530475,-0.14278749
1429730809572443762,a,-0.19868632,-0.63280946,-0.11483673
1429730809592462846,a,-0.02530996,-0.41756392,-0.32574567
1429730809612481930,a,0.14269322,-0.4071477,-0.21425524
1429730809632501014,a,-0.2535783,-0.8084714,0.17058107
1429730809652520098,a,-0.042191505,-1.0297465,0.34963638
1429730809672539182,a,0.037289742,-1.0742828,0.3080766
1429730809692557982,a,-0.0015676115,-1.0334606,0.113931924
1429730809712576782,a,0.19099897,-1.3125414,0.045435816
1429730809732595582,a,0.17223428,-1.569778,-0.1449843
1429730809752614382,a,0.19862588,-1.3984041,0.11535478
1429730809772633182,a,0.09288049,-1.2655443,0.48854733
1429730809792651982,a,0.20437199,-1.5681671,0.2622501
1429730809812670782,a,0.27896032,-1.630903,-0.15344393
1429730809832689582,a,0.23791263,-1.737182,-0.13959053
1429730809852708382,a,0.2733273,-1.8648403,0.10552615
1429730809872727182,a,-0.0355979,-1.5337405,0.32565224
1429730809892745982,a,0.17533071,-2.109343,-0.30728588
1429730809912764782,a,0.6087725,-2.116437,-0.45843938
1429730809932783582,a,0.22682074,-1.4475601,0.058859795
1429730809952802382,a,-0.15159926,-1.5031577,1.0294471
1429730809972821182,a,0.09086638,-2.0954285,0.8399242
1429730809992839982,a,0.4121228,-2.324541,0.37694505
1429730810012858782,a,0.3714956,-1.4018897,0.11991727
1429730810032877582,a,-0.0353401,-0.45894974,0.26334772
1429730810052896382,a,-0.21423571,-0.9490283,0.4468481
1429730810072915182,a,0.14729995,-1.3758845,0.1743063
1429730810092933982,a,0.5364104,-1.3634422,-0.16162579
1429730810112952782,a,0.12624618,-0.87629443,-0.38476783
1429730810132971582,a,-0.5633819,-0.24300824,0.25118002
1429730810152990382,a,-0.6967332,0.21238536,0.57340384
1429730810173009182,a,-0.55981445,0.6487122,0.47142905
1429730810193027982,a,-1.2069961,0.6722011,0.103426404
1429730810213046782,a,-2.4446254,0.1700834,-0.6677847
1429730810233065582,a,-2.519575,2.301884,-0.058044642
1429730810253084382,a,-1.9832027,3.3113265,0.33993548
1429730810273103182,a,-2.6414835,2.468311,0.4905191
1429730810293121982,a,-2.8111486,2.7187886,-0.17278689
1429730810313140782,a,-2.684813,3.137722,-0.5880009
1429730810333159582,a,-2.4675462,3.1732485,-1.2600293
1429730810353178382,a,-2.0020726,3.8908935,-0.76472706
1429730810373197182,a,-1.1678363,5.2202783,0.015295565
1429730810393215982,a,-0.3895068,4.2471485,0.15999076
1429730810413234782,a,-0.2791061,2.5870988,0.103791
1429730810433253582,a,0.014109641,2.4470012,-0.081831336
1429730810453272382,a,0.80714107,3.128671,0.23505381
1429730810473291182,a,0.85262346,2.9206464,0.15008217
1429730810493309982,a,0.3873872,2.2145236,0.12861797
1429730809192081166,a,-0.5383969,0.35355335,2.0794132
1429730809212100250,a,-0.03612818,-0.6610365,0.9192761
1429730810433253582,a,0.014109641,2.4470012,-0.081831336
1429730810453272382,a,0.80714107,3.128671,0.23505381
1429730810473291182,a,0.85262346,2.9206464,0.15008217
1429730810493309982,a,0.3873872,2.2145236,0.12861797
1429730809192081166,a,-0.5383969,0.35355335,2.0794132
1429730809212100250,a,-0.03612818,-0.6610365,0.9192761
1429730810633441582,a,-0.41554135,2.296857,-0.47196224
1429730810653460382,a,-1.0236913,1.6104568,0.42587245
1429730810673479182,a,-0.6313857,0.6197472,0.90341824
1429730810693497982,a,0.09126121,0.029838167,0.6458921
1429730810713516054,a,-0.16538247,-0.021615803,0.42305803
1429730810733534126,a,-0.7967234,0.6707182,-0.07079966
1429730810753552198,a,-1.2681309,1.0246109,-0.7072153
1429730810773570270,a,-0.8253516,0.24015473,-0.24248235
1429730810793588342,a,0.23566106,-0.17433828,0.25015727
1429730810813606414,a,0.0067165624,0.34909555,0.22162728
1429730810833624486,a,-0.8880456,0.9544892,0.009713173
1429730810853642558,a,-1.215383,1.2579029,-0.15522225
1429730810873660630,a,-0.81273425,0.9036745,0.25954288
1429730810893678702,a,-0.11047524,0.28810784,0.32568246
1429730810913696774,a,0.117224894,0.8866345,-0.18175733
1429730810933714846,a,-0.27981138,1.9290518,-0.41758585
1429730810953732918,a,-0.80745286,1.8945808,0.3283928
1429730810973750990,a,-0.8015392,0.58914244,0.45195562
1429730810993769062,a,-0.39397845,-0.025076386,-0.24571298
1429730811013787134,a,-0.34182075,1.1186494,-0.070625156
1429730811033805206,a,-0.7430157,1.6846266,-0.22554389
1429730811053823278,a,-0.83827555,1.494543,-0.39523232
1429730811073841350,a,-0.5877313,0.61640966,-1.1254144
1429730811093859422,a,-0.38476706,0.045451656,-0.55904424
1429730811113877494,a,-0.5927559,0.4488114,-1.1971698
1429730811133895566,a,-0.7340959,0.92803013,-1.1883413
1429730811153913638,a,-0.12809952,-0.9923563,-0.6622404
1429730811173931710,a,0.7398916,-2.5003462,-0.26584283
1429730811193949782,a,1.0538816,-1.9465419,-0.7352567
1429730811213967854,a,0.81548476,-1.8285285,-1.2978332
1429730811233985926,a,0.7186482,-2.475344,-0.35619575
1429730811254003998,a,1.5675061,-4.457085,0.42589808
1429730811274022070,a,2.2192347,-4.0259557,0.8063557
1429730811294040142,a,2.266527,-3.461761,0.9944154
1429730811314058214,a,1.8049144,-3.7914577,0.728014
1429730811334076286,a,1.5049344,-3.353984,0.040367723
1429730811354094358,a,1.6770988,-2.2439475,0.13565266
1429730811374112430,a,1.1881033,-1.2308552,0.15905601
1429730811394130502,a,0.34033725,-0.6824453,0.52987605
1429730811414148574,a,0.7082193,-1.6446092,0.10801947
1429730811434166646,a,1.1714506,-1.4638386,-0.06102395
1429730811454184718,a,0.89123803,-0.6359034,0.15390182
1429730811474202790,a,-0.1458061,0.36736175,0.58830345
1429730811494220862,a,-0.26155832,-0.33669186,0.120787054
1429730811514238934,a,0.09128846,-0.54166734,-0.39840394
1429730811534257006,a,0.29388475,-0.26286277,-0.34263697
1429730811554275078,a,-0.023896858,-0.42653096,0.62381786
1429730811574293150,a,-0.36872652,-0.332546,0.6049827
1429730811594311222,a,-0.3177002,0.13884169,-1.3576458
1429730811614329294,a,-0.05335924,-0.5055896,0.6681297
1429730811634347366,a,-0.03684497,0.18190369,1.8080264
1429730811654365438,a,0.19521837,0.9480996,1.1757523
1429730810433253582,a,0.014109641,2.4470012,-0.081831336
1429730810453272382,a,0.80714107,3.128671,0.23505381
1429730810473291182,a,0.85262346,2.9206464,0.15008217
1429730810493309982,a,0.3873872,2.2145236,0.12861797
1429730809192081166,a,-0.5383969,0.35355335,2.0794132
1429730809212100250,a,-0.03612818,-0.6610365,0.9192761
0,N,0,0,0
1429730811674383510,a,0.4556607,0.3270403,0.13141485
1429730811694401582,a,-4.8174337E-4,0.45644203,0.45468038
1429730811714419654,a,0.08852305,0.48181856,0.51883465
1429730811734430670,a,0.27083194,0.30182838,0.27323884
1429730811754441686,a,0.029650744,0.11503704,0.10705257
1429730811774452702,a,-0.007973615,-0.46594676,-0.11194515
1429730810633441582,a,-0.41554135,2.296857,-0.47196224
1429730810653460382,a,-1.0236913,1.6104568,0.42587245
1429730810673479182,a,-0.6313857,0.6197472,0.90341824
1429730810693497982,a,0.09126121,0.029838167,0.6458921
1429730810713516054,a,-0.16538247,-0.021615803,0.42305803
1429730810733534126,a,-0.7967234,0.6707182,-0.07079966
1429730810753552198,a,-1.2681309,1.0246109,-0.7072153
1429730810773570270,a,-0.8253516,0.24015473,-0.24248235
1429730810793588342,a,0.23566106,-0.17433828,0.25015727
1429730810813606414,a,0.0067165624,0.34909555,0.22162728
1429730810833624486,a,-0.8880456,0.9544892,0.009713173
1429730810853642558,a,-1.215383,1.2579029,-0.15522225
1429730810873660630,a,-0.81273425,0.9036745,0.25954288
1429730810893678702,a,-0.11047524,0.28810784,0.32568246
1429730810913696774,a,0.117224894,0.8866345,-0.18175733
1429730810933714846,a,-0.27981138,1.9290518,-0.41758585
1429730810953732918,a,-0.80745286,1.8945808,0.3283928
1429730810973750990,a,-0.8015392,0.58914244,0.45195562
1429730810993769062,a,-0.39397845,-0.025076386,-0.24571298
1429730811013787134,a,-0.34182075,1.1186494,-0.070625156
1429730811033805206,a,-0.7430157,1.6846266,-0.22554389
1429730811053823278,a,-0.83827555,1.494543,-0.39523232
1429730811073841350,a,-0.5877313,0.61640966,-1.1254144
1429730811093859422,a,-0.38476706,0.045451656,-0.55904424
1429730811113877494,a,-0.5927559,0.4488114,-1.1971698
1429730811133895566,a,-0.7340959,0.92803013,-1.1883413
1429730811153913638,a,-0.12809952,-0.9923563,-0.6622404
1429730811173931710,a,0.7398916,-2.5003462,-0.26584283
1429730811193949782,a,1.0538816,-1.9465419,-0.7352567
1429730811213967854,a,0.81548476,-1.8285285,-1.2978332
1429730811233985926,a,0.7186482,-2.475344,-0.35619575
1429730811254003998,a,1.5675061,-4.457085,0.42589808
1429730811274022070,a,2.2192347,-4.0259557,0.8063557
1429730811294040142,a,2.266527,-3.461761,0.9944154
1429730811314058214,a,1.8049144,-3.7914577,0.728014
1429730811334076286,a,1.5049344,-3.353984,0.040367723
1429730811354094358,a,1.6770988,-2.2439475,0.13565266
1429730811374112430,a,1.1881033,-1.2308552,0.15905601
1429730811394130502,a,0.34033725,-0.6824453,0.52987605
1429730811414148574,a,0.7082193,-1.6446092,0.10801947
1429730811434166646,a,1.1714506,-1.4638386,-0.06102395
1429730811454184718,a,0.89123803,-0.6359034,0.15390182
1429730811474202790,a,-0.1458061,0.36736175,0.58830345
1429730811494220862,a,-0.26155832,-0.33669186,0.120787054
1429730811514238934,a,0.09128846,-0.54166734,-0.39840394
1429730811534257006,a,0.29388475,-0.26286277,-0.34263697
1429730811554275078,a,-0.023896858,-0.42653096,0.62381786
1429730811574293150,a,-0.36872652,-0.332546,0.6049827
1429730811594311222,a,-0.3177002,0.13884169,-1.3576458
1429730811614329294,a,-0.05335924,-0.5055896,0.6681297
1429730811634347366,a,-0.03684497,0.18190369,1.8080264
1429730811654365438,a,0.19521837,0.9480996,1.1757523
1429730810433253582,a,0.014109641,2.4470012,-0.081831336
1429730810453272382,a,0.80714107,3.128671,0.23505381
1429730810473291182,a,0.85262346,2.9206464,0.15008217
1429730810493309982,a,0.3873872,2.2145236,0.12861797
1429730809192081166,a,-0.5383969,0.35355335,2.0794132
1429730809212100250,a,-0.03612818,-0.6610365,0.9192761
1429730811794463718,a,-0.013381869,-0.22650743,-0.37743992
1429730811814474734,a,0.095272295,0.10851715,-0.31761906
1429730811834485750,a,0.24568081,-0.08951671,-0.4204628
1429730811854496766,a,0.21408872,0.08646364,-0.44553366
1429730811874507782,a,0.044657502,0.25191593,-0.4396334
1429730811894518798,a,0.17068027,0.15845342,-0.5495912
1429730811914529814,a,-0.21710709,0.59581447,-0.07616989
1429730811934540830,a,-0.40504777,0.41706795,0.2105977
1429730811954551846,a,-0.07066598,-0.44309595,0.061321013
1429730811974562862,a,-0.021862555,0.08980769,-0.020968016
1429730811994573878,a,-0.08190764,0.46871263,-0.15563108
1429730812014584894,a,-0.077308804,0.40795672,-0.19599628
1429730812034595910,a,-0.097695604,-0.008600295,0.03855202
1429730812054606926,a,-0.08851992,-0.32669023,0.04975926
1429730812074617942,a,-0.01828167,-0.0723187,-0.13040677
1429730812094628958,a,0.033892475,0.4200964,-0.2222991
1429730812114639974,a,0.036483668,0.486092,-0.274545
1429730812134650990,a,-0.026510708,0.2998324,-0.19626625
1429730812154662006,a,-0.014428297,0.32769415,-0.15130764
1429730812174673022,a,0.093033195,0.2737384,-0.3181575
1429730812194684038,a,0.0075703757,0.3582845,-0.21502104
1429730812214695054,a,-0.029523259,0.31538132,-0.17471674
1429730812234706070,a,-0.10992256,0.2970761,-0.13473052
1429730812254717086,a,0.10146935,0.4120417,-0.25616452
1429730812274728102,a,0.06315632,0.3067953,-0.33327615
1429730812294739118,a,-0.0666094,0.2588088,0.41455975
1429730812314750134,a,-0.02476232,-0.12160145,0.38691
1429730812334761150,a,0.2017937,-0.2409071,0.43142834
1429730812354772166,a,0.041200694,0.3587224,0.12354968
1429730812374783182,a,0.001371759,1.0488981,0.22605449
1429730812394794198,a,0.24833621,0.8554176,0.76275766
1429730812414805214,a,0.5606637,-0.055006057,1.3284143
1429730812434816230,a,1.0010495,0.15893114,1.6771823
1429730812454827246,a,1.2446175,0.72165084,2.1570852
1429730812474838262,a,1.5045495,0.6035993,2.931739
1429730812494849278,a,2.097409,0.67117965,3.3554726
1429730812514860294,a,2.93907,0.50080216,3.5417898
1429730812534871310,a,3.2816987,0.3531015,3.1896815
1429730812554882326,a,3.8580067,1.0587351,3.7091482
1429730812574893342,a,4.0041127,1.4987332,4.1196613
1429730812594904358,a,3.3055837,0.0013370514,3.2927804
1429730812614915374,a,2.9340878,-1.160939,2.24942
1429730812634926390,a,3.040831,-0.7298433,1.5294673
1429730812654937406,a,2.8690736,-0.106788754,1.7512991
1429730812674948422,a,2.6167388,-0.1517458,1.7676933
1429730812694959438,a,2.5328176,-1.0109944,0.528397
1429730812714970454,a,2.5247607,-1.071595,-0.58343756
1429730812734981470,a,1.6174996,-1.0577025,1.2731662
1429730812754994738,a,1.3966398,-0.30175123,2.349903
1429730812775008006,a,3.004123,0.39552346,2.6373947
1429730812795021274,a,3.2651215,0.79242885,2.4748874
1429730812815034542,a,1.6927817,0.6141764,2.1730542
1429730812835047810,a,-2.1196678,1.6205626,1.5869819
1429730812855061078,a,-2.1363456,2.2756062,0.20334649
1429730812875074346,a,0.6065621,1.4426453,-1.1731122
1429730812895087614,a,2.0206318,0.89417326,-0.8710762
1429730812915100882,a,1.2622833,0.28154802,-1.0906162
1429730812935114150,a,-0.53909624,-0.43841922,-3.0908744
1429730812955127418,a,-2.9346523,-0.89150196,-4.884632
1429730812975140686,a,-2.3224003,-0.73413604,-5.741102
1429730812995153954,a,-3.3320265,0.21912643,-5.116193
1429730813015167222,a,-3.7715287,0.6959819,-5.915092
1429730813035180490,a,-4.404353,1.1246301,-6.5648108
1429730813055193758,a,-3.7173347,1.9292376,-6.456868
1429730813075207026,a,-2.2532983,1.4104683,-5.417343
1429730813095220294,a,-2.831946,0.61147475,-4.572304
1429730813115233562,a,-4.3375735,0.8731063,-3.7545898
1429730813135246830,a,-3.1621282,0.8124116,-2.7691796
1429730813155260098,a,-2.8777833,0.9762518,-2.5816667
1429730813175273366,a,-3.979092,0.26062542,-3.1128936
1429730813195286634,a,-3.8155143,0.06714315,-2.6769207
1429730813215299902,a,-2.7968705,0.13742149,-1.8770998
1429730813235313170,a,-3.417892,0.24299017,-1.6373338
1429730813255326438,a,-4.336125,-0.2579232,-2.1357727
1429730813275339706,a,-3.898896,-0.63178825,-3.0237947
1429730813295352974,a,-2.4259782,-0.54676664,-2.871255
1429730813315366242,a,-1.8540927,-0.15203515,-1.9302617
1429730813335379510,a,-2.4688525,0.06195857,-2.4202938
1429730813355392778,a,-1.7629023,0.013359427,-2.9457083
1429730813375406046,a,-0.52052796,0.13208835,-2.0669293
1429730813395419314,a,-0.95731866,0.325606,-2.3327718
1429730813415432582,a,-3.0241342,-0.38207126,-3.0471668
1429730813435445850,a,-1.0990216,-1.1136369,-1.7068958
1429730813455459118,a,1.4265667,-0.46186924,-0.40793458
1429730813475472386,a,0.55276513,0.7387696,-1.3996503
1429730813495485654,a,-3.0813365,1.3963159,-0.27463043
1429730813515498922,a,0.13853624,-0.84733206,0.95731544
1429730813535512190,a,1.2382072,-0.44652757,0.8153051
1429730813555525458,a,0.1059764,1.8075985,-0.6759274
1429730813575538726,a,-1.6808639,2.7599318,-1.7777768
1429730813595551994,a,1.789433,0.5685048,-0.35887837
1429730813615565262,a,4.2888336,0.18794137,2.2755516
1429730813635578530,a,3.7483249,3.577222,3.563787
1429730813655591798,a,1.3069329,0.93868816,-0.07593268
1429730813675605066,a,0.6159326,-1.2083614,-0.45264244
1429730813695618334,a,1.7467735,-0.06867367,3.1741395
1429730813715631602,a,3.2646694,-0.14142168,3.9712446
1429730813735644870,a,2.3367095,-0.5823842,2.2356284
1429730813755658138,a,1.418406,0.18167925,1.8973681
1429730813775665990,a,0.45618272,0.16600555,3.6153226
1429730813795673842,a,1.3744749,-0.6083351,3.8637176
1429730813815681694,a,2.3739488,-2.6542068,2.4132133
1429730813835689546,a,2.1233063,-2.7807255,0.9279118
1429730813855697398,a,1.2899184,-1.0611792,1.0079134
1429730813875705250,a,0.76305753,0.31563655,1.6653287
1429730813895713102,a,0.555185,0.26794922,2.4975185
1429730813915720954,a,0.89396346,-0.29111522,1.2120345
1429730813935728806,a,0.59492564,0.8289021,1.100368
1429730813955736658,a,0.89494324,1.3828306,1.2606205
1429730813975744510,a,0.7093154,0.25500306,0.91240525
1429730813995752362,a,0.43342406,-0.4978161,0.84443855
1429730814015760214,a,0.56370986,-0.29425678,0.5074115
1429730814035768066,a,0.64751893,0.24061112,0.36216724
1429730814055775918,a,0.4509733,0.12490541,0.56293553
1429730814075783770,a,0.23865768,-0.2512492,0.3176849
1429730814095791622,a,0.32379082,0.571017,0.5880324
1429730814115799474,a,0.6005016,0.34069887,0.16408324
1429730814135807326,a,0.58304363,2.9694382E-4,0.087999746
1429730814155815178,a,0.20964043,-0.25715804,-0.3974266
1429730814175823030,a,0.18755099,-0.24727479,-0.74951535
1429730814195830882,a,0.019542163,0.10926306,-0.33502442
1429730814215838734,a,-0.36874178,0.3532223,0.63636553
1429730814235846586,a,-0.16705549,-0.19729675,-0.5659776
1429730814255854438,a,0.0031781292,-0.48817897,-0.05303169
1429730814275862290,a,0.08706045,0.02551961,1.7253702
1429730814295870142,a,0.4504109,1.1617007,1.8318433
1429730814315877994,a,0.61326474,-0.08218641,0.32596144
1429730814335885846,a,0.0695914,-0.45182502,0.34539255
1429730813075207026,a,-2.2532983,1.4104683,-5.417343
1429730813095220294,a,-2.831946,0.61147475,-4.572304
1429730813115233562,a,-4.3375735,0.8731063,-3.7545898
1429730813135246830,a,-3.1621282,0.8124116,-2.7691796
1429730813155260098,a,-2.8777833,0.9762518,-2.5816667
1429730813175273366,a,-3.979092,0.26062542,-3.1128936
1429730813195286634,a,-3.8155143,0.06714315,-2.6769207
1429730813215299902,a,-2.7968705,0.13742149,-1.8770998
1429730813235313170,a,-3.417892,0.24299017,-1.6373338
1429730813255326438,a,-4.336125,-0.2579232,-2.1357727
1429730813275339706,a,-3.898896,-0.63178825,-3.0237947
1429730813295352974,a,-2.4259782,-0.54676664,-2.871255
1429730813315366242,a,-1.8540927,-0.15203515,-1.9302617
1429730813335379510,a,-2.4688525,0.06195857,-2.4202938
1429730813355392778,a,-1.7629023,0.013359427,-2.9457083
1429730813375406046,a,-0.52052796,0.13208835,-2.0669293
1429730813395419314,a,-0.95731866,0.325606,-2.3327718
1429730813415432582,a,-3.0241342,-0.38207126,-3.0471668
1429730813435445850,a,-1.0990216,-1.1136369,-1.7068958
1429730813455459118,a,1.4265667,-0.46186924,-0.40793458
1429730813475472386,a,0.55276513,0.7387696,-1.3996503
1429730813495485654,a,-3.0813365,1.3963159,-0.27463043
1429730813515498922,a,0.13853624,-0.84733206,0.95731544
1429730813535512190,a,1.2382072,-0.44652757,0.8153051
1429730813555525458,a,0.1059764,1.8075985,-0.6759274
1429730813575538726,a,-1.6808639,2.7599318,-1.7777768
1429730813595551994,a,1.789433,0.5685048,-0.35887837
1429730813615565262,a,4.2888336,0.18794137,2.2755516
1429730813635578530,a,3.7483249,3.577222,3.563787
1429730813655591798,a,1.3069329,0.93868816,-0.07593268
1429730813675605066,a,0.6159326,-1.2083614,-0.45264244
1429730813695618334,a,1.7467735,-0.06867367,3.1741395
1429730813715631602,a,3.2646694,-0.14142168,3.9712446
1429730813735644870,a,2.3367095,-0.5823842,2.2356284
1429730813755658138,a,1.418406,0.18167925,1.8973681
1429730813775665990,a,0.45618272,0.16600555,3.6153226
1429730813795673842,a,1.3744749,-0.6083351,3.8637176
1429730813815681694,a,2.3739488,-2.6542068,2.4132133
1429730813835689546,a,2.1233063,-2.7807255,0.9279118
1429730813855697398,a,1.2899184,-1.0611792,1.0079134
1429730813875705250,a,0.76305753,0.31563655,1.6653287
1429730813895713102,a,0.555185,0.26794922,2.4975185
1429730813915720954,a,0.89396346,-0.29111522,1.2120345
1429730813935728806,a,0.59492564,0.8289021,1.100368
1429730813955736658,a,0.89494324,1.3828306,1.2606205
1429730813975744510,a,0.7093154,0.25500306,0.91240525
1429730813995752362,a,0.43342406,-0.4978161,0.84443855
1429730814015760214,a,0.56370986,-0.29425678,0.5074115
1429730814035768066,a,0.64751893,0.24061112,0.36216724
1429730814055775918,a,0.4509733,0.12490541,0.56293553
1429730814075783770,a,0.23865768,-0.2512492,0.3176849
1429730814095791622,a,0.32379082,0.571017,0.5880324
1429730814115799474,a,0.6005016,0.34069887,0.16408324
1429730814135807326,a,0.58304363,2.9694382E-4,0.087999746
1429730814155815178,a,0.20964043,-0.25715804,-0.3974266
1429730814175823030,a,0.18755099,-0.24727479,-0.74951535
1429730814195830882,a,0.019542163,0.10926306,-0.33502442
1429730814215838734,a,-0.36874178,0.3532223,0.63636553
1429730814235846586,a,-0.16705549,-0.19729675,-0.5659776
1429730814255854438,a,0.0031781292,-0.48817897,-0.05303169
1429730814275862290,a,0.08706045,0.02551961,1.7253702
1429730814295870142,a,0.4504109,1.1617007,1.8318433
1429730814315877994,a,0.61326474,-0.08218641,0.32596144
1429730814335885846,a,0.0695914,-0.45182502,0.34539255
0,N,0,0,0
1429730814355893698,a,0.19863285,0.3532132,0.91839135
1429730814375901550,a,0.5360735,0.12324573,0.7568943
1429730814395909402,a,0.17746086,-0.16746876,0.45027635
1429730814415917254,a,-0.054921497,-0.053410333,-0.029229583
1429730814435925106,a,0.20136014,0.14271253,-0.3369483
1429730814455932958,a,0.23749721,0.3244974,-0.34783626
1429730814475940810,a,0.17137142,0.7637366,-0.19986087
1429730814495948662,a,-0.036200214,0.46580428,-0.17852582
1429730814515956514,a,-0.21545301,0.06939063,-0.47224188
1429730814535964366,a,-0.11139553,-0.023451298,-0.71417314
1429730814555972218,a,0.0845022,0.036916167,-0.8306063
1429730814575980070,a,0.11366247,0.224725,-0.7037729
1429730814595987922,a,0.17463255,0.23041749,-0.75199807
1429730814615995774,a,0.11086251,-0.08416115,-0.6675159
1429730814636003626,a,-0.062385757,-0.25719088,-0.61605626
1429730814656011478,a,-0.03262156,-0.096205994,-0.5521134
1429730814676019330,a,0.09660162,0.27675298,-0.46678185
1429730814696027182,a,0.05582583,0.42112762,-0.32273948
1429730814716035034,a,-0.2631042,0.2083841,-0.13012493
1429730814736042886,a,-0.09373895,-0.015522949,0.052411117
1429730814756050738,a,0.17505872,0.10254505,0.09961114
1429730814776058590,a,-0.24007788,0.3188779,0.40372956
1429730814796069614,a,-0.3025435,0.43927854,0.3442452
1429730814816080638,a,0.05335602,0.308369,0.08316006
1429730814836091662,a,0.26311272,0.16836789,0.117727414
1429730814856102686,a,-0.066500746,-0.008408237,-0.027172513
1429730814876113710,a,-0.23084116,-0.14311166,-0.101356216
1429730814896124734,a,-0.2877599,-0.15237479,0.0686613
1429730814916135758,a,-0.05980529,-0.41540605,-0.039065972
1429730814936146782,a,0.1299098,-0.35750604,-0.01500348
1429730814956157806,a,0.011264436,-0.3526179,-0.04444161
1429730814976168830,a,-0.09599278,0.07392383,-0.117602326
1429730814996179854,a,-0.0031668993,0.1337501,0.18849123
1429730815016190878,a,0.009408195,0.120544635,0.3321459
1429730815036201902,a,-0.04769077,0.17793016,0.54790884
1429730815056212926,a,-0.016880713,-0.14337312,0.31196234
1429730815076223950,a,-0.04244527,0.18993509,0.19844514
1429730815096234974,a,0.069989644,0.2343076,0.4858221
1429730815116245998,a,0.12310573,-0.038377017,0.51296455
1429730815136257022,a,0.14577928,0.103235215,0.85808104
1429730815156268046,a,0.22016719,0.403556,1.3848313
1429730815176279070,a,0.2730836,0.48146147,1.4468797
1429730815196290094,a,0.3418778,0.37662816,1.7899628
1429730815216301118,a,0.64298457,0.3742597,2.33377
1429730815236312142,a,0.5890115,0.4021083,3.071377
1429730815256323166,a,0.31129825,0.11885834,3.4928117
1429730815276334190,a,0.4115631,-0.48815477,3.1888845
1429730815296345214,a,0.71811557,-0.73518425,3.0628724
1429730815316356238,a,0.9656576,-0.5146457,2.591027
1429730815336367262,a,1.0808746,-0.38898504,2.5937788
1429730815356378286,a,1.0829139,-0.8448063,2.775633
1429730815376389310,a,1.0915018,-0.5711911,3.051917
1429730815396400334,a,1.0376045,0.10325956,3.0016026
1429730815416411358,a,0.7805998,0.27610737,2.6341183
1429730815436422382,a,0.4799255,-1.3414041,2.5893707
1429730815456433406,a,-0.036659837,-2.2132888,3.2138548
1429730815476444430,a,0.5004256,-0.86828756,2.3195605
1429730815496455454,a,1.6413305,0.0895243,1.1195388
1429730815516466478,a,2.0381727,-0.32478523,1.1604588
1429730815536477502,a,1.0876887,-1.0299339,1.2576041
1429730815556488526,a,1.25186,-0.32280573,0.9678219
1429730815576499550,a,1.8615754,0.551732,2.0258605
1429730815596510574,a,2.072538,0.4163559,2.494079
1429730815616521598,a,2.0579698,-0.3970808,2.4887543
1429730815636532622,a,0.9498736,-0.54509455,2.414076
1429730815656543646,a,-0.78160065,0.8716974,-0.11983618
1429730815676554670,a,-0.87310505,1.7055051,-1.6129555
1429730815696565694,a,-0.20514905,1.9217858,-2.2329745
1429730815716576718,a,-0.20516151,2.8393953,-2.0787375
1429730815736587742,a,-0.035391808,2.820591,-2.1416674
1429730815756598766,a,0.023514032,1.6930461,-2.4990244
1429730815776609790,a,-0.35420746,0.7035921,-3.075248
1429730815796622054,a,-0.29635638,0.6621429,-2.9196262
1429730815816634318,a,0.08740467,-0.22293758,-2.8702703
1429730815836646582,a,-0.6475582,-0.22221427,-4.069912
1429730815856658846,a,-1.3272479,-0.13667923,-5.2269497
1429730815876671110,a,-1.2086571,-0.5445849,-5.370383
1429730815896683374,a,-0.949709,-0.14029483,-5.614822
1429730815916695638,a,-0.74516636,0.22265473,-6.049153
1429730815936707902,a,-0.18699944,-0.028749079,-5.581666
1429730815956720166,a,0.11202133,0.16126424,-4.4405847
1429730815976732430,a,0.14774764,0.0058243573,-4.2977576
1429730815996744694,a,0.20295417,-0.8015815,-4.4435425
1429730816016756958,a,-0.15345001,-2.4697337,-3.777112
1429730816036769222,a,0.15262854,-1.5641694,-4.1665874
1429730816056781486,a,0.087179184,-0.23771426,-4.9997244
1429730816076793750,a,0.9872441,0.4019435,-5.375627
1429730816096806014,a,0.75476414,1.8819405,-5.3158
1429730816116818278,a,0.37568712,1.8322349,-6.0724196
1429730816136830542,a,-0.01223278,0.4377596,-6.6218715
1429730816156842806,a,-0.5764221,-0.9663496,-6.7466617
1429730816176855070,a,-0.6833582,-1.5116378,-7.316352
1429730816196867334,a,-1.5317737,-0.38786995,-6.7517433
1429730816216879598,a,-1.1171913,0.15690663,-5.614376
1429730816236891862,a,0.15098691,-1.4510547,-5.3125024
1429730816256904126,a,-0.22910458,-1.7116741,-3.3666983
1429730816276916390,a,0.1566006,-1.3243661,-2.268597
1429730816296928654,a,1.6271663,-0.20538124,-3.6067307
1429730816316940918,a,-0.7977625,2.2485974,-2.553811
1429730816336953182,a,0.068498,2.585099,1.5628297
1429730816356965446,a,4.919523,2.802846,3.2347617
1429730816376977710,a,0.72112054,1.367956,0.14458776
1429730816396989974,a,-1.9869192,0.72300756,2.3499904
1429730816417002238,a,2.4091387,1.3154252,6.949119
1429730816437014502,a,1.9695385,3.25511,6.2066283
1429730816457026766,a,1.0192151,1.3770707,1.9520166
1429730816477039030,a,1.1295013,-0.6610792,2.2750144
1429730816497051294,a,-1.5256547,-0.5409358,3.8639088
1429730816517063558,a,-0.5178069,-0.57786596,4.818501
1429730816537075822,a,-0.09589541,0.24513584,4.585888
1429730816557088086,a,-2.2243772,2.7368994,3.6116822
1429730816577100350,a,-4.5077057,1.597049,6.4882746
1429730816597112614,a,-3.562461,-1.064194,7.8955774
1429730816617124878,a,-1.5197928,-1.3767059,6.7712936
1429730816637137142,a,0.260036,-1.6856836,4.8400517
1429730816657149406,a,0.70859003,-1.9915204,3.703547
1429730816677161670,a,0.91597724,-1.567635,3.6491342
1429730816697173934,a,0.50309205,-1.2329925,2.3402514
1429730816717186198,a,0.428918,-0.67287844,1.0389994
1429730816737198462,a,0.79968107,-0.45270145,0.16011913
1429730816757210726,a,0.41424477,-0.23398463,-0.3587587
1429730816777222990,a,-0.4424822,-0.25050768,-0.91485447
1429730816797241738,a,-0.93122184,-0.47529888,-1.3161765
1429730816817260486,a,-0.8628347,-0.27426016,-1.4580292
1429730816837279234,a,-0.5459783,0.35297877,-1.2346568
1429730816857297982,a,-0.43532065,0.53350914,-1.0124997
1429730816877316730,a,-0.55593455,0.08144927,-1.2781227
1429730816897335478,a,-1.1445504,-0.09879038,-0.37235218
1429730816056781486,a,0.087179184,-0.23771426,-4.9997244
1429730816076793750,a,0.9872441,0.4019435,-5.375627
1429730816096806014,a,0.75476414,1.8819405,-5.3158
1429730816116818278,a,0.37568712,1.8322349,-6.0724196
1429730816136830542,a,-0.01223278,0.4377596,-6.6218715
1429730816156842806,a,-0.5764221,-0.9663496,-6.7466617
1429730816176855070,a,-0.6833582,-1.5116378,-7.316352
1429730816196867334,a,-1.5317737,-0.38786995,-6.7517433
1429730816216879598,a,-1.1171913,0.15690663,-5.614376
1429730816236891862,a,0.15098691,-1.4510547,-5.3125024
1429730816256904126,a,-0.22910458,-1.7116741,-3.3666983
1429730816276916390,a,0.1566006,-1.3243661,-2.268597
1429730816296928654,a,1.6271663,-0.20538124,-3.6067307
1429730816316940918,a,-0.7977625,2.2485974,-2.553811
1429730816336953182,a,0.068498,2.585099,1.5628297
1429730816356965446,a,4.919523,2.802846,3.2347617
1429730816376977710,a,0.72112054,1.367956,0.14458776
1429730816396989974,a,-1.9869192,0.72300756,2.3499904
1429730816417002238,a,2.4091387,1.3154252,6.949119
1429730816437014502,a,1.9695385,3.25511,6.2066283
1429730816457026766,a,1.0192151,1.3770707,1.9520166
1429730816477039030,a,1.1295013,-0.6610792,2.2750144
1429730816497051294,a,-1.5256547,-0.5409358,3.8639088
1429730816517063558,a,-0.5178069,-0.57786596,4.818501
1429730816537075822,a,-0.09589541,0.24513584,4.585888
1429730816557088086,a,-2.2243772,2.7368994,3.6116822
1429730816577100350,a,-4.5077057,1.597049,6.4882746
1429730816597112614,a,-3.562461,-1.064194,7.8955774
1429730816617124878,a,-1.5197928,-1.3767059,6.7712936
1429730816637137142,a,0.260036,-1.6856836,4.8400517
1429730816657149406,a,0.70859003,-1.9915204,3.703547
1429730816677161670,a,0.91597724,-1.567635,3.6491342
1429730816697173934,a,0.50309205,-1.2329925,2.3402514
1429730816717186198,a,0.428918,-0.67287844,1.0389994
1429730816737198462,a,0.79968107,-0.45270145,0.16011913
1429730816757210726,a,0.41424477,-0.23398463,-0.3587587
1429730816777222990,a,-0.4424822,-0.25050768,-0.91485447
1429730816797241738,a,-0.93122184,-0.47529888,-1.3161765
1429730816817260486,a,-0.8628347,-0.27426016,-1.4580292
1429730816837279234,a,-0.5459783,0.35297877,-1.2346568
1429730816857297982,a,-0.43532065,0.53350914,-1.0124997
1429730816877316730,a,-0.55593455,0.08144927,-1.2781227
1429730816897335478,a,-1.1445504,-0.09879038,-0.37235218
1429730816497051294,a,-1.5256547,-0.5409358,3.8639088
1429730816517063558,a,-0.5178069,-0.57786596,4.818501
1429730816537075822,a,-0.09589541,0.24513584,4.585888
1429730816557088086,a,-2.2243772,2.7368994,3.6116822
1429730816577100350,a,-4.5077057,1.597049,6.4882746
1429730816597112614,a,-3.562461,-1.064194,7.8955774
1429730816617124878,a,-1.5197928,-1.3767059,6.7712936
1429730816637137142,a,0.260036,-1.6856836,4.8400517
1429730816657149406,a,0.70859003,-1.9915204,3.703547
1429730816677161670,a,0.91597724,-1.567635,3.6491342
1429730816697173934,a,0.50309205,-1.2329925,2.3402514
1429730816717186198,a,0.428918,-0.67287844,1.0389994
1429730816737198462,a,0.79968107,-0.45270145,0.16011913
1429730816757210726,a,0.41424477,-0.23398463,-0.3587587
1429730816777222990,a,-0.4424822,-0.25050768,-0.91485447
1429730816797241738,a,-0.93122184,-0.47529888,-1.3161765
1429730816817260486,a,-0.8628347,-0.27426016,-1.4580292
1429730816837279234,a,-0.5459783,0.35297877,-1.2346568
1429730816857297982,a,-0.43532065,0.53350914,-1.0124997
1429730816877316730,a,-0.55593455,0.08144927,-1.2781227
1429730816897335478,a,-1.1445504,-0.09879038,-0.37235218
0,N,0,0,0
1429730817337747934,a,-0.067064665,-0.48371077,-0.019451559
1429730817357766682,a,-0.037061736,-0.14374505,0.10429494
1429730817377785430,a,0.3996898,0.8034098,0.2739555
1429730817397804178,a,0.23766498,0.67464626,0.3440109
1429730817417822926,a,-0.14093298,-7.5930916E-4,0.04024944
1429730817437841674,a,0.0023404807,-0.24450041,-0.3687231
1429730817457860422,a,0.3464105,-0.13259347,-0.5217935
1429730817477879170,a,0.36281738,0.1772036,-0.5125627
1429730817497897918,a,-0.20447218,0.3989111,0.07599403
1429730817517916666,a,-0.23782413,0.046161063,0.09567421
1429730817537935414,a,-0.083530724,-0.41426143,-0.15407784
1429730817557954162,a,0.07767842,-0.25463265,-0.2877717
1429730817577972910,a,0.283636,-0.032775372,-0.3330304
1429730817597991658,a,-0.13581164,0.34700906,0.09715043
1429730817618010406,a,-0.40528587,0.5540767,0.32457036
1429730817638029154,a,-0.1289036,-0.16000932,0.006692268
1429730817658047902,a,-0.056000497,-0.4705908,-0.19579095
1429730817678066650,a,0.15485357,0.015587164,-0.044265427
1429730817698085398,a,0.019995589,0.49570936,-0.13364957
1429730817718104146,a,-0.12542775,0.6448486,0.11166109
1429730817738122894,a,0.072612695,0.09692559,0.008115552
1429730817758141642,a,-0.034152538,0.061063122,-0.014902148
1429730817778160390,a,0.030886069,0.18395153,0.070988744
1429730817798179138,a,0.16089773,0.32850277,-0.33230025
1429730817818200542,a,-0.073069796,0.48199764,-0.045243323
1429730817838221946,a,-0.104871355,0.23385209,0.20703284
1429730817858243350,a,0.07024518,-0.02811493,0.38878193
1429730817878264754,a,0.21339656,-0.06802697,0.4109396
1429730817898286158,a,0.3096512,0.09622987,0.32761472
1429730817918307562,a,0.5208905,0.35888517,-0.04060118
1429730817938328966,a,0.5160265,0.603915,0.08975683
1429730817958350370,a,0.5222727,0.34304044,0.20631233
1429730817978371774,a,0.3648029,0.190981,0.38325685
1429730817998393178,a,0.34064558,0.44788077,0.10941174
1429730818018414582,a,0.5738421,0.7135879,0.17347255
1429730818038435986,a,0.7129557,0.74721193,0.3751383
1429730818058457390,a,0.80219585,0.7870964,0.5130983
1429730818078478794,a,0.8807647,0.92894894,0.71388936
1429730818098500198,a,0.98454326,1.4634557,1.154145
1429730818118521602,a,1.2752744,2.0410788,1.64674
1429730818138543006,a,1.5592628,2.31851,1.9678488
1429730818158564410,a,1.9120785,2.0530465,1.9750772
1429730818178585814,a,2.1999147,1.5187075,1.8266277
1429730816497051294,a,-1.5256547,-0.5409358,3.8639088
1429730816517063558,a,-0.5178069,-0.57786596,4.818501
1429730816537075822,a,-0.09589541,0.24513584,4.585888
1429730816557088086,a,-2.2243772,2.7368994,3.6116822
1429730816577100350,a,-4.5077057,1.597049,6.4882746
1429730816597112614,a,-3.562461,-1.064194,7.8955774
1429730816617124878,a,-1.5197928,-1.3767059,6.7712936
1429730816637137142,a,0.260036,-1.6856836,4.8400517
1429730816657149406,a,0.70859003,-1.9915204,3.703547
1429730816677161670,a,0.91597724,-1.567635,3.6491342
1429730816697173934,a,0.50309205,-1.2329925,2.3402514
1429730816717186198,a,0.428918,-0.67287844,1.0389994
1429730816737198462,a,0.79968107,-0.45270145,0.16011913
1429730816757210726,a,0.41424477,-0.23398463,-0.3587587
1429730816777222990,a,-0.4424822,-0.25050768,-0.91485447
1429730816797241738,a,-0.93122184,-0.47529888,-1.3161765
1429730816817260486,a,-0.8628347,-0.27426016,-1.4580292
1429730816837279234,a,-0.5459783,0.35297877,-1.2346568
1429730816857297982,a,-0.43532065,0.53350914,-1.0124997
1429730816877316730,a,-0.55593455,0.08144927,-1.2781227
1429730816897335478,a,-1.1445504,-0.09879038,-0.37235218
1429730819479999514,a,2.2120824,3.0396106,2.4267416
1429730818218628622,a,1.2816437,1.9944565,1.5416063
1429730818238650026,a,1.7375125,1.8257377,1.7238424
1429730818258671430,a,1.6493214,1.198642,1.766658
1429730818278692834,a,1.0777572,0.7098001,1.3811224
1429730818298714238,a,0.6049152,1.4865826,0.8737579
1429730818318735642,a,1.4022579,2.3680396,0.44502884
1429730818338757046,a,2.495286,2.2644653,0.36542207
1429730818358778450,a,2.2172155,1.5775406,-0.5352898
1429730818378799854,a,0.092144325,1.8800044,-0.4491167
1429730818398821258,a,-0.48700368,3.3937857,0.18569255
1429730818418842662,a,0.51696193,2.9433634,1.0594178
1429730818438864066,a,0.42345747,1.2142303,0.04543078
1429730818458885470,a,-1.2201147,0.9066025,-0.49608752
1429730818478906874,a,-0.95819175,2.0819292,0.24099898
1429730818498928278,a,-0.65477985,2.1965275,1.7974796
1429730818518949682,a,-1.193339,0.4405383,2.1403396
1429730818538971086,a,-2.021114,0.022139251,0.7426033
1429730818558992490,a,-1.0472836,1.4791503,-0.5440361
1429730818579013894,a,0.3451348,1.6757337,-0.3291058
1429730818599035298,a,0.7843332,-0.37383065,0.04758281
1429730818619056702,a,-0.39361167,-2.9002285,-0.45595872
1429730818639078106,a,-1.6035454,-2.1689718,-2.4365745
1429730818659099510,a,-1.3408405,-0.31012928,-3.376491
1429730818679120914,a,-0.67501223,-1.7509999,-2.8071468
1429730818699142318,a,-1.1813824,-4.6699286,-2.9457982
1429730818719163722,a,-2.745266,-6.2874956,-4.2575345
1429730818739185126,a,-2.8386822,-5.37953,-4.92389
1429730818759206530,a,-1.8891208,-4.4044127,-4.4221497
1429730818779227934,a,-2.27159,-5.293974,-3.6953468
1429730818799249338,a,-2.7402046,-5.9764457,-3.2135324
1429730818819271402,a,-2.429526,-4.8035336,-2.222436
1429730818839293466,a,-1.9371878,-3.2635422,-2.6364422
1429730818859315530,a,-1.9518657,-3.161361,-2.28933
1429730818879337594,a,-1.4079452,-3.5627186,-1.6035404
1429730818899359658,a,-0.8991748,-3.784684,-0.4441567
1429730818919381722,a,-0.883752,-3.562043,0.011177361
1429730818939403786,a,-1.4131356,-3.1184998,-0.5238751
1429730818959425850,a,-1.5499768,-3.1656609,-0.48837745
1429730818979447914,a,-1.3594916,-3.4571624,-0.11378485
1429730818999469978,a,-1.4155419,-3.1975977,0.07281667
1429730819019492042,a,-2.0435321,-3.0968199,-0.02154386
1429730819039514106,a,-2.2664995,-3.609396,-0.7051538
1429730819059536170,a,-1.8775537,-3.414265,-1.094154
1429730819079558234,a,-0.7490187,-2.2267623,-0.67096925
1429730819099580298,a,0.13288292,-1.1775509,0.06951833
1429730819119602362,a,-1.064522,-1.4099336,0.0635497
1429730819139624426,a,-1.9449248,-1.6860517,-2.5172253
1429730819159646490,a,-0.67901725,-0.027575672,-2.1101978
1429730819179668554,a,1.3627304,1.6800975,-1.1220798
1429730819199690618,a,0.5171881,1.96193,-1.8466188
1429730819219712682,a,-2.1868896,-0.7362409,-1.3916901
1429730819239734746,a,-1.5925655,1.1740994,-1.4431703
1429730819259756810,a,0.8462638,3.5604854,-1.0817235
1429730819279778874,a,1.2935526,2.5856895,-1.8741038
1429730819299800938,a,-0.44850904,-0.40222883,-2.1207705
1429730819319823002,a,-2.0768275,0.15482068,-3.1066043
1429730819339845066,a,-0.0634048,5.142881,-1.688715
1429730819359867130,a,1.4220033,6.153626,1.8383164
1429730819379889194,a,-0.3448375,2.625795,0.99105024
1429730819399911258,a,-1.8804641,1.7965069,0.36582345
1429730819419933322,a,-0.51040864,4.7022243,1.4500339
1429730819439955386,a,2.3730721,4.190513,2.717213
1429730819459977450,a,3.1851723,2.080113,1.6202234
1429730818979447914,a,-1.3594916,-3.4571624,-0.11378485
1429730818999469978,a,-1.4155419,-3.1975977,0.07281667
1429730819019492042,a,-2.0435321,-3.0968199,-0.02154386
1429730819039514106,a,-2.2664995,-3.609396,-0.7051538
1429730819059536170,a,-1.8775537,-3.414265,-1.094154
1429730819079558234,a,-0.7490187,-2.2267623,-0.67096925
1429730819099580298,a,0.13288292,-1.1775509,0.06951833
1429730819119602362,a,-1.064522,-1.4099336,0.0635497
1429730819139624426,a,-1.9449248,-1.6860517,-2.5172253
1429730819159646490,a,-0.67901725,-0.027575672,-2.1101978
1429730819179668554,a,1.3627304,1.6800975,-1.1220798
1429730819199690618,a,0.5171881,1.96193,-1.8466188
1429730819219712682,a,-2.1868896,-0.7362409,-1.3916901
1429730819239734746,a,-1.5925655,1.1740994,-1.4431703
1429730819259756810,a,0.8462638,3.5604854,-1.0817235
1429730819279778874,a,1.2935526,2.5856895,-1.8741038
1429730819299800938,a,-0.44850904,-0.40222883,-2.1207705
1429730819319823002,a,-2.0768275,0.15482068,-3.1066043
1429730819339845066,a,-0.0634048,5.142881,-1.688715
1429730819359867130,a,1.4220033,6.153626,1.8383164
1429730819379889194,a,-0.3448375,2.625795,0.99105024
1429730819399911258,a,-1.8804641,1.7965069,0.36582345
1429730819419933322,a,-0.51040864,4.7022243,1.4500339
1429730819439955386,a,2.3730721,4.190513,2.717213
1429730819459977450,a,3.1851723,2.080113,1.6202234
1429730819980548594,a,0.12843661,-0.019227773,-0.35104415
1429730820000570298,a,0.3728192,0.36702722,-0.48522258
1429730820020592002,a,0.17030898,0.22832416,-0.70055383
1429730820040613706,a,0.1328825,-0.08039875,-0.6390104
1429730820060635410,a,0.105481684,0.022308402,-0.20029932
1429730820080657114,a,0.11624765,0.044462174,0.08028499
1429730820100678818,a,-0.10228503,0.07297984,0.59596694
1429730820120700522,a,0.15046301,0.3922732,-1.0616716
1429730820140722226,a,0.036069866,-0.7714198,1.1281812
1429730820160743930,a,-0.044640437,0.38971573,2.3289623
1429730820180765634,a,0.59715533,0.3750968,1.2945627
1429730820200787338,a,0.19176546,-0.056501977,0.062020086
1429730820220809042,a,-0.21261579,-0.2260842,-0.17619014
1429730820240830746,a,-0.10155621,-0.07308334,0.12775755
1429730818979447914,a,-1.3594916,-3.4571624,-0.11378485
1429730818999469978,a,-1.4155419,-3.1975977,0.07281667
1429730819019492042,a,-2.0435321,-3.0968199,-0.02154386
1429730819039514106,a,-2.2664995,-3.609396,-0.7051538
1429730819059536170,a,-1.8775537,-3.414265,-1.094154
1429730819079558234,a,-0.7490187,-2.2267623,-0.67096925
1429730819099580298,a,0.13288292,-1.1775509,0.06951833
1429730819119602362,a,-1.064522,-1.4099336,0.0635497
1429730819139624426,a,-1.9449248,-1.6860517,-2.5172253
1429730819159646490,a,-0.67901725,-0.027575672,-2.1101978
1429730819179668554,a,1.3627304,1.6800975,-1.1220798
1429730819199690618,a,0.5171881,1.96193,-1.8466188
1429730819219712682,a,-2.1868896,-0.7362409,-1.3916901
1429730819239734746,a,-1.5925655,1.1740994,-1.4431703
1429730819259756810,a,0.8462638,3.5604854,-1.0817235
1429730819279778874,a,1.2935526,2.5856895,-1.8741038
1429730819299800938,a,-0.44850904,-0.40222883,-2.1207705
1429730819319823002,a,-2.0768275,0.15482068,-3.1066043
1429730819339845066,a,-0.0634048,5.142881,-1.688715
1429730819359867130,a,1.4220033,6.153626,1.8383164
1429730819379889194,a,-0.3448375,2.625795,0.99105024
1429730819399911258,a,-1.8804641,1.7965069,0.36582345
1429730819419933322,a,-0.51040864,4.7022243,1.4500339
1429730819439955386,a,2.3730721,4.190513,2.717213
1429730819459977450,a,3.1851723,2.080113,1.6202234
0,N,0,0,0
1429730820260852450,a,-0.22442864,0.05328465,0.1469993
1429730820280874154,a,-0.26976806,0.34040186,0.34780478
1429730820300895858,a,0.119710095,0.22724757,-0.14165832
1429730820320917562,a,0.09229215,0.03723517,-0.4408407
1429730820340939266,a,-0.46822077,-0.039330408,-0.31365782
1429730820360960970,a,-0.5620983,0.475709,0.012983128
1429730820380982674,a,-0.28004748,0.6098758,-0.00878045
1429730820401004378,a,-0.1267128,0.1408402,-0.5167403
1429730820421026082,a,-0.14467871,-0.018839404,-0.46794653
1429730820441047786,a,0.104928486,0.13230048,-0.33466578
1429730820461069490,a,0.24871904,0.58838886,-0.42354077
1429730820481091194,a,0.27579418,0.25914472,-0.46185577
1429730820501112898,a,0.1485685,-0.32706267,-0.34123856
1429730820521134602,a,-0.2335929,-0.37593162,-0.03871438
1429730820541156306,a,-0.16825297,0.06962593,0.3458848
1429730820561178010,a,-0.083456464,-0.028429903,0.26894727
1429730820581199714,a,-0.28952852,-0.21906409,0.05620563
1429730820601221418,a,0.0062736054,-0.36975157,-0.03539169
1429730820621243122,a,-0.026269808,-0.08389974,0.10334969
1429730820641264826,a,-0.14614251,0.005937701,-0.03484615
1429730820661286530,a,-0.05664326,-0.089936405,-0.22406438
1429730820681308234,a,-0.03036864,-0.06812741,0.010856479
1429730820701329938,a,-0.008866848,-0.14155826,0.13907705
1429730820721351642,a,-0.117980264,-0.059684396,0.030270267
1429730820741373346,a,-0.12795936,0.019492153,-0.10835366
1429730819980548594,a,0.12843661,-0.019227773,-0.35104415
1429730820000570298,a,0.3728192,0.36702722,-0.48522258
1429730820020592002,a,0.17030898,0.22832416,-0.70055383
1429730820040613706,a,0.1328825,-0.08039875,-0.6390104
1429730820060635410,a,0.105481684,0.022308402,-0.20029932
1429730820080657114,a,0.11624765,0.044462174,0.08028499
1429730820100678818,a,-0.10228503,0.07297984,0.59596694
1429730820120700522,a,0.15046301,0.3922732,-1.0616716
1429730820140722226,a,0.036069866,-0.7714198,1.1281812
1429730820160743930,a,-0.044640437,0.38971573,2.3289623
1429730820180765634,a,0.59715533,0.3750968,1.2945627
1429730820200787338,a,0.19176546,-0.056501977,0.062020086
1429730820220809042,a,-0.21261579,-0.2260842,-0.17619014
1429730820240830746,a,-0.10155621,-0.07308334,0.12775755
1429730818979447914,a,-1.3594916,-3.4571624,-0.11378485
1429730818999469978,a,-1.4155419,-3.1975977,0.07281667
1429730819019492042,a,-2.0435321,-3.0968199,-0.02154386
1429730819039514106,a,-2.2664995,-3.609396,-0.7051538
1429730819059536170,a,-1.8775537,-3.414265,-1.094154
1429730819079558234,a,-0.7490187,-2.2267623,-0.67096925
1429730819099580298,a,0.13288292,-1.1775509,0.06951833
1429730819119602362,a,-1.064522,-1.4099336,0.0635497
1429730819139624426,a,-1.9449248,-1.6860517,-2.5172253
1429730819159646490,a,-0.67901725,-0.027575672,-2.1101978
1429730819179668554,a,1.3627304,1.6800975,-1.1220798
1429730819199690618,a,0.5171881,1.96193,-1.8466188
1429730819219712682,a,-2.1868896,-0.7362409,-1.3916901
1429730819239734746,a,-1.5925655,1.1740994,-1.4431703
1429730819259756810,a,0.8462638,3.5604854,-1.0817235
1429730819279778874,a,1.2935526,2.5856895,-1.8741038
1429730819299800938,a,-0.44850904,-0.40222883,-2.1207705
1429730819319823002,a,-2.0768275,0.15482068,-3.1066043
1429730819339845066,a,-0.0634048,5.142881,-1.688715
1429730819359867130,a,1.4220033,6.153626,1.8383164
1429730819379889194,a,-0.3448375,2.625795,0.99105024
1429730819399911258,a,-1.8804641,1.7965069,0.36582345
1429730819419933322,a,-0.51040864,4.7022243,1.4500339
1429730819439955386,a,2.3730721,4.190513,2.717213
1429730819459977450,a,3.1851723,2.080113,1.6202234
1429730820761395050,a,-0.018236803,0.11355284,-0.05550638
1429730820781416754,a,-0.064477056,0.34222072,0.06312922
1429730820801438458,a,0.00856856,0.2543525,0.13639641
1429730820821460162,a,-0.1525313,0.14628708,0.039341204
1429730820841481866,a,-0.190105,0.21067823,-0.008926906
1429730820861503570,a,-0.2089727,0.25622198,-0.18471846
1429730820881524418,a,-0.060335495,0.22674532,-0.14435406
1429730820901545266,a,-0.15119763,0.15249424,-0.034651525
1429730820921566114,a,-0.14499335,0.19119647,0.06794353
1429730820941586962,a,-0.059242286,0.053667165,-0.3097435
1429730820961607810,a,-0.018233985,0.10875283,-0.029238794
1429730820981628658,a,0.022479588,0.19751345,-0.17910922
1429730821001649506,a,0.092645794,0.06445788,0.0346417
1429730821021670354,a,-0.11361195,0.10631644,-0.028504334
1429730821041691202,a,-0.18795434,0.16915813,0.19991496
1429730821061712050,a,-0.15681174,0.07373553,0.05004551
1429730821081732898,a,-0.13645333,0.05042079,0.07494222
1429730821101753746,a,-0.027279522,0.015032187,-0.070271485
1429730821121774594,a,-0.014622354,-0.08506944,-0.026247729
1429730821141795442,a,-0.1906091,-0.0828841,-0.30119836
1429730821161816290,a,-0.15723279,0.022661947,-0.18922348
1429730821181837138,a,-0.039646428,-0.08935176,-0.15721835
1429730821201857986,a,0.0063819527,0.06705811,0.08406014
1429730821221878834,a,-0.036060758,0.040101666,0.10519317
1429730821241899682,a,-0.17290448,0.09081401,0.2389045
1429730821261920530,a,-0.15803705,0.10118814,-0.0052764267
1429730821281941378,a,-0.102568336,0.0036392128,-0.02088093
1429730821301962226,a,-0.07313427,0.09558447,0.012200389
1429730821321983074,a,-0.00579692,0.057097025,0.077010065
1429730821342003922,a,-0.112723775,0.08611755,0.08805586
1429730821362024770,a,-0.03376123,0.010604922,0.01263967
1429730821382045618,a,-0.04523176,0.09245012,-0.051017687
1429730821402066466,a,0.011389929,0.15927587,0.052871007
1429730821422087314,a,-0.06848311,0.05309776,0.0642695
1429730821442108162,a,-0.08930584,0.07219293,-0.0067025647
1429730821462129010,a,0.0016205297,0.029086461,0.061092332
1429730821482149858,a,0.09008402,0.046992417,0.10546276
1429730821502170706,a,-0.093393125,0.14687817,0.29750076
1429730821522191554,a,-0.13375959,0.10241392,0.53257644
1429730821542212402,a,-0.21141584,-0.012850761,0.76106536
1429730821562233250,a,-0.18344335,0.09524429,0.98052984
1429730821582254098,a,0.18321098,-0.030971766,1.1738313
1429730821602274946,a,0.21973193,-0.27781627,1.4878724
1429730821622295794,a,0.06838923,-0.52214336,2.0499296
1429730821642316642,a,0.25144845,-0.84233814,2.014509
1429730821662337490,a,0.87145907,-1.3916869,2.0201828
1429730821682358338,a,1.2619319,-1.9231927,2.683147
1429730821702379186,a,1.0210271,-2.0521767,3.1386414
1429730821722400034,a,0.9113032,-1.963984,3.3577652
1429730821742420882,a,1.2925572,-2.7726407,3.7818115
1429730821762441730,a,1.3919717,-3.7068484,3.9554486
1429730821782462578,a,0.66750455,-4.6565447,4.059615
1429730821802483426,a,-0.102785945,-4.7206783,4.584409
1429730821822504274,a,-0.30193412,-2.8083737,5.0741673
1429730821842525122,a,-0.3742106,-1.5911893,4.9916553
1429730821862545970,a,-0.20673478,-2.2054594,4.365638
1429730821882566818,a,0.30427623,-1.627423,3.1424546
1429730821902586590,a,1.6600431,-0.95348537,1.8867267
1429730821922606362,a,2.2990122,-2.0126228,1.9277517
1429730821942626134,a,2.3619084,-2.8641534,2.4155955
1429730821962645906,a,2.1563497,-2.6940584,2.611131
1429730821982665678,a,1.4494056,-1.9433663,1.5874062
1429730822002685450,a,0.7819139,-1.4719574,-0.048399985
1429730822022705222,a,0.23985821,-1.1931835,-1.8737018
1429730822042724994,a,0.5248097,-0.30114433,-3.438618
1429730822062744766,a,0.5008955,0.70576173,-4.645156
1429730822082764538,a,0.29672015,1.9466689,-5.897403
1429730822102784310,a,-0.24136877,2.5618567,-7.3142977
1429730822122804082,a,-2.205343,4.0845156,-9.426872
1429730822142823854,a,-2.9491913,5.948747,-11.786122
1429730822162843626,a,-3.5819583,11.28671,-11.429943
1429730822182863398,a,-1.7740588,11.137614,-10.085037
1429730822202883170,a,-0.04883623,6.284078,-6.656799
1429730822222902942,a,2.2310684,2.4289248,-2.7776766
1429730822242922714,a,4.511709,1.5087775,0.27142513
1429730822262942486,a,2.1857488,1.7085664,0.3312112
1429730822282962258,a,1.1336981,0.46614683,-1.3471532
1429730822302982030,a,2.3149018,0.7117478,-0.7006419
1429730822323001802,a,0.4627651,0.19021636,-1.7836157
1429730822343021574,a,-1.8542982,0.126582,-1.93343
1429730822363041346,a,-1.4470842,0.16979712,-1.2717816
1429730822383061118,a,1.0231787,1.390306,-1.0442328
1429730822403080890,a,1.5481234,2.4695997,-1.4253473
1429730822423100662,a,1.0396898,2.3246372,-1.966836
1429730822443120434,a,0.71055955,1.3721116,-2.2496324
1429730822463140206,a,1.1118574,1.1525207,-2.2737494
1429730822483159978,a,2.2928038,2.8234215,-3.83706
1429730822503179750,a,1.8103895,4.088679,-4.614537
1429730822523199522,a,-1.2635678,3.4746246,-4.313281
1429730822543219294,a,-2.5997355,2.1496935,-3.3304133
1429730822563239066,a,-0.908293,2.076704,-3.867711
1429730822583258838,a,-0.94650817,2.907001,-4.5678043
1429730822603278610,a,-2.256455,2.131893,-4.3298573
1429730822623298382,a,-0.80516493,0.9478135,-3.4284518
1429730822643318154,a,0.73373836,0.5465337,-2.4227602
1429730822663337926,a,-0.025991663,0.7012257,-0.3820694
1429730822683357698,a,0.8228246,-0.45634207,-2.1833327
1429730822703377470,a,-0.59040606,-1.1233591,-3.399981
1429730822723397242,a,-2.588644,-2.0864441,-1.7561011
1429730822743417014,a,-3.0216527,-1.9225384,1.5951127
1429730822763436786,a,-0.3965976,-1.5568486,1.3071904
1429730822783456558,a,-0.49582905,-1.5318754,-0.2400864
1429730822803476330,a,-2.7499006,-1.1637853,1.4939067
1429730822823496102,a,-2.2704418,-0.13968974,1.8283904
1429730822843515874,a,-1.370255,1.2450879,1.7495958
1429730822863535646,a,-0.8583663,1.5586412,1.6738037
1429730822883555418,a,-0.7590461,1.5783659,2.5071013
1429730822903575190,a,-1.7900584,3.5787945,5.3931437
1429730822923594962,a,-0.8803765,2.5153794,4.814682
1429730822943607570,a,1.080519,-1.1084304,3.2304225
1429730822963620178,a,2.7659957,-2.6925395,2.2895677
1429730822983632786,a,2.3946722,-1.4747307,4.249822
1429730823003645394,a,-0.83748066,-0.40851545,5.967819
1429730823023658002,a,0.028598102,-3.136424,3.5053928
1429730823043670610,a,1.1275606,-5.126149,2.7319105
1429730823063683218,a,1.0012864,-4.7010717,3.840837
1429730823083695826,a,-0.59239507,-3.150652,4.000142
1429730823103708434,a,-0.64678824,-3.133516,2.960905
1429730823123721042,a,-0.16083762,-3.8049512,1.2359756
1429730823143733650,a,-0.3730762,-2.7540421,1.0400822
1429730823163746258,a,-0.52107406,-1.8111141,0.76890314
1429730823183758866,a,-0.34409383,-1.6945581,-0.10186958
1429730823203771474,a,-0.113279834,-1.5783355,-0.7593773
1429730823223784082,a,0.03635352,-0.91459626,-0.2734048
1429730823243796690,a,0.22278342,0.023986474,-0.24115139
1429730823263809298,a,-0.10197672,0.38964275,0.09385494
1429730823283821906,a,-0.1492979,0.73898876,-0.0048695505
1429730823303834514,a,0.023813132,0.9571477,0.104014486
1429730822483159978,a,2.2928038,2.8234215,-3.83706
1429730822503179750,a,1.8103895,4.088679,-4.614537
1429730822523199522,a,-1.2635678,3.4746246,-4.313281
1429730822543219294,a,-2.5997355,2.1496935,-3.3304133
1429730822563239066,a,-0.908293,2.076704,-3.867711
1429730822583258838,a,-0.94650817,2.907001,-4.5678043
1429730822603278610,a,-2.256455,2.131893,-4.3298573
1429730822623298382,a,-0.80516493,0.9478135,-3.4284518
1429730822643318154,a,0.73373836,0.5465337,-2.4227602
1429730822663337926,a,-0.025991663,0.7012257,-0.3820694
1429730822683357698,a,0.8228246,-0.45634207,-2.1833327
1429730822703377470,a,-0.59040606,-1.1233591,-3.399981
1429730822723397242,a,-2.588644,-2.0864441,-1.7561011
1429730822743417014,a,-3.0216527,-1.9225384,1.5951127
1429730822763436786,a,-0.3965976,-1.5568486,1.3071904
1429730822783456558,a,-0.49582905,-1.5318754,-0.2400864
1429730822803476330,a,-2.7499006,-1.1637853,1.4939067
1429730822823496102,a,-2.2704418,-0.13968974,1.8283904
1429730822843515874,a,-1.370255,1.2450879,1.7495958
1429730822863535646,a,-0.8583663,1.5586412,1.6738037
1429730822883555418,a,-0.7590461,1.5783659,2.5071013
1429730822903575190,a,-1.7900584,3.5787945,5.3931437
1429730822923594962,a,-0.8803765,2.5153794,4.814682
1429730822943607570,a,1.080519,-1.1084304,3.2304225
1429730822963620178,a,2.7659957,-2.6925395,2.2895677
1429730822983632786,a,2.3946722,-1.4747307,4.249822
1429730823003645394,a,-0.83748066,-0.40851545,5.967819
1429730823023658002,a,0.028598102,-3.136424,3.5053928
1429730823043670610,a,1.1275606,-5.126149,2.7319105
1429730823063683218,a,1.0012864,-4.7010717,3.840837
1429730823083695826,a,-0.59239507,-3.150652,4.000142
1429730823103708434,a,-0.64678824,-3.133516,2.960905
1429730823123721042,a,-0.16083762,-3.8049512,1.2359756
1429730823143733650,a,-0.3730762,-2.7540421,1.0400822
1429730823163746258,a,-0.52107406,-1.8111141,0.76890314
1429730823183758866,a,-0.34409383,-1.6945581,-0.10186958
1429730823203771474,a,-0.113279834,-1.5783355,-0.7593773
1429730823223784082,a,0.03635352,-0.91459626,-0.2734048
1429730823243796690,a,0.22278342,0.023986474,-0.24115139
1429730823263809298,a,-0.10197672,0.38964275,0.09385494
1429730823283821906,a,-0.1492979,0.73898876,-0.0048695505
1429730823303834514,a,0.023813132,0.9571477,0.104014486
1429730822883555418,a,-0.7590461,1.5783659,2.5071013
1429730822903575190,a,-1.7900584,3.5787945,5.3931437
1429730822923594962,a,-0.8803765,2.5153794,4.814682
1429730822943607570,a,1.080519,-1.1084304,3.2304225
1429730822963620178,a,2.7659957,-2.6925395,2.2895677
1429730822983632786,a,2.3946722,-1.4747307,4.249822
1429730823003645394,a,-0.83748066,-0.40851545,5.967819
1429730823023658002,a,0.028598102,-3.136424,3.5053928
1429730823043670610,a,1.1275606,-5.126149,2.7319105
1429730823063683218,a,1.0012864,-4.7010717,3.840837
1429730823083695826,a,-0.59239507,-3.150652,4.000142
1429730823103708434,a,-0.64678824,-3.133516,2.960905
1429730823123721042,a,-0.16083762,-3.8049512,1.2359756
1429730823143733650,a,-0.3730762,-2.7540421,1.0400822
1429730823163746258,a,-0.52107406,-1.8111141,0.76890314
1429730823183758866,a,-0.34409383,-1.6945581,-0.10186958
1429730823203771474,a,-0.113279834,-1.5783355,-0.7593773
1429730823223784082,a,0.03635352,-0.91459626,-0.2734048
1429730823243796690,a,0.22278342,0.023986474,-0.24115139
1429730823263809298,a,-0.10197672,0.38964275,0.09385494
1429730823283821906,a,-0.1492979,0.73898876,-0.0048695505
1429730823303834514,a,0.023813132,0.9571477,0.104014486
