1424922402216,r,-0.43721008,0.16731262,-0.18856812
1424922402219,a,0.6127353,0.06323874,-0.43297577
1424922402237,r,-0.4532318,0.10322571,-0.3071289
1424922402239,a,0.45259458,0.20783412,0.034841537
1424922402256,r,-0.42546082,0.13847351,-0.35946655
1424922402258,a,-0.22007279,0.21077204,0.8991518
1424922402276,r,-0.22892761,0.08079529,-0.2569275
1424922402278,a,-0.7005768,0.109778404,1.1764088
1424922402295,r,0.03489685,-0.07728577,-0.060394287
1424922402299,a,-0.2327719,0.1509788,1.1171408
1424922402315,r,0.13209534,-0.10398865,-0.020874023
1424922402317,a,0.44568807,0.18876916,0.18679619
1424922402335,r,0.03276062,-0.07728577,-0.11807251
1424922402337,a,0.6356184,0.1625359,-0.061469078
1424922402355,r,-0.04093933,0.0038909912,-0.22381592
1424922402357,a,-0.40959257,0.12410194,0.82233334
1424922402374,r,0.13209534,-0.08476257,-0.14904785
1424922402376,a,-0.86505157,0.23269922,1.1860867
1424922402394,r,0.37669373,-0.13175964,4.8828125E-4
1424922402396,a,-0.6670839,0.19249314,0.09465599
1424922402414,r,0.34465027,-0.007858276,0.04748535
1424922402418,a,0.07106939,0.22965127,-1.0865784
1424922402434,r,0.07762146,0.14808655,-5.79834E-4
1424922402436,a,-0.032413647,-0.010444462,-0.8907747
1424922402453,r,-0.05909729,0.14808655,0.003692627
1424922402455,a,-0.3618229,-0.24425483,0.32840443
1424922402473,r,0.06159973,0.07652283,0.033599854
1424922402475,a,-0.12825944,-0.091636896,0.12991333
1424922402493,r,0.09043884,0.054092407,0.048553467
1424922402496,a,-0.073310934,0.05557108,-0.4782772
1424922402514,r,-0.0067596436,0.15022278,0.030395508
1424922402516,a,0.19441181,-0.06860286,-0.6364155
1424922402532,r,-0.123184204,0.40977478,-0.07107544
1424922402534,a,0.41979823,-0.096238494,-0.69392014
1424922402552,r,-0.21824646,0.5176544,-0.14050293
1424922402554,a,-0.20070997,-0.025568545,-0.025355339
1424922402572,r,-0.18193054,0.42152405,-0.1522522
1424922402574,a,-0.39241743,0.3418852,-0.12938881
1424922402592,r,-0.15950012,0.20256042,-0.10632324
1424922402594,a,-0.44772565,0.079196036,-0.27713966
1424922402612,r,-0.16911316,0.092544556,-0.033691406
1424922402615,a,-0.07063201,0.28789622,-0.13543892
1424922402631,r,-0.14134216,0.1309967,-0.04864502
1424922402634,a,-0.07692516,0.3255307,0.15725994
1424922402651,r,-0.07511902,0.13313293,-0.037963867
1424922402654,a,-0.19534618,0.45124733,-0.0053682327
1424922402671,r,-0.09114075,0.047683716,0.05923462
1424922402674,a,-0.15604123,0.6849764,-0.26647186
1424922402690,r,-0.16590881,0.088272095,0.09555054
1424922402693,a,0.5339636,1.1767673,0.15043068
1424922402712,r,-0.1648407,0.2848053,-0.051849365
1424922402715,a,0.9405832,1.5218375,0.95406914
1424922402730,r,-0.058029175,0.3691864,-0.29110718
1424922402733,a,0.04565102,1.8255217,0.2421875
1424922402750,r,-0.09327698,0.33073425,-0.31033325
1424922402752,a,-1.0142787,2.2168736,0.105760574
1424922402769,r,-0.09327698,0.21430969,-0.16293335
1424922402771,a,0.025978863,3.3721185,1.580061
1424922402789,r,0.12461853,0.045547485,-0.17468262
1424922402794,a,0.41255635,2.6293366,2.2772093
1424922402809,r,0.4311676,-0.021743774,-0.28683472
1424922402811,a,0.8916954,3.2291,1.6584959
1424922402830,r,0.5497284,-0.11894226,-0.45132446
1424922402833,a,0.040511668,2.9344618,0.15734673
1424922402848,r,0.26133728,-0.11894226,-0.4459839
1424922402851,a,0.04847336,3.300034,-1.6049242
1424922402868,r,-0.213974,-0.030288696,-0.7001953
1424922402872,a,-1.6256621,1.8901747,-0.6830559
1424922402888,r,-0.47138977,0.29014587,-0.5015259
1424922402891,a,-1.0588572,2.2435315,1.7460575
1424922402907,r,0.105392456,0.5358124,-0.30819702
1424922402913,a,-0.57993966,2.0183845,3.8687801
1424922402927,r,1.1339874,0.66078186,-0.16400146
1424922402931,a,-0.40284848,1.142859,1.1970158
1424922402947,r,1.3561554,0.48347473,-0.08709717
1424922402951,a,-1.0195589,1.355005,-3.3187838
1424922402966,r,0.48136902,0.056228638,0.12011719
1424922402970,a,-0.49031836,0.87382054,-4.0276337
1424922402987,r,-0.20115662,-0.29411316,0.11477661
1424922402990,a,0.4908554,1.141662,-0.105075836
1424922403006,r,0.15452576,-0.26527405,-0.029418945
1424922403008,a,0.19300419,0.7795507,1.5122213
1424922403026,r,0.70033264,-0.12748718,-0.020874023
1424922403031,a,-0.595101,0.044145107,-2.7143755
1424922403045,r,0.06266785,0.08079529,0.15963745
1424922403049,a,-0.991654,-0.2796291,-3.3223305
1424922403065,r,-0.55363464,0.11390686,0.41918945
1424922403068,a,-0.4182604,-0.25593758,1.1033812
1424922403085,r,-0.055892944,0.39909363,0.52279663
1424922403088,a,0.9704352,-0.6601417,3.319767
1424922403105,a,-0.36727434,-1.5999484,-0.93311596
1424922403108,r,0.80714417,0.3275299,0.4010315
1424922403124,r,0.41941833,0.5005646,0.29956055
1424922403128,a,-0.20365882,-2.0331373,-3.2936296
1424922403144,r,-0.24067688,0.83595276,0.3113098
1424922403149,a,-0.7108269,-2.1049,-1.4839487
1424922403164,r,-0.2983551,0.73020935,0.46618652
1424922403168,a,-1.1710162,-2.538349,-0.6425648
1424922403184,r,0.0060577393,0.8583832,0.5494995
1424922403186,a,-0.9220493,-2.3429193,2.0034962
1424922403204,r,0.592453,1.4842987,0.7182617
1424922403208,a,-1.1106011,-3.183486,-0.3713131
1424922403223,r,0.26454163,1.0837555,1.0664673
1424922403226,a,-1.3449388,-2.7228234,-2.4818926
1424922403243,r,-0.677536,0.15983582,0.9414978
1424922403246,a,0.3002571,-2.3493822,-4.379447
1424922403263,r,-1.8610077,-1.0022736,0.3807373
1424922403267,a,1.563333,-2.7240806,-2.9183922
1424922403283,r,-2.6375275,-1.359024,-0.076416016
1424922403287,a,-1.1209826,-3.3227282,1.1742249
1424922403302,r,-2.1803741,-0.93284607,0.6264038
1424922403305,a,-3.5781107,-2.6625545,2.67097
1424922403325,r,-1.7018585,-0.17448425,1.4264221
1424922403328,a,-0.6233448,-2.438828,1.923234
1424922403342,r,-1.2810211,-0.08796692,1.2427063
1424922403345,a,2.6333284,-2.8800128,3.7893915
1424922403361,r,-0.5429535,-0.10398865,0.65844727
1424922403364,a,2.860417,-2.9675963,2.9170246
1424922403381,a,1.9612309,-2.6782405,1.8462038
1424922403386,r,-0.24067688,-0.028152466,0.2258606
1424922403401,r,-0.08366394,0.028457642,0.07098389
1424922403405,a,1.1043057,-1.9412466,2.1410227
1424922403420,r,0.19511414,0.2709198,-0.009124756
1424922403423,a,0.8241081,-1.6159401,1.8634529
1424922403442,r,0.44718933,0.41511536,-0.2013855
1424922403445,a,0.8038415,-1.8462881,-0.33965302
1424922403460,r,0.28804016,0.0743866,-0.32635498
1424922403463,a,0.44689298,-0.88877976,-1.673996
1424922403480,r,0.003921509,-0.39344788,-0.30178833
1424922403483,a,-0.057982802,-0.38762718,0.00674057
1424922403499,r,0.05732727,-0.35179138,-0.24945068
1424922403502,a,-1.199721,-0.28992742,1.4187317
1424922403519,r,0.2207489,-0.10398865,-0.06573486
1424922403522,a,-1.4268816,-0.4626822,-0.22118473
1424922403539,r,0.13529968,-0.16593933,0.099823
1424922403542,a,-0.026579022,-0.26477167,-0.6380701
1424922403558,r,0.045578003,-0.001449585,0.014373779
1424922403561,a,1.6252468,-0.31973404,0.32468033
1424922403578,r,0.10218811,0.12458801,-0.29858398
1424922403581,a,0.5248023,-0.47590512,0.97085476
1424922403598,r,0.24424744,0.07545471,-0.33703613
1424922403601,a,-0.34292173,-0.2270146,0.650548
1424922403617,r,0.25065613,0.12138367,-0.21420288
1424922403621,a,-0.13818228,0.05068428,0.05240345
1424922403637,r,0.1299591,0.14060974,-0.15759277
1424922403640,a,0.03169,-0.19220588,-0.1935997
1424922403657,r,0.080825806,-0.034561157,-0.13623047
1424922403660,a,0.23580706,-0.3262533,0.74180126
1424922403677,r,0.24958801,-0.037765503,-0.19070435
1424922403680,a,0.89100254,-0.30710417,0.09549236
1424922403698,r,0.24104309,0.26130676,-0.31140137
1424922403701,a,0.78476405,-0.07860689,-0.38525295
1424922403716,r,0.14491272,0.20149231,-0.37121582
1424922403720,a,0.18339705,0.0045231655,0.32600594
1424922403736,r,0.1993866,0.072250366,-0.3284912
1424922403739,a,-0.681376,0.0727566,0.48210526
1424922403756,r,0.2559967,0.009231567,-0.20458984
1424922403759,a,-0.85428655,0.087992296,-0.7288914
1424922403776,r,0.10966492,0.012435913,-0.078552246
1424922403779,a,-0.72196233,0.023422673,-1.2193108
1424922403795,r,-0.06977844,-0.021743774,0.012237549
1424922403798,a,-0.3306713,-0.015157491,0.38546658
1424922403817,r,0.13316345,-0.13282776,-0.018737793
1424922403820,a,0.39769292,-0.17495088,0.8412113
1424922403835,r,0.32756042,-3.8146973E-4,-0.19924927
1424922403838,a,0.29827762,-0.34289026,-0.5491514
1424922403855,r,0.19190979,0.1662445,-0.26333618
1424922403858,a,-0.7734995,-0.1075367,-1.8432446
1424922403874,r,-0.11036682,0.12992859,-0.08496094
1424922403877,a,-1.5696313,0.15494236,-1.0152798
1424922403894,r,-0.22251892,-0.037765503,0.13613892
1424922403898,a,-1.0084938,0.17781001,0.20271492
1424922403914,a,-0.42149878,-0.14579186,0.8718815
1424922403918,r,-0.1157074,-0.08583069,0.18099976
1424922403935,r,0.07762146,-0.12214661,0.099823
1424922403937,a,-0.33786035,-0.24220875,0.34843445
1424922403953,r,0.11073303,-0.13175964,0.062438965
1424922403955,a,-0.7371708,-0.038255215,-0.09659004
1424922403973,r,-0.0035552979,-0.04310608,0.107299805
1424922403975,a,-1.0157424,0.020713478,-0.048272133
1424922403993,r,-0.08580017,0.13420105,0.1489563
1424922403995,a,-1.2159115,-0.078345,-0.0044994354
1424922404012,r,-0.11891174,0.12138367,0.17565918
1424922404015,a,-1.2599314,-0.10293037,0.100087166
1424922404032,r,-0.12211609,0.043411255,0.19274902
1424922404035,a,-1.4284633,-0.11517407,0.9514227
1424922404053,r,0.00819397,0.0466156,0.18847656
1424922404057,a,-1.1697328,-0.047228962,1.5207615
1424922404072,r,0.1790924,0.27946472,0.11691284
1424922404075,a,-1.4060719,0.037808284,1.1034842
1424922404092,a,-1.7311944,-0.034509957,0.23325253
1424922404095,r,0.25813293,0.46958923,0.051757813
1424922404111,r,0.21006775,0.48561096,0.013305664
1424922404114,a,-1.9523121,-0.33529714,-0.67602444
1424922404131,r,-0.0024871826,0.39268494,0.04534912
1424922404136,a,-1.8930336,-0.23570114,-1.0725651
1424922404150,r,-0.2000885,0.4183197,0.12011719
1424922404153,a,-2.1867318,-0.31523332,-0.41490746
1424922404170,r,-0.2353363,0.71632385,0.2814026
1424922404173,a,-2.9233007,-0.14935026,1.5076609
1424922404190,r,0.04878235,0.4802704,0.48754883
1424922404193,a,-2.87923,-0.25172952,0.9157877
1424922404209,r,0.16627502,0.0049591064,0.67019653
1424922404213,a,-2.5078614,-0.12035614,0.06883621
1424922404229,r,0.12034607,-0.10826111,0.83255005
1424922404232,a,-1.8186879,-0.23842448,-0.39908123
1424922404249,r,-3.5095215E-4,0.2431488,0.9137268
1424922404255,a,-1.1645961,-0.39219525,-0.61415005
1424922404269,r,-0.15202332,0.5721283,0.9147949
1424922404272,a,-0.78295064,-0.4458408,0.34513378
1424922404288,r,-0.09968567,0.41297913,0.85284424
1424922404291,a,-0.8256178,-0.6321235,1.3057632
1424922404308,r,0.09257507,0.21858215,0.78448486
1424922404311,a,-0.6946442,-0.44352353,1.0359383
1424922404328,r,0.1790924,0.26237488,0.74923706
1424922404331,a,-1.4382164,-0.37272865,0.3608637
1424922404348,r,0.1641388,0.24848938,0.85391235
1424922404351,a,-1.7076104,-0.55046463,-0.4632759
1424922404368,a,-1.1029332,-0.78809536,-0.1624651
1424922404372,r,0.044509888,0.20469666,1.026947
1424922404387,r,0.05732727,0.2773285,1.1081238
1424922404391,a,-0.07758498,-1.0094359,0.9731121
1424922404407,r,0.25279236,0.3200531,0.9564514
1424922404410,a,-0.030236483,-1.0111034,0.5705099
1424922404429,r,0.2987213,0.23994446,0.86672974
1424922404432,a,-0.7346201,-0.9588818,-0.80189514
1424922404446,r,0.10966492,0.1726532,0.99383545
1424922404449,a,-0.9419415,-0.9188997,-1.3428211
1424922404466,r,-0.08152771,0.28373718,1.1668701
1424922404470,a,-0.25344348,-1.0769538,-0.5405178
1424922404486,r,-0.10395813,0.5657196,1.1690063
1424922404490,a,0.25869107,-0.9919652,0.6824398
1424922404506,r,0.06373596,0.5358124,1.0686035
1424922404509,a,-0.13708186,-1.3386391,0.2214737
1424922404525,r,0.047714233,0.1940155,1.0290833
1424922404528,a,-0.3750174,-1.3782529,-0.42931938
1424922404548,r,-0.025985718,-0.02494812,1.0664673
1424922404549,a,0.024886131,-1.1260847,0.029971123
1424922404565,r,0.025283813,0.1587677,1.0931702
1424922404568,a,0.39638138,-1.1776893,0.16125107
1424922404584,r,0.06373596,0.39909363,1.0141296
1424922404586,a,0.029811144,-1.2876941,-0.5554447
1424922404604,r,-0.031326294,0.3627777,1.017334
1424922404606,a,-0.57714605,-1.4449154,-0.84204197
1424922404624,r,-0.17552185,0.21965027,1.1337585
1424922404628,a,-0.32867455,-1.7636341,-0.47677708
1424922404644,r,-0.1926117,0.18440247,1.175415
1424922404647,a,1.204407,-1.2159847,0.15661812
1424922404665,r,-0.06977844,0.39161682,1.0034485
1424922404668,a,1.188297,-1.2667977,0.838027
1424922404683,r,0.14170837,0.64582825,0.8272095
1424922404687,a,0.05090213,-1.4948822,-0.26128578
1424922404703,r,0.08189392,0.6768036,0.8795471
1424922404705,a,-0.49802494,-1.9060352,-1.4693317
1424922404722,r,-0.18833923,0.49842834,1.026947
1424922404725,a,0.07245326,-1.8617765,-0.86780167
1424922404743,r,-0.26631165,0.3264618,1.0333557
1424922404746,a,1.3038871,-1.5201699,-0.057456017
1424922404762,r,-0.2566986,0.38841248,0.8240051
1424922404765,a,1.0893354,-1.4435744,0.21881104
1424922404785,r,-0.23106384,0.411911,0.7097168
1424922404789,a,-0.6626065,-1.3541995,0.32430363
1424922404801,r,-0.18940735,0.16731262,0.9329529
1424922404805,a,-1.389981,-1.4412236,0.30535126
1424922404821,r,-0.14775085,-0.034561157,1.2138672
1424922404824,a,0.5073192,-1.380926,0.022880554
1424922404841,r,-0.17445374,-0.028152466,1.1529846
1424922404844,a,1.4899096,-1.4658312,-0.43936253
1424922404861,r,-0.21183777,0.07652283,0.9884949
1424922404865,a,0.8274114,-1.7022864,-0.6033964
1424922404881,r,-0.28553772,0.032730103,1.0194702
1424922404884,a,0.24891019,-1.8234588,-1.0533686
1424922404900,r,-0.3827362,-0.12428284,1.1946411
1424922404903,a,1.1083105,-1.5459249,-0.16947746
1424922404921,r,-0.2705841,-0.20652771,1.1722107
1424922404925,a,2.7635176,-1.0588032,0.052034378
1424922404940,r,-0.18299866,0.08934021,0.8592529
1424922404942,a,2.682749,-1.1772491,-0.3123188
1424922404959,r,-0.24388123,0.42366028,0.5975647
1424922404962,a,1.0415154,-1.3490459,-0.5335531
1424922404979,r,-0.42546082,0.3766632,0.6605835
1424922404982,a,-0.048449516,-1.4811844,-0.2615738
1424922405000,a,1.0211868,-0.8186501,0.9514694
1424922405003,r,-0.5589752,0.16838074,0.8763428
1424922405022,r,-0.44789124,0.034866333,0.89450073
1424922405027,a,2.2033596,-0.7018943,1.7507915
1424922405041,r,-0.24601746,0.15022278,0.6680603
1424922405043,a,1.9966433,-0.95077,1.3288097
1424922405058,r,-0.17445374,0.31684875,0.4928894
1424922405060,a,0.7667022,-1.3249022,0.56142426
1424922405078,r,-0.26524353,0.18226624,0.50997925
1424922405080,a,0.24705648,-0.98539305,0.3836727
1424922405097,r,-0.26844788,-0.014266968,0.6680603
1424922405099,a,0.68779373,-0.8363161,1.3470173
1424922405117,r,-0.03453064,-0.13923645,0.7513733
1424922405121,a,1.8637424,-1.3904699,0.47619724
1424922405137,r,-0.018508911,-0.16700745,0.5975647
1424922405139,a,2.471551,-1.5661398,-0.67247295
1424922405157,r,-0.20542908,-0.017471313,0.34228516
1424922405159,a,1.667635,-1.040801,-0.07374382
1424922405176,r,-0.22679138,0.067977905,0.22372437
1424922405179,a,0.994195,-0.20932055,0.9350109
1424922405196,r,-0.06764221,0.09681702,0.2749939
1424922405198,a,0.9229696,-0.26878273,0.053990364
1424922405216,r,-0.12745667,0.21751404,0.27713013
1424922405218,a,1.492425,-0.5562676,-0.8051443
1424922405236,r,-0.3464203,0.38093567,0.10623169
1424922405240,a,1.0449896,-0.45746398,0.21016788
1424922405256,r,-0.3763275,0.31150818,0.01864624
1424922405259,a,0.20249867,-0.40314376,0.8647356
1424922405278,a,-0.39348578,-0.68632627,0.7673645
1424922405283,r,-0.2919464,0.15449524,0.12866211
1424922405295,r,-0.22572327,0.063705444,0.34655762
1424922405299,a,0.2113316,-0.88935935,0.6704874
1424922405315,r,-0.25456238,0.07865906,0.3380127
1424922405319,a,0.94108367,-0.8402486,0.63413334
1424922405335,r,-0.25456238,0.12031555,0.16604614
1424922405345,a,0.88375187,-0.6059501,1.3833675
1424922405359,r,-0.11036682,6.866455E-4,0.028259277
1424922405363,a,0.28144312,-0.53545475,0.74303055
1424922405381,r,-0.086868286,-0.18943787,0.0859375
1424922405389,a,0.28060174,-0.44257534,-0.6280718
1424922405397,r,-0.2631073,-0.19584656,0.1350708
1424922405400,a,0.8007827,-0.3063109,0.1532402
1424922405413,r,-0.24601746,0.031661987,0.06350708
1424922405418,a,0.8056667,-0.1413858,1.0158272
1424922405434,a,0.643728,-0.14299464,-0.012041092
1424922405440,r,-0.09434509,0.11817932,0.02078247
1424922405453,r,-0.10823059,-0.10292053,0.056030273
1424922405457,a,1.195251,-0.090696335,-0.99907684
1424922405473,r,-0.31544495,-0.16593933,-0.016601563
1424922405475,a,1.6216426,0.14588332,-0.41178226
1424922405492,r,-0.417984,0.051956177,-0.15438843
1424922405496,a,0.8850343,0.54306066,0.70931435
1424922405530,r,-0.34855652,0.17585754,-0.12234497
1424922405541,a,0.10110235,0.731235,0.67165756
1424922405544,a,0.5876708,0.83738,0.09757328
1424922405546,r,-0.26417542,-0.062332153,0.04321289
1424922405552,r,-0.31437683,-0.13175964,0.09661865
1424922405555,a,1.2362044,0.95033365,0.42777824
1424922405572,r,-0.2983551,0.047683716,0.003692627
1424922405577,a,0.46127295,1.1571146,1.3562708
1424922405592,a,-0.3809302,1.1634643,0.57642174
1424922405600,r,-0.17338562,0.047683716,0.07846069
1424922405616,r,-0.1648407,-0.20332336,0.29956055
1424922405621,a,0.37607622,1.0191731,-0.3214922
1424922405636,a,1.5236793,0.9223907,-0.23116684
1424922405643,r,-0.33039856,-0.22895813,0.36044312
1424922405651,r,-0.45643616,-0.005722046,0.24295044
1424922405655,a,1.1848054,0.849854,0.9305811
1424922405669,r,-0.3816681,0.025253296,0.2119751
1424922405672,a,0.6636672,0.7275469,1.3521795
1424922405689,r,-0.23747253,-0.113601685,0.26431274
1424922405691,a,1.0686035,0.49292117,1.2281046
1424922405709,r,-0.16804504,-0.1424408,0.22692871
1424922405712,a,1.7878604,0.31784344,1.047121
1424922405729,r,-0.15309143,-0.03883362,0.028259277
1424922405731,a,1.7230136,0.20160198,1.1822586
1424922405748,r,-0.12425232,0.063705444,-0.13195801
1424922405750,a,0.6490412,0.21693003,1.722723
1424922405768,r,0.024215698,-0.017471313,-0.0753479
1424922405771,a,0.549217,0.095454276,1.6982613
1424922405788,r,0.15238953,-0.2054596,-0.041168213
1424922405791,a,1.1920571,-0.124278694,0.9434862
1424922405807,r,0.12782288,-0.20118713,-0.14050293
1424922405809,a,1.4077451,-0.40051794,0.62182236
1424922405827,r,0.041305542,-0.08262634,-0.2515869
1424922405832,a,1.0046592,-0.4633354,0.9108057
1424922405848,a,0.9543688,-0.5851139,1.2888107
1424922405851,r,0.054122925,-0.07621765,-0.24945068
1424922405867,r,0.15345764,-0.22575378,-0.20458984
1424922405869,a,1.7481856,-0.7818594,1.1030025
1424922405887,r,0.17695618,-0.25138855,-0.2857666
1424922405890,a,2.0696642,-0.9740285,1.1135769
1424922405906,r,0.1993866,-0.24925232,-0.44812012
1424922405908,a,1.7633133,-0.92706025,1.6759062
1424922405926,r,0.34892273,-0.35713196,-0.5314331
1424922405929,a,1.284076,-0.9690988,1.2181091
1424922405946,r,0.41300964,-0.4788971,-0.47375488
1424922405950,a,1.5843954,-1.2415717,0.22155762
1424922405965,r,0.31474304,-0.5077362,-0.48443604
1424922405970,a,2.7501338,-1.2344218,-0.37460613
1424922405985,r,0.16200256,-0.37635803,-0.7215576
1424922405988,a,1.9673948,-1.1949102,0.54020214
1424922406006,r,0.23356628,-0.36354065,-0.7685547
1424922406008,a,1.2134104,-1.0603577,0.85905075
1424922406024,r,0.416214,-0.5857086,-0.67562866
1424922406027,a,1.5989077,-1.4354106,-0.29633522
1424922406044,r,0.28590393,-0.7053375,-0.68310547
1424922406046,a,2.4736657,-1.4255931,-0.99594593
1424922406064,r,0.011398315,-0.55152893,-0.94692993
1424922406066,a,1.8051182,-1.3487428,0.71370125
1424922406084,r,0.1224823,-0.5077362,-1.1060791
1424922406086,a,1.0281932,-1.0480651,1.5299273
1424922406103,r,0.3756256,-0.5899811,-1.0964661
1424922406108,a,1.9098024,-1.2683051,1.0351114
1424922406124,r,0.48136902,-0.7234955,-1.2855225
1424922406126,a,2.3886232,-1.5304406,-0.35660648
1424922406143,r,0.21754456,-0.55259705,-1.624115
1424922406145,a,1.385741,-1.1466708,0.48608303
1424922406163,r,0.19190979,-0.44044495,-1.7960815
1424922406165,a,0.011233568,-0.77437717,0.84865856
1424922406182,r,0.37348938,-0.60173035,-1.772583
1424922406185,a,-0.088413954,-0.66568464,-0.21513939
1424922406202,r,0.3531952,-0.9072113,-1.6967468
1424922406205,a,0.09907818,-1.0124044,-1.9039421
1424922406222,r,-0.080459595,-0.83457947,-1.7811279
1424922406225,a,-0.0553326,-1.1405997,-0.37858105
1424922406242,r,-0.20115662,-0.29945374,-1.8879395
1424922406245,a,-1.5073545,-0.8349423,2.3073378
1424922406262,r,0.25172424,-0.17448425,-1.7373352
1424922406265,a,-1.9185174,-0.5654041,0.8311024
1424922406282,a,-1.3693306,-0.75765556,-2.094511
1424922406286,r,0.41941833,-0.57289124,-1.5151672
1424922406302,r,0.038101196,-0.86235046,-1.3517456
1424922406307,a,-0.8544783,-1.0441325,-2.4363384
1424922406321,r,-0.41477966,-0.4019928,-1.3122253
1424922406327,a,-1.5605724,-1.3441814,0.055345535
1424922406341,r,-0.35603333,0.026321411,-1.1723022
1424922406347,a,-1.366472,-1.3289547,0.7092619
1424922406364,r,-0.107162476,-0.32188416,-1.0580139
1424922406368,a,-0.4256493,-1.2336459,-0.6150894
1424922406383,r,-0.09007263,-0.7299042,-1.0451965
1424922406386,a,0.95945704,-1.0773277,-1.1861773
1424922406399,r,-0.32185364,-0.2898407,-1.4030151
1424922406403,a,0.76682127,-1.2596066,-0.2880869
1424922406419,r,-0.38807678,0.25169373,-1.7042236
1424922406421,a,-2.122251,-0.6900768,1.593544
1424922406439,r,-0.0110321045,0.26130676,-1.4745789
1424922406442,a,-2.5709279,-0.4460256,1.1646461
1424922406458,r,0.21113586,-0.005722046,-1.179779
1424922406462,a,-1.4414915,-0.3669499,-0.09956646
1424922406479,r,0.16841125,-0.18089294,-1.0622864
1424922406484,a,-0.46994653,-0.8556999,-0.75008774
1424922406500,r,-0.03239441,-0.14884949,-1.1103516
1424922406502,a,-0.13011655,-0.73185277,-0.8207331
1424922406519,a,-1.2454416,-0.80309975,-0.31887054
1424922406522,r,-0.27378845,-0.1285553,-1.2203674
1424922406538,r,-0.3186493,-0.39665222,-1.160553
1424922406540,a,-1.7852982,-0.5150732,0.6149311
1424922406558,r,-0.15629578,-0.55900574,-0.8742981
1424922406560,a,-1.1958097,-1.0400536,0.937233
1424922406579,r,0.016738892,-0.27275085,-0.78671265
1424922406590,a,0.973402,-0.79420364,0.32639408
1424922406597,r,-0.05482483,0.04447937,-1.132782
1424922406599,a,0.20529345,-0.8964716,-0.8386326
1424922406618,a,-1.778289,-0.8083097,-0.49600124
1424922406620,r,-0.20329285,-0.04951477,-1.3773804
1424922406637,r,-0.20863342,-0.19798279,-1.2577515
1424922406639,a,-2.0256484,-0.2931766,-0.008644104
1424922406656,r,-0.05482483,-0.22895813,-1.0793762
1424922406658,a,-0.67003953,-0.16295634,0.49280643
1424922406676,r,0.0872345,-0.052719116,-1.1787109
1424922406685,a,-0.48046106,-0.16444643,-0.47872066
1424922406695,r,-0.027053833,-0.039901733,-1.2449341
1424922406698,a,-1.8440708,-0.31578887,-0.7653856
1424922406715,r,-0.2000885,-0.10612488,-1.012085
1424922406718,a,-2.2561636,-0.24723671,-0.29036903
1424922406735,r,-0.2000885,-0.1712799,-0.67456055
1424922406737,a,-0.81286395,0.031076923,0.98995495
1424922406756,r,-0.019577026,0.07545471,-0.64038086
1424922406760,a,0.83677405,0.015228204,1.8874769
1424922406774,r,0.23783875,0.108566284,-0.97042847
1424922406779,a,-0.025092714,-0.26507488,1.0017014
1424922406794,r,0.3264923,0.0049591064,-1.1445313
1424922406796,a,-1.9907981,-0.27092698,0.0491848
1424922406814,r,0.25706482,-0.001449585,-0.938385
1424922406816,a,-1.9216515,-0.27339506,-0.3939066
1424922406834,r,0.13529968,0.22499084,-0.71087646
1424922406836,a,-1.5963416,-0.5137023,0.2101574
1424922406853,r,0.15879822,0.21110535,-0.5517273
1424922406855,a,-1.091001,-0.7387048,0.49194622
1424922406873,r,0.22929382,-0.1285553,-0.6574707
1424922406875,a,-0.38732028,-0.5566677,-0.13520718
1424922406893,r,0.19511414,-0.2684784,-0.80166626
1424922406895,a,-1.3169336,-0.2148741,-0.4591875
1424922406912,r,0.17588806,-0.011062622,-0.6873779
1424922406916,a,-1.9837841,-0.51904744,-0.89962864
1424922406932,r,0.06800842,0.27305603,-0.4534607
1424922406935,a,-2.1953106,-0.54029197,-1.4555054
1424922406952,r,-0.17765808,0.21858215,-0.24090576
1424922406954,a,-1.2121919,-0.41673696,-0.871789
1424922406971,r,-0.21931458,-0.16807556,-0.36801147
1424922406974,a,-0.001689136,-0.04829082,0.84442234
1424922406993,r,0.09150696,-0.4094696,-0.6072693
1424922406996,a,-1.0242178,0.18467031,0.77706337
1424922407011,r,0.2976532,0.07118225,-0.51220703
1424922407015,a,-3.2644382,0.30288455,-0.025069237
1424922407031,r,0.3542633,0.5219269,-0.02407837
1424922407033,a,-3.3087847,-0.1200213,-0.80857086
1424922407050,r,0.15879822,0.14915466,0.22906494
1424922407053,a,-0.41000125,-0.15726867,-0.9977217
1424922407070,r,-0.027053833,-0.5130768,-0.13195801
1424922407072,a,1.1912546,-0.44177178,-0.07692528
1424922407090,r,-0.025985718,-0.6273651,-0.51434326
1424922407092,a,-0.47328764,-0.63150144,0.32786465
1424922407110,r,0.016738892,-0.04096985,-0.3968506
1424922407112,a,-2.9433303,-0.9975209,-0.08229065
1424922407129,r,-0.05909729,0.54862976,0.09020996
1424922407131,a,-2.9787266,-0.74644315,0.27415943
1424922407149,r,0.054122925,0.36705017,0.38607788
1424922407151,a,0.6728765,-0.7906182,-0.05410576
1424922407169,r,0.06266785,-0.50987244,-0.058258057
1424922407171,a,2.8221493,-0.17351496,-1.4110641
1424922407188,r,-0.24601746,-0.7245636,-0.5645447
1424922407190,a,-1.1523614,-0.42345038,0.38820744
1424922407208,r,-0.24494934,-0.25886536,-0.3060608
1424922407210,a,-3.0739346,0.12433793,1.3314114
1424922407228,r,-0.062301636,0.11604309,0.16070557
1424922407230,a,-2.0416636,0.74064827,1.5727444
1424922407248,r,0.098983765,0.14701843,0.38180542
1424922407249,a,0.18119666,1.0930188,1.06781
1424922407269,r,0.17695618,-0.13496399,0.14041138
1424922407277,a,0.5665026,1.4939913,0.16066456
1424922407287,r,0.060531616,-0.40733337,0.013305664
1424922407291,a,-1.0991738,0.7436129,-0.1360321
1424922407307,r,-0.04307556,-0.1990509,0.20022583
1424922407309,a,-2.1400337,0.4183655,1.0037851
1424922407327,r,0.10966492,0.09895325,0.54629517
1424922407330,a,-0.3621171,0.023797154,0.89472866
1424922407346,r,0.21647644,0.1374054,0.5366821
1424922407349,a,0.8958777,-0.3438982,-0.55833054
1424922407366,r,0.09364319,0.2559662,0.4010315
1424922407369,a,1.0613562,-0.40751433,-1.5326624
1424922407386,r,-0.13386536,0.21537781,0.26965332
1424922407389,a,0.7651456,-0.24083051,-1.8469563
1424922407405,r,-0.32933044,0.05088806,0.14788818
1424922407415,a,-0.057699874,-0.17433587,-0.69960403
1424922407425,r,-0.34428406,0.086135864,0.15216064
1424922407429,a,0.12779891,0.04232216,0.1645565
1424922407445,r,-0.26097107,0.016708374,0.08380127
1424922407447,a,0.57230777,-0.021062851,0.3285675
1424922407465,r,-0.21611023,-0.117874146,-0.035827637
1424922407469,a,0.34651923,-0.070043035,0.3427763
1424922407485,r,-0.17018127,-0.13389587,-0.09136963
1424922407490,a,-0.010758385,-0.0539051,0.7123337
1424922407505,r,-0.09220886,0.10643005,-0.060394287
1424922407507,a,-0.15771177,-0.068610996,0.5499172
1424922407525,a,-0.18931013,-0.088733494,0.22533035
1424922407533,r,-0.064437866,0.22285461,-0.012329102
1424922407544,r,-0.035598755,0.08293152,0.011169434
1424922407548,a,-0.15434332,0.094190165,0.4519558
1424922407566,r,0.031692505,-0.07728577,-5.79834E-4
1424922407572,a,-0.07013573,0.18881772,-0.03346443
1424922407586,r,-3.5095215E-4,-0.08476257,-0.004852295
1424922407588,a,-0.8787453,0.047508568,-0.17325592
1424922407604,r,-0.030258179,0.14167786,0.12866211
1424922407610,a,-0.46865803,0.13056235,-0.1675806
1424922407630,r,-0.06336975,0.17906189,0.14147949
1424922407641,a,0.09962033,0.13611941,-0.18519497
1424922407650,r,-0.080459595,0.034866333,0.09234619
1424922407655,a,0.35171944,-0.028809473,-0.053617477
1424922407664,r,-0.07084656,-0.16166687,0.004760742
1424922407670,a,0.3591192,-0.16592516,-0.23594666
1424922407683,r,-0.1018219,-0.054855347,-0.040100098
1424922407687,a,0.02628684,-0.31900665,0.004125595
1424922407704,a,0.120955184,-0.35310897,-0.14016628
1424922407712,r,-0.09327698,0.12992859,-0.023010254
1424922407731,r,-0.14881897,0.16944885,-0.03048706
1424922407742,a,0.2816153,-0.24755216,-0.3448305
1424922407747,r,-0.21504211,-0.042037964,-0.08496094
1424922407750,a,0.12179972,-0.16621527,0.008027077
1424922407762,r,-0.213974,-0.14350891,-0.1244812
1424922407773,a,-0.29707652,0.077416375,0.36347485
1424922407784,r,-0.14881897,-0.032424927,-0.08175659
1424922407790,a,-0.83855134,0.23293026,0.71960926
1424922407804,r,-0.04307556,0.063705444,0.044281006
1424922407808,a,-0.78643066,0.13180971,0.8751335
1424922407822,r,0.06159973,0.02204895,0.14361572
1424922407830,a,0.15690996,-0.008333698,0.26455116
1424922407840,r,0.031692505,-0.046310425,0.04748535
1424922407843,a,0.62787557,0.10789716,-0.2722788
1424922407860,r,-0.080459595,-0.08796692,-0.08282471
1424922407862,a,-0.08922179,0.19971292,-0.08158207
1424922407881,r,-0.078323364,-0.1007843,-0.07107544
1424922407888,a,-0.8248074,0.30418843,0.70991707
1424922407910,r,0.08189392,-0.032424927,0.044281006
1424922407911,a,-0.33138993,0.4657929,0.51668453
1424922407919,r,0.18870544,0.15983582,0.031463623
1424922407921,a,0.31503892,0.81396455,0.025859833
1424922407938,r,0.18229675,0.28800964,-0.094573975
1424922407941,a,0.21654102,0.9781208,-0.736722
1424922407958,r,0.025283813,0.2783966,-0.15438843
1424922407960,a,-0.6614288,0.83067274,-0.98309994
1424922407980,r,-0.12104797,0.13206482,-0.07321167
1424922407985,a,-0.870143,0.8575851,-0.29009342
1424922407998,r,-0.12532043,-0.056991577,0.012237549
1424922408001,a,-0.943936,0.9457878,0.9529896
1424922408017,r,0.101119995,-0.014266968,0.05709839
1424922408019,a,-0.5930439,1.3434379,1.9688568
1424922408037,r,0.36494446,0.21965027,0.06991577
1424922408039,a,-0.0680702,1.4597458,1.1538553
1424922408057,r,0.3542633,0.4247284,0.049621582
1424922408060,a,0.16470894,1.3570164,-0.48896217
1424922408076,r,0.017807007,0.40657043,0.046417236
1424922408079,a,-0.38168916,1.2265563,-0.2484808
1424922408096,r,-0.1787262,0.041275024,0.105163574
1424922408099,a,-0.64001524,1.2754312,1.2067747
1424922408116,r,-0.03453064,-0.31440735,0.15002441
1424922408118,a,-0.14674318,1.3000436,2.7601767
1424922408135,r,0.4311676,-0.10292053,0.11264038
1424922408137,a,0.09092766,1.2635982,3.116418
1424922408155,r,0.879776,0.5091095,0.084869385
1424922408161,a,-0.6048046,0.7300316,1.1858454
1424922408176,r,0.8466644,0.6917572,0.22052002
1424922408181,a,-1.2422628,0.5064478,-0.97840977
1424922408197,a,0.113457024,0.6208508,-0.70681095
1424922408206,r,0.51234436,0.117111206,0.41064453
1424922408217,r,0.36280823,-0.25672913,0.331604
1424922408224,a,1.0574268,0.687341,0.9252567
1424922408237,a,0.30181557,0.70320493,1.7379436
1424922408242,r,0.58818054,0.092544556,0.13186646
1424922408255,r,1.0538788,0.6639862,0.09555054
1424922408259,a,-2.0541732,0.1028347,0.6690769
1424922408281,r,1.1628265,0.99082947,0.4864807
1424922408284,a,-2.0277789,-0.20674872,-1.7610617
1424922408293,r,0.76976013,0.54649353,0.8069153
1424922408296,a,0.8789798,0.29515898,-3.148571
1424922408313,r,0.19084167,-0.16807556,0.6050415
1424922408315,a,2.858686,0.55783474,-2.0507069
1424922408333,a,2.1285732,0.4476093,-1.2719231
1424922408335,r,-0.05696106,-0.38703918,0.105163574
1424922408353,r,-0.18940735,-0.25352478,-0.10739136
1424922408358,a,-0.35860878,0.04715097,-0.445776
1424922408373,r,-0.0879364,0.20896912,0.16604614
1424922408375,a,-2.7681975,-1.2347385,1.0729237
1424922408392,r,0.10218811,0.59135437,0.6691284
1424922408396,a,1.1994703,-0.301746,1.3971872
1424922408412,r,0.32862854,0.46852112,0.41384888
1424922408418,a,3.8872442,0.3237151,0.8261843
1424922408433,r,0.45039368,0.21537781,-0.20458984
1424922408436,a,3.0863876,0.46183193,-1.2203951
1424922408454,r,0.19831848,-0.36460876,-0.6499939
1424922408460,a,-1.2153215,-0.7484062,-3.2858553
1424922408471,r,-0.3677826,-0.719223,-0.18536377
1424922408474,a,-3.1061897,-0.9518559,-1.1609125
1424922408491,r,-0.54081726,-0.28663635,0.37539673
1424922408495,a,0.23876083,-0.12433183,0.47802067
1424922408511,a,1.921268,0.5115737,1.7049103
1424922408520,r,-0.3271942,0.28053284,0.28460693
1424922408534,r,0.0594635,0.38520813,-0.08282471
1424922408539,a,-0.27317142,-0.7534332,-1.2782717
1424922408550,r,-0.18940735,-0.2759552,0.029327393
1424922408553,a,-1.6155508,-0.75819254,-2.0778036
1424922408571,r,-0.44255066,-0.6807709,0.34121704
1424922408577,a,-0.3244061,-0.40914023,0.4811144
1424922408596,r,-0.19688416,-0.22575378,0.34121704
1424922408599,a,1.5867187,0.6092335,1.4845877
1424922408610,r,0.26774597,0.15663147,-0.06466675
1424922408615,a,1.7963884,0.4576298,-0.41256714
1424922408630,r,0.16947937,0.0060272217,-0.32955933
1424922408633,a,-2.1265557,-0.86934316,-3.2154493
1424922408649,r,-0.3955536,-0.56114197,0.24935913
1424922408653,a,-5.6349816,-1.7927368,-0.3427372
1424922408668,r,-0.49061584,-0.5643463,1.1615295
1424922408674,a,-1.4008496,-0.31272423,1.1333075
1424922408689,r,-0.14454651,-0.2684784,1.2982483
1424922408692,a,0.52003336,-0.17606902,1.499713
1424922408717,r,0.23570251,0.045547485,1.072876
1424922408733,a,0.82394207,-0.8923522,-1.7053394
1424922408750,a,1.2969683,-1.521823,-4.099927
1424922408753,r,-0.11250305,-0.14457703,0.8079834
1424922408755,a,0.0011734664,-1.6601794,-2.4594307
1424922408757,r,-0.7832794,-0.47569275,0.5964966
1424922408767,r,-0.9904938,-0.5290985,0.58688354
1424922408770,a,-0.8308953,-1.3480585,0.33534813
1424922408790,r,-0.58247375,-0.40412903,0.6114502
1424922408793,a,-0.9397381,-1.1190588,0.1444788
1424922408807,r,-0.3186493,-0.064468384,0.5986328
1424922408812,a,-0.2679878,-1.3872135,-1.5040436
1424922408827,r,-0.47673035,0.31044006,0.43948364
1424922408834,a,-0.038578704,-2.2389727,-2.0003805
1424922408848,a,-0.8101225,-2.3878963,-0.7677326
1424922408861,r,-0.76405334,0.4813385,0.3305359
1424922408871,a,-0.53573644,-2.4060009,0.25661278
1424922408875,r,-0.8292084,0.39909363,0.4362793
1424922408886,r,-0.853775,0.5945587,0.38287354
1424922408889,a,0.49537992,-2.2833438,1.3529024
1424922408906,a,0.5717272,-1.9626456,2.7021532
1424922408909,r,-0.7266693,0.6864166,0.1425476
1424922408925,r,-0.3827362,0.68855286,-0.02835083
1424922408929,a,0.122225046,-1.9257033,2.9302692
1424922408953,r,-0.06871033,0.85517883,-0.07107544
1424922408962,a,0.09343928,-1.5502359,1.8854322
1424922408968,r,-0.09007263,0.9662628,-0.06893921
1424922408973,a,-0.041840196,-1.1828419,1.6907854
1424922408989,r,-0.08580017,0.59028625,-0.035827637
1424922408992,a,-0.12356055,-1.1047164,2.3642483
1424922409005,r,0.14064026,0.039138794,-0.036895752
1424922409010,a,-0.004061818,-1.1841507,1.745883
1424922409024,r,0.277359,-0.11680603,-0.10632324
1424922409029,a,0.059167266,-0.86348355,1.1666012
1424922409044,r,0.37242126,-0.14350891,-0.13516235
1424922409047,a,0.0024712086,-0.7078134,0.74879646
1424922409067,r,0.41514587,-0.1007843,-0.11593628
1424922409070,a,-0.37187445,-0.64136237,0.22927856
1424922409085,r,0.3670807,0.049819946,-0.041168213
1424922409092,a,0.010934353,-0.3273905,-0.3725996
1424922409106,r,0.24638367,0.067977905,-0.040100098
1424922409117,a,0.26363373,-0.34551102,-0.7013912
1424922409124,r,0.13316345,-0.12107849,-0.08496094
1424922409131,a,0.055891275,-0.18202516,-0.39772892
1424922409142,r,0.123550415,-0.04951477,-0.096710205
1424922409147,a,-0.15489578,-0.236801,-0.087296486
1424922409162,r,0.16627502,0.28800964,-0.058258057
1424922409167,a,-0.036604285,0.046314668,-0.06994438
1424922409189,a,0.051772118,-0.07284762,-0.06881237
1424922409199,r,0.1716156,0.38841248,-0.025146484
1424922409205,a,-0.12994444,-0.19482888,-0.17819595
1424922409211,r,0.14918518,0.11817932,-0.025146484
1424922409226,a,0.09866023,-0.17247684,-0.16685486
1424922409231,r,0.09791565,-0.062332153,0.030395508
1424922409242,a,0.53300524,-0.19695015,-0.12956142
1424922409246,r,0.031692505,-0.070877075,0.064575195
1424922409261,a,0.5917939,-0.19489248,0.2980709
1424922409268,r,0.019943237,-0.07835388,0.028259277
1424922409281,a,0.4530275,-0.27556187,0.50182724
1424922409292,r,0.09150696,-0.0046539307,-0.031555176
1424922409301,a,0.5087831,-0.5147749,0.0054416656
1424922409306,r,0.15345764,0.065841675,-0.023010254
1424922409321,a,1.0235488,-0.37866685,-0.005856514
1424922409326,r,0.08830261,-0.055923462,0.0026245117
1424922409357,r,0.00819397,-0.20118713,-0.03262329
1424922409362,a,1.1337067,-0.3737827,0.28506374
1424922409365,a,0.83013535,-0.5308089,0.2715664
1424922409370,r,0.0060577393,-0.24284363,-0.067871094
1424922409379,a,1.0963616,-0.58597016,0.16881657
1424922409384,r,-0.009963989,-0.15205383,-0.025146484
1424922409399,r,-0.03453064,-0.10185242,-0.029418945
1424922409402,a,2.1444242,-0.45979673,0.8662987
1424922409419,r,0.047714233,-0.1712799,-0.19924927
1424922409422,a,2.3828084,-0.39483625,1.4987221
1424922409447,a,1.4451421,-0.62716854,1.2480764
1424922409463,r,0.1855011,-0.2823639,-0.39898682
1424922409469,a,1.0656666,-0.48484778,0.3061924
1424922409475,r,0.2698822,-0.35713196,-0.3979187
1424922409484,r,0.18016052,-0.38383484,-0.34664917
1424922409496,a,1.6211324,-0.44556695,0.11007786
1424922409509,a,1.9525892,-0.5115999,0.8651867
1424922409523,r,0.10218811,-0.31974792,-0.42782593
1424922409533,a,1.7665718,-0.6005231,1.0992174
1424922409539,r,0.1855011,-0.26313782,-0.5592041
1424922409545,a,1.0476673,-0.699789,0.62497616
1424922409550,r,0.24745178,-0.28770447,-0.63931274
1424922409557,a,0.7017738,-0.70095557,0.4320383
1424922409561,r,0.22502136,-0.4650116,-0.60406494
1424922409577,r,0.21647644,-0.5205536,-0.5292969
1424922409579,a,1.1643057,-0.56557596,0.40299702
1424922409599,a,1.4223254,-0.8129984,0.27144527
1424922409607,r,0.21861267,-0.32615662,-0.5453186
1424922409617,r,0.21113586,-0.13816833,-0.61047363
1424922409620,a,1.1481818,-1.1279079,-0.13932228
1424922409635,r,0.1224823,-0.10932922,-0.6168823
1424922409639,a,1.166949,-1.1764913,0.056408882
1424922409655,r,0.09364319,-0.40733337,-0.6937866
1424922409658,a,1.3924674,-1.0786021,0.51289463
1424922409680,r,0.16307068,-0.58143616,-0.80166626
1424922409688,a,0.81941015,-1.2126482,0.8672695
1424922409697,r,0.3126068,-0.45539856,-0.7888489
1424922409703,a,0.9059378,-1.2073063,-0.22754192
1424922409721,a,0.98334545,-1.1594381,-1.4150496
1424922409728,r,0.19831848,-0.3101349,-0.7984619
1424922409742,r,-0.14134216,-0.52482605,-0.8764343
1424922409744,a,0.39650464,-1.1947743,-0.46700287
1424922409753,r,-0.186203,-0.86235046,-0.89352417
1424922409755,a,0.13652927,-1.4950123,0.7409344
1424922409773,r,0.04878235,-0.9189606,-0.8807068
1424922409776,a,0.01008305,-1.5276406,0.15882683
1424922409792,r,0.023147583,-0.68504333,-0.8326416
1424922409795,a,-0.41659254,-1.4217693,-1.0070467
1424922409814,r,-0.19581604,-0.6882477,-0.7770996
1424922409817,a,-0.45472282,-1.4440502,0.24822617
1424922409842,r,0.026351929,-0.7459259,-0.7557373
1424922409845,a,0.28036553,-1.5414177,0.8053932
1424922409852,r,0.21754456,-0.51734924,-0.8411865
1424922409855,a,1.0163641,-1.888849,-1.1861334
1424922409872,r,-0.024917603,-0.5355072,-1.0857849
1424922409874,a,0.9140408,-1.3839544,-1.6527214
1424922409892,a,-0.13549161,-1.3100291,0.24232101
1424922409898,r,-0.24494934,-0.7032013,-1.2887268
1424922409913,a,-0.48313963,-1.3847075,0.9147568
1424922409920,r,0.013534546,-0.5718231,-1.3100891
1424922409939,r,0.32221985,0.007095337,-1.2929993
1424922409946,a,-0.37048757,-1.5963223,-0.80064964
1424922409955,r,0.13850403,0.38093567,-1.346405
1424922409958,a,-0.4715109,-0.8183438,-1.9894953
1424922409970,r,-0.33467102,0.008163452,-1.3934021
1424922409974,a,-2.1705656,-0.86475074,-0.9241781
1424922409990,r,-0.3816681,-0.6529999,-1.2289124
1424922409992,a,-2.3164456,-1.3746512,0.8803148
1424922410023,a,-1.2805418,-1.8530247,0.75892735
1424922410032,r,-0.10395813,-0.5568695,-0.9928589
1424922410043,a,0.7742331,-1.1409514,-0.9488363
1424922410045,r,0.14170837,0.07865906,-0.92770386
1424922410051,r,-0.1295929,0.40763855,-1.2363892
1424922410054,a,0.72624767,-0.40528154,-1.7409639
1424922410069,r,-0.45429993,-0.039901733,-1.4553528
1424922410072,a,-1.5927885,-0.9882668,0.035984993
1424922410089,r,-0.37846375,-0.39237976,-1.3442688
1424922410093,a,-1.9394941,-1.6555873,1.1653032
1424922410109,r,-0.10609436,-0.09971619,-1.225708
1424922410112,a,-1.3741698,-2.0093493,1.7947273
1424922410129,r,0.2987213,0.42259216,-1.2310486
1424922410135,a,-0.32098293,-0.88320637,-0.16131306
1424922410153,a,-1.430526,-0.70125407,-1.0496941
1424922410160,r,0.09150696,0.5774689,-1.3998108
1424922410173,r,-0.1723175,-0.029220581,-1.3987427
1424922410182,a,-2.5629303,-1.3503139,0.23582268
1424922410198,r,-0.09327698,-0.4853058,-1.2823181
1424922410207,a,-2.1049638,-1.9822608,0.84633064
1424922410219,r,0.20152283,-0.46714783,-1.28125
1424922410227,a,-1.4103981,-2.0588284,0.57737064
1424922410229,r,0.5294342,0.0466156,-1.2791138
1424922410231,a,-0.96859884,-1.996837,-0.87960815
1424922410247,r,0.4653473,0.699234,-1.2962036
1424922410259,a,-1.2326095,-2.2833405,-2.0063028
1424922410268,r,0.23677063,0.5240631,-1.3079529
1424922410273,a,-1.4170966,-2.459301,-1.6733294
1424922410288,a,-0.41024572,-1.8774897,-1.8287134
1424922410298,r,0.18656921,0.088272095,-1.3197021
1424922410316,a,0.116101444,-0.7587739,-1.9798765
1424922410328,r,-0.18086243,0.16410828,-1.5707092
1424922410335,a,-1.7136527,-0.49455518,-0.6898651
1424922410344,r,-0.67433167,0.20469666,-1.8900757
1424922410351,a,-3.3314464,-0.35935575,1.3914785
1424922410357,r,-0.77259827,-0.1360321,-1.9413452
1424922410374,r,-0.34962463,-0.2909088,-1.6743164
1424922410379,a,-4.035425,-0.28317004,2.1735086
1424922410386,a,-2.4876504,0.22982585,0.865798
1424922410392,r,0.119277954,0.20149231,-1.3346558
1424922410404,r,0.14491272,0.560379,-1.3164978
1424922410407,a,-1.3382676,0.41607153,0.19709778
1424922410425,r,0.17481995,0.12992859,-1.4777832
1424922410431,a,-1.1231499,0.23349631,0.3053856
1424922410448,a,-1.8372982,-0.005773723,-0.12328243
1424922410457,r,0.29444885,-0.09971619,-1.6454773
1424922410469,a,-2.1187289,0.37004387,-1.1902914
1424922410476,r,0.32862854,0.27519226,-1.6636353
1424922410484,a,-3.7331817,0.54792833,-2.344473
1424922410489,r,0.060531616,0.46958923,-1.5813904
1424922410505,r,-0.37953186,0.1096344,-1.2759094
1424922410509,a,-3.1386762,0.83895826,-1.0309553
1424922410523,r,-0.5771332,-0.19798279,-1.0793762
1424922410527,a,-1.5905212,1.0804627,0.14725113
1424922410547,r,-0.4585724,-0.10292053,-1.1082153
1424922410558,a,-1.3385919,1.3593988,1.1159859
1424922410564,a,-2.5992982,1.5561651,0.100889206
1424922410569,r,-0.25028992,0.16517639,-1.1210327
1424922410583,r,-0.48954773,0.16197205,-0.9512024
1424922410595,a,-3.5916603,1.8030612,-0.5201769
1424922410606,r,-0.8089142,-0.16914368,-0.6574707
1424922410612,a,-2.8792574,1.8727148,2.1202116
1424922410626,a,-1.1343006,2.0509737,3.2745523
1424922410635,r,-0.63908386,-0.18196106,-0.5645447
1424922410653,r,-0.158432,-0.11039734,-0.68844604
1424922410662,a,-1.4687662,2.216064,3.3234444
1424922410669,r,0.24104309,-0.019607544,-0.64785767
1424922410671,a,-2.6226192,1.8411626,0.9953356
1424922410682,r,0.16200256,-0.001449585,-0.42141724
1424922410695,a,-2.9462845,1.6525857,0.2221384
1424922410703,r,0.035964966,-0.10719299,-0.20245361
1424922410708,a,-1.8025314,1.6049653,1.2709408
1424922410723,a,-1.179859,1.537447,1.5827789
1424922410731,r,0.24424744,-0.22789001,-0.15866089
1424922410740,a,-1.3068569,0.91457623,-0.35171127
1424922410745,r,0.5657501,-0.15739441,-0.10525513
1424922410760,r,0.4738922,-0.007858276,0.037872314
1424922410763,a,-1.4863312,0.3911153,-2.4233532
1424922410781,r,0.015670776,-0.019607544,0.16818237
1424922410785,a,-1.3478847,0.22596681,-1.5860834
1424922410800,a,-0.8005484,0.08406961,0.22545147
1424922410808,r,-0.15736389,-0.21614075,0.24615479
1424922410826,a,-0.065677926,-0.048809826,0.15015125
1424922410836,r,0.07762146,-0.22575378,0.28033447
1424922410842,a,0.6970098,-0.25992543,-1.388032
1424922410850,r,0.22395325,-0.08583069,0.25256348
1424922410858,r,0.003921509,0.08720398,0.105163574
1424922410860,a,0.70770115,-0.12878823,-1.2349777
1424922410878,r,-0.1509552,0.055160522,-0.011260986
1424922410882,a,-0.6139805,-0.17800671,-0.3819723
1424922410902,r,-0.15415955,-0.034561157,0.068847656
1424922410906,a,-0.7585696,-0.39902222,0.24070835
1424922410922,r,-0.09648132,-0.017471313,0.14575195
1424922410928,a,0.14115839,-0.40620184,0.49361324
1424922410944,r,-0.023849487,0.088272095,0.07418823
1424922410950,a,0.837369,0.02892971,0.45483303
1424922410960,a,-0.24083526,0.0010445118,0.49278736
1424922410966,r,0.016738892,0.07331848,-0.074279785
1424922410976,r,0.04878235,-0.036697388,-0.059326172
1424922410980,a,-1.0334407,-0.14494836,0.062063217
1424922410997,r,0.016738892,-0.039901733,0.07739258
1424922410999,a,-1.1115129,-0.4015547,-0.12020588
1424922411020,r,-0.046279907,0.0038909912,0.17886353
1424922411023,a,0.14419901,-0.28071773,0.12651634
1424922411035,r,-0.05482483,-0.02494812,0.07418823
1424922411038,a,0.40034547,-0.1915229,0.46865463
1424922411055,r,0.03916931,-0.07408142,-0.06466675
1424922411059,a,-0.8428,-0.23406982,0.7125273
1424922411074,r,0.15559387,-0.08583069,-0.021942139
1424922411077,a,-2.1583936,-0.50736207,0.25075054
1424922411094,r,0.18443298,0.01777649,0.18954468
1424922411098,a,-1.3949498,-0.33136773,-0.39480972
1424922411114,r,0.043441772,0.13633728,0.24935913
1424922411116,a,0.08510524,0.13402486,-0.7891445
1424922411134,r,-0.17765808,0.007095337,0.07632446
1424922411135,a,-0.12417573,0.25273597,-0.021101952
1424922411154,r,-0.18193054,-0.1851654,-0.009124756
1424922411160,a,-1.6829356,0.07505751,0.9831352
1424922411177,r,0.02848816,-0.068740845,0.18847656
1424922411190,a,-2.176122,-0.30143255,0.7498369
1424922411198,r,0.15132141,0.11390686,0.38394165
1424922411203,a,-0.8169634,-0.08976346,-0.2119646
1424922411216,r,0.040237427,0.19187927,0.34762573
1424922411225,a,-0.21762341,-0.15033549,-0.5056286
1424922411243,a,-1.1091795,-0.31705838,-0.3708048
1424922411250,r,-0.09861755,-0.02494812,0.2194519
1424922411256,a,-1.6887661,-0.7215869,-0.022289276
1424922411260,r,-0.11463928,-0.23857117,0.26644897
1424922411284,r,0.0060577393,-0.029220581,0.39141846
1424922411286,a,-0.95469177,-0.37854278,-0.17449188
1424922411292,r,-0.0056915283,0.4033661,0.43841553
1424922411294,a,-0.5380913,-0.3790608,-0.8935747
1424922411312,r,-0.21824646,0.26985168,0.39889526
1424922411316,a,-0.85055196,-0.4199741,0.32256794
1424922411332,r,-0.21076965,0.027389526,0.34121704
1424922411338,a,-1.0023681,-0.7943249,1.3679581
1424922411352,r,0.073349,-0.31333923,0.24829102
1424922411359,a,-1.0731097,0.027347982,1.1208143
1424922411373,r,0.32328796,0.015640259,0.3743286
1424922411381,a,-1.7227044,-0.16069293,-0.9859524
1424922411394,a,-1.5802635,-0.23036575,-1.7294359
1424922411399,r,0.009262085,0.37879944,0.59542847
1424922411411,r,-0.38487244,0.21430969,0.7161255
1424922411415,a,-0.67822486,-0.69447374,0.2838316
1424922411430,r,-0.38487244,0.008163452,0.6029053
1424922411432,a,-0.2302589,-0.709522,2.2112026
1424922411450,r,0.0594635,-0.14137268,0.4725952
1424922411454,a,-1.2232647,-0.46353015,1.4143238
1424922411470,r,0.20472717,0.14274597,0.6317444
1424922411476,a,-1.6486902,-0.48127395,-0.48384
1424922411491,r,-0.07939148,0.28160095,0.822937
1424922411495,a,-0.6810019,-0.48631543,-0.44918442
1424922411513,r,-0.23747253,0.28694153,0.8015747
1424922411527,a,-0.05840668,-0.9874128,1.0662098
1424922411538,a,-0.7350476,-1.2579433,1.7099848
1424922411541,r,-0.06550598,0.28694153,0.67019653
1424922411550,r,0.30085754,0.070114136,0.70544434
1424922411555,a,-0.97339344,-0.68161833,1.7652712
1424922411574,r,0.54759216,0.12779236,0.8848877
1424922411578,a,-0.8174742,-0.52344644,0.16523647
1424922411589,a,-1.1812334,-0.7804759,-0.8371372
1424922411599,r,0.43437195,0.2495575,1.0344238
1424922411609,a,-1.0069761,-1.3040968,-0.1585722
1424922411619,r,0.23570251,0.20256042,1.1903687
1424922411633,r,0.25065613,0.16517639,1.2832947
1424922411636,a,-0.11317143,-1.33774,-0.4983549
1424922411648,r,0.22395325,0.045547485,1.2843628
1424922411651,a,0.8633628,-1.0961192,-0.891407
1424922411668,a,-0.016389102,-1.1864519,-0.9946728
1424922411672,r,0.17268372,0.0049591064,1.1860962
1424922411688,r,0.07548523,0.11390686,1.2758179
1424922411692,a,-0.5853677,-1.2450863,-1.754405
1424922411707,r,-0.20115662,-0.037765503,1.5033264
1424922411710,a,-0.4414594,-1.9413564,-1.9738445
1424922411727,r,-0.40837097,-0.19584656,1.6176147
1424922411731,a,1.4101636,-1.7858539,-0.9090214
1424922411747,a,1.5482293,-1.5043662,-0.64632416
1424922411759,r,-0.3688507,-0.09971619,1.4584656
1424922411768,r,-0.2983551,0.06477356,1.3409729
1424922411776,a,0.5210858,-1.3388014,-0.5604439
1424922411785,r,-0.23320007,0.14808655,1.4520569
1424922411789,a,-0.40205157,-1.5651479,-1.2760124
1424922411805,r,-0.37312317,0.047683716,1.6881104
1424922411808,a,0.7304199,-1.3673735,-1.1829386
1424922411826,r,-0.5653839,-0.0025177002,1.6539307
1424922411833,a,2.6013348,-0.6181659,-0.2986622
1424922411848,r,-0.5782013,0.008163452,1.2811584
1424922411852,a,2.2920988,0.025628537,0.107354164
1424922411864,r,-0.49595642,-0.035629272,1.0760803
1424922411868,a,0.33105057,-0.26246375,0.19293404
1424922411884,r,-0.445755,0.067977905,1.2939758
1424922411887,a,-1.4440546,0.22975025,0.48084927
1424922411903,r,-0.26631165,0.18333435,1.7564697
1424922411907,a,0.4727486,-0.026228547,-0.04825878
1424922411923,r,-0.25776672,0.33073425,1.8451233
1424922411927,a,2.3137438,0.21122411,-0.5852909
1424922411943,r,-0.25883484,0.16517639,1.6304321
1424922411946,a,2.5632093,0.21134321,-0.5934992
1424922411963,r,-0.09648132,-0.04737854,1.3078613
1424922411966,a,2.6137178,0.33377022,-0.2612524
1424922411982,r,0.20899963,-0.12107849,1.1220093
1424922411986,a,0.68128926,0.4927955,-0.8310919
1424922412005,r,0.46961975,-0.09437561,1.3505859
1424922412008,a,-0.17353413,0.2942347,-2.4964418
1424922412023,r,0.40019226,-0.17448425,1.6923828
1424922412026,a,1.1685139,-0.047788054,-4.3657637
1424922412042,r,-0.21717834,-0.16273499,1.7895813
1424922412045,a,2.3942769,-0.5778792,-4.3605947
1424922412061,r,-0.89649963,-0.10612488,1.7137451
1424922412064,a,2.22465,-0.90923214,-1.2765646
1424922412081,r,-1.0054474,-0.40626526,1.7457886
1424922412084,a,1.1815708,-1.1770201,0.625515
1424922412100,r,-0.9573822,-0.6946564,1.9284363
1424922412104,a,1.8587395,-1.291287,0.85012436
1424922412121,r,-1.0161285,-0.7170868,1.8899841
1424922412127,a,3.225509,-0.9732925,1.6902819
1424922412147,r,-1.0257416,-0.60279846,1.4947815
1424922412162,a,3.7852926,-0.8312065,2.922906
1424922412167,a,2.7803302,-0.39838076,3.8943176
1424922412172,r,-0.7042389,-0.6700897,1.0258789
1424922412188,r,-0.24281311,-0.5686188,0.81759644
1424922412194,a,1.1760374,-0.22198772,3.5339794
1424922412200,r,0.031692505,-0.48316956,0.8912964
1424922412203,a,0.3466106,-0.07735908,1.644124
1424922412220,r,-0.11997986,-0.68717957,0.98742676
1424922412225,a,1.6390642,-0.22441477,0.43703365
1424922412239,r,-0.46391296,-0.77690125,0.7364197
1424922412243,a,2.9411314,-0.15709937,1.8689194
1424922412262,a,2.0824537,-0.01655054,3.6269703
1424922412269,r,-0.39234924,-0.5632782,0.2536316
1424922412280,a,-0.19299304,0.14553714,3.3997984
1424922412289,r,0.10646057,-0.19584656,-0.031555176
1424922412308,a,-1.2161807,0.07387698,1.2745428
1424922412320,r,0.5166168,0.034866333,0.042144775
1424922412322,a,0.23134553,0.22713804,-0.14514637
1424922412325,r,0.5166168,0.023117065,0.2397461
1424922412339,r,0.39378357,-0.062332153,0.13613892
1424922412341,a,1.4167227,0.13169318,0.0062065125
1424922412364,r,0.38417053,0.027389526,-0.15759277
1424922412369,a,0.8542708,-0.08534837,-0.16112518
1424922412383,a,-0.683162,-0.1895529,-0.51281166
1424922412387,r,0.38523865,0.25276184,-0.30926514
1424922412398,r,0.33076477,0.34461975,-0.17468262
1424922412403,a,-1.1379548,-0.122342944,-0.6044979
1424922412417,r,0.27415466,0.25489807,0.007965088
1424922412421,a,0.16252923,-0.0129644275,-0.6729069
1424922412436,a,1.5608901,0.02898717,-1.3781652
1424922412443,r,0.17802429,0.26023865,-0.025146484
1424922412459,a,1.1630677,-0.077848196,-1.1377783
1424922412465,r,-0.078323364,0.30937195,-0.2366333
1424922412480,r,-0.2631073,0.40870667,-0.3007202
1424922412484,a,-0.1532811,-0.13017654,0.46480083
1424922412498,r,-0.11997986,0.32539368,-0.21633911
1424922412506,a,-0.13269502,-0.22741568,1.2926817
1424922412517,r,0.121414185,0.38734436,-0.15866089
1424922412520,a,-0.27462876,-0.23397869,1.0347519
1424922412539,a,-0.44208115,-0.21025252,-0.16452122
1424922412550,r,0.1993866,0.87654114,-0.012329102
1424922412555,a,0.37103376,-0.17917973,-0.78938866
1424922412561,r,0.011398315,0.93208313,0.09555054
1424922412574,r,-0.2278595,0.8252716,-0.18536377
1424922412577,a,0.47314262,-0.88975936,0.11978817
1424922412594,r,0.0071258545,0.33073425,-0.27615356
1424922412596,a,0.076929614,-0.31334805,1.0042315
1424922412614,r,0.27842712,0.034866333,-0.25265503
1424922412619,a,-1.130322,-0.39432842,0.28418636
1424922412636,r,0.29658508,0.23246765,-0.04650879
1424922412646,a,-0.84496784,-0.22754717,-0.0025024414
1424922412656,r,0.2132721,0.42793274,-0.036895752
1424922412661,a,0.42570075,0.15542376,-0.45767403
1424922412675,r,0.15879822,0.08079529,-0.215271
1424922412683,a,-0.15185525,0.033765912,0.009584427
1424922412695,r,0.22822571,-0.3037262,-0.21954346
1424922412703,a,-0.44682598,-0.031791776,0.5430746
1424922412713,r,0.3264923,-0.2962494,-0.15438843
1424922412715,a,-0.9064175,-0.07062206,0.107191086
1424922412732,r,0.31047058,6.866455E-4,0.003692627
1424922412734,a,-0.6916181,-0.027308911,-0.26716328
1424922412754,r,0.21647644,0.07331848,0.08380127
1424922412757,a,0.03449166,-0.025657624,0.13533115
1424922412774,r,0.19725037,-0.07408142,0.011169434
1424922412779,a,0.67633986,0.38706607,1.0266199
1424922412794,r,0.28910828,-0.24925232,-0.08389282
1424922412805,a,-0.6230556,-0.14721842,0.81000805
1424922412816,r,0.35960388,-0.17341614,0.050689697
1424922412825,a,-0.32434386,0.101340644,0.3744545
1424922412832,r,0.29551697,0.026321411,0.11798096
1424922412833,a,0.28380868,0.35288846,1.3599615
1424922412850,r,0.3467865,0.22071838,0.07418823
1424922412852,a,1.0736407,0.5358375,2.932601
1424922412871,r,0.5903168,0.114974976,-0.11593628
1424922412874,a,-0.17831135,0.06139829,1.8098392
1424922412890,r,0.5443878,-0.1285553,0.052825928
1424922412894,a,-1.0455201,0.3991425,1.0519285
1424922412909,r,0.277359,-0.03135681,0.29421997
1424922412913,a,0.44980595,0.5003107,2.3966513
1424922412930,r,0.39378357,0.15983582,0.17352295
1424922412934,a,0.896711,0.5423324,3.33185
1424922412950,a,0.31855753,0.7313291,2.6060038
1424922412958,r,0.5636139,0.25810242,0.010101318
1424922412976,r,0.536911,0.5646515,-0.18643188
1424922412982,a,-0.014514895,0.43606073,1.3551798
1424922412990,r,0.07548523,0.6426239,-0.2441101
1424922412995,a,0.5550016,0.23019314,2.781374
1424922413009,r,0.0594635,1.2055206,-0.46307373
1424922413015,a,0.63173354,0.3709368,2.848504
1424922413031,r,0.040237427,1.2439728,-0.54959106
1424922413042,a,-0.47720397,0.23006111,0.8278904
1424922413048,r,-0.18086243,0.88508606,-0.5100708
1424922413055,a,0.50152165,0.21782029,1.3724918
1424922413067,r,-0.1723175,0.9651947,-0.76641846
1424922413070,a,0.3832217,-0.06831753,3.0161839
1424922413087,r,0.39912415,0.7003021,-0.7632141
1424922413090,a,-1.4257989,-1.0463626,3.140668
1424922413107,a,-1.3701367,-0.59317607,2.107419
1424922413111,r,1.1126251,0.33714294,-0.48443604
1424922413128,r,1.4853973,0.3894806,-0.18215942
1424922413141,a,-1.7690167,-0.50197893,0.806447
1424922413151,a,-0.714,-0.2657025,0.8515072
1424922413156,r,1.3999481,0.54115295,0.18847656
1424922413171,r,1.3999481,0.17585754,0.16711426
1424922413178,a,-0.8379313,-0.071974754,0.97661495
1424922413187,r,1.39888,-0.14778137,0.16818237
1424922413194,a,-1.5111318,-0.2894262,0.60355663
1424922413206,r,1.4768524,-0.35606384,0.31878662
1424922413222,a,-1.0365459,-0.45246673,0.491848
1424922413231,a,-0.22231507,-0.7306254,0.39037895
1424922413236,r,1.575119,-0.34965515,0.40637207
1424922413250,r,1.60289,-0.007858276,0.60931396
1424922413255,a,0.8773744,-0.6199651,1.2114801
1424922413267,a,0.9609841,-0.66821575,0.6800556
1424922413272,r,1.7577667,0.23887634,0.5430908
1424922413286,r,1.8026276,0.24421692,0.43841553
1424922413294,a,-1.09401,-1.4910536,-0.14818859
1424922413308,r,1.7342682,0.07972717,0.55804443
1424922413314,a,-0.85527873,-1.9341838,0.3012457
1424922413325,r,1.7278595,-0.075149536,0.5986328
1424922413328,a,0.5546423,-1.9021907,0.8476429
1424922413344,a,0.9526218,-1.8160181,0.52935123
1424922413349,r,1.8613739,-0.23857117,0.49822998
1424922413366,a,0.15764523,-1.6057906,-0.6876373
1424922413373,r,1.8581696,-0.18943787,0.39675903
1424922413385,r,1.6338654,-0.017471313,0.42666626
1424922413400,a,-0.052150726,-1.6842732,-1.4975471
1424922413412,r,1.315567,0.0038909912,0.41812134
1424922413416,a,1.2843949,-1.1758952,-1.265028
1424922413429,r,1.1275787,-0.19477844,0.16390991
1424922413436,a,2.5566008,-0.6121025,0.38261795
1424922413443,a,1.294838,-0.14555597,0.7113104
1424922413449,r,1.2568207,-0.24177551,-0.23022461
1424922413462,r,1.454422,-0.22361755,-0.26654053
1424922413468,a,-1.5893595,-0.46057272,-1.1486626
1424922413486,r,1.3497467,-0.24604797,0.11798096
1424922413492,a,-1.6945629,-0.6737218,-2.4742155
1424922413505,r,0.9705658,-0.12107849,0.42559814
1424922413509,a,0.57264364,-0.37207365,-1.3428345
1424922413522,r,0.7537384,0.19828796,0.33480835
1424922413526,a,1.8436989,0.012164593,0.5092678
1424922413549,a,0.6306721,-0.4704585,-0.024789333
1424922413552,r,0.82102966,0.3542328,0.064575195
1424922413562,r,0.7815094,0.27519226,-0.070007324
1424922413566,a,-0.43943453,-1.0404882,-0.5658083
1424922413581,r,0.59458923,0.34248352,0.07525635
1424922413583,a,-1.1558621,-0.69664574,0.668653
1424922413600,r,0.5155487,0.6490326,0.38394165
1424922413602,a,0.15983063,0.28215313,2.7652946
1424922413622,a,0.3111689,-0.110393524,1.5195699
1424922413636,r,0.907547,0.53474426,0.2899475
1424922413643,a,-0.1999383,-1.5179577,-0.34001303
1424922413651,r,1.0570831,0.114974976,0.16818237
1424922413667,a,-0.6956509,-2.317216,0.4882326
1424922413672,r,0.89152527,0.11817932,0.22372437
1424922413680,r,0.8092804,0.75691223,0.58154297
1424922413685,a,-0.10310757,-1.5579839,1.357913
1424922413700,r,0.86268616,0.94062805,0.66485596
1424922413704,a,0.47344208,-0.778769,1.0748715
1424922413723,r,1.0570831,0.4183197,0.43841553
1424922413731,a,-0.59277725,-1.2617989,-0.17731571
1424922413744,r,1.0602875,-0.011062622,0.36791992
1424922413754,a,-1.0241449,-1.772933,0.34707594
1424922413762,a,-1.017653,-1.4116898,2.0528178
1424922413764,r,1.2279816,0.014572144,0.44055176
1424922413778,r,1.6189117,0.3414154,0.7374878
1424922413781,a,-0.4183889,-1.249641,-0.31917763
1424922413798,r,1.4181061,0.3414154,0.8571167
1424922413802,a,0.7527614,-1.464776,-2.55973
1424922413817,r,0.9160919,0.15342712,0.53240967
1424922413823,a,1.0936658,-0.5527916,-0.36671114
1424922413840,a,-0.09282285,0.11868191,0.5978651
1424922413846,r,0.9299774,0.2004242,0.32839966
1424922413862,a,0.20344698,0.2638874,0.061754704
1424922413871,r,1.0805817,0.083999634,0.34014893
1424922413883,a,-1.1089764,-0.8465395,-1.0212569
1424922413887,r,1.3593597,-0.07621765,0.25683594
1424922413897,r,1.0912628,0.26664734,0.46084595
1424922413901,a,-3.1587293,-1.6207314,-5.167866
1424922413917,r,0.40446472,0.090408325,0.7385559
1424922413927,a,-0.88454247,-0.464262,-1.3766313
1424922413936,a,2.0629961,-1.469449,0.8534355
1424922413946,r,0.6009979,-0.04951477,0.91799927
1424922413972,a,2.122515,-2.8560095,-1.8617411
1424922413976,r,0.9855194,0.38093567,0.6830139
1424922413978,a,-1.6073678,-3.4319143,-6.342173
1424922413981,r,0.6405182,0.78575134,0.31344604
1424922413995,a,-1.2253678,-1.9474878,-2.2267985
1424922413998,r,-0.15950012,0.17799377,0.26965332
1424922414015,a,0.044854067,-2.0653381,0.037181377
1424922414018,r,0.13850403,-0.33576965,0.31451416
1424922414034,a,0.24779092,-2.8062954,-0.27847004
1424922414041,r,0.6394501,0.08934021,0.63601685
1424922414055,r,0.8605499,0.6703949,0.7385559
1424922414061,a,1.1332542,-3.3208475,-3.8006241
1424922414075,a,1.5938694,-2.6926584,-4.880974
1424922414082,r,0.31474304,0.3766632,0.43307495
1424922414095,a,0.52029186,-1.6588783,-2.4807055
1424922414099,r,-0.01637268,-0.3539276,0.029327393
1424922414113,r,0.04878235,-0.32081604,0.103027344
1424922414117,a,0.040855855,-1.9356585,-1.0378265
1424922414132,r,0.12889099,0.47813416,0.4085083
1424922414135,a,0.52933,-1.5732698,-2.2608893
1424922414152,r,-0.13172913,0.5315399,0.42453003
1424922414156,a,0.9042169,-1.3965435,-3.1868026
1424922414174,a,1.7424423,0.44024086,-0.086382866
1424922414178,r,-0.30369568,-0.24925232,0.12652588
1424922414196,r,-0.022781372,-0.037765503,0.01864624
1424922414199,a,2.3854494,0.7134781,-0.5208039
1424922414223,r,0.049850464,0.34461975,-0.21847534
1424922414232,a,1.1968243,0.2177782,-2.5587327
1424922414238,r,-0.34214783,0.35743713,-0.33917236
1424922414248,a,-1.0151453,-0.68192863,-3.8057544
1424922414254,r,-0.88261414,0.039138794,-0.16934204
1424922414260,a,-1.469183,-1.1036043,-0.65033007
1424922414274,r,-0.7939606,0.22285461,0.13934326
1424922414280,a,-0.29077455,-0.53161716,3.0833592
1424922414295,r,-0.24815369,0.5454254,0.26644897
1424922414306,a,0.7437646,-0.507781,2.558887
1424922414312,r,0.13316345,0.578537,-0.033691406
1424922414313,a,0.17801325,-0.22758293,-0.14554358
1424922414331,r,-0.013168335,0.21537781,-0.23556519
1424922414335,a,-0.9139365,-0.26271343,-1.7585034
1424922414353,r,-0.33146667,0.23139954,-0.10632324
1424922414358,a,-1.4823408,-0.23148823,-0.13632727
1424922414371,r,-0.35176086,0.33073425,0.09555054
1424922414374,a,-0.5485085,-0.43693638,0.9987159
1424922414389,r,-0.17445374,0.26557922,0.012237549
1424922414398,a,0.39353374,0.20298004,1.6253772
1424922414410,r,0.10218811,0.0957489,-0.14263916
1424922414420,a,-0.25247207,0.80172443,0.33657122
1424922414434,r,0.18122864,0.22285461,-0.023010254
1424922414438,a,-1.5382706,1.0771227,-1.59021
1424922414453,r,-0.084732056,0.3264618,0.25683594
1424922414462,a,-0.904986,0.9399395,-2.3084283
1424922414479,r,-0.34535217,0.26557922,0.38394165
1424922414484,a,-0.11840199,0.24994755,-0.85146713
1424922414490,r,-0.25242615,0.29655457,0.4373474
1424922414494,a,1.0954913,-0.057126045,0.99102974
1424922414510,a,1.9814751,0.590662,-0.061821938
1424922414522,r,0.14598083,0.62553406,0.39675903
1424922414534,r,0.21540833,0.58921814,0.07525635
1424922414538,a,1.6127743,0.56143284,-3.1092358
1424922414550,r,-0.18193054,-0.056991577,-0.37976074
1424922414552,a,-1.0706805,0.21103382,-3.465613
1424922414568,r,-0.45109558,-0.25032043,-0.2291565
1424922414571,a,-2.743341,0.24557781,-0.9513769
1424922414588,a,-1.3253297,0.54800034,0.8025508
1424922414592,r,-0.22892761,0.3905487,0.41278076
1424922414610,r,0.2132721,0.79216003,0.7182617
1424922414619,a,1.7596087,0.20349598,-1.0017729
1424922414631,r,0.25920105,0.33607483,0.25042725
1424922414633,a,2.9737873,-0.21185493,-4.008802
1424922414645,r,-0.13493347,-0.45646667,-0.38830566
1424922414649,a,1.1797762,-0.666214,-3.7198691
1424922414665,r,-0.39982605,-0.4714203,-0.42889404
1424922414670,a,-0.13146368,-0.3143978,-1.9199133
1424922414685,r,-0.3271942,0.07118225,-0.12875366
1424922414688,a,0.34479153,-0.41502666,-1.6804848
1424922414708,r,-0.29515076,0.31150818,-0.047576904
1424922414720,a,0.9311275,-1.1347952,-2.9589095
1424922414729,r,-0.5910187,0.12565613,-0.22381592
1424922414735,a,1.5677414,-1.3015528,-2.7298646
1424922414752,r,-0.73735046,-0.1990509,-0.47161865
1424922414758,a,0.90688884,-0.6866951,-0.65087414
1424922414764,r,-0.4874115,-0.29945374,-0.52075195
1424922414770,a,0.51694417,-0.9729881,-1.1168995
1424922414784,r,-0.44789124,-0.19798279,-0.530365
1424922414791,a,-0.075524196,-1.5039911,-2.484796
1424922414805,r,-0.79930115,-0.25779724,-0.48016357
1424922414811,a,-1.2191409,-1.9002953,-2.561442
1424922414825,r,-1.1859589,-0.45433044,-0.27508545
1424922414831,a,-0.7646793,-1.8244228,-0.501513
1424922414844,r,-1.1090546,-0.47035217,-0.20565796
1424922414853,a,-0.0063589364,-1.7992592,1.3755689
1424922414866,r,-0.7629852,-0.34965515,-0.22808838
1424922414872,a,0.30736953,-1.5721011,-0.16156626
1424922414882,r,-0.7063751,-0.57289124,-0.2718811
1424922414885,a,0.032843262,-1.8171248,-2.2407446
1424922414902,r,-1.0503082,-0.88157654,-0.25265503
1424922414906,a,0.19994532,-1.7453313,-2.9337502
1424922414922,r,-1.4828949,-0.5910492,-0.14904785
1424922414926,a,1.0110551,-1.7469382,-0.076934814
1424922414945,r,-1.4583282,0.1374054,-0.31674194
1424922414950,a,0.57614946,-2.1489906,1.2494726
1424922414962,r,-1.2276154,0.114974976,-0.46520996
1424922414971,a,-0.26374865,-2.0693402,-0.21538591
1424922414991,r,-1.1752777,-0.72242737,-0.50579834
1424922414998,a,-0.2782749,-1.6536894,-1.8752232
1424922415004,a,-0.36526552,-1.1576276,-1.2574248
1424922415010,r,-1.4572601,-0.68611145,-0.39898682
1424922415021,r,-1.6238861,0.1309967,-0.17788696
1424922415029,a,-0.98363537,-1.3392348,0.53517103
1424922415044,r,-1.493576,0.36598206,-0.0753479
1424922415050,a,-1.2289871,-2.0847492,0.51315784
1424922415067,r,-1.4423065,-0.41374207,-0.14370728
1424922415075,a,-0.6839841,-2.18609,-0.425467
1424922415083,a,0.28203708,-1.6999936,-1.0649462
1424922415088,r,-1.4273529,-1.016159,-0.1800232
1424922415103,r,-1.5106659,-0.6049347,-0.09136963
1424922415110,a,0.54779094,-1.5378785,-0.49781466
1424922415119,r,-1.5832977,0.3542328,-0.02835083
1424922415122,a,-0.101589784,-2.122754,-0.79812574
1424922415146,a,-0.5600966,-2.427445,-0.11911869
1424922415154,r,-1.7306976,0.47279358,0.007965088
1424922415161,r,-1.7093353,-0.24711609,-0.037963867
1424922415166,a,-0.29647624,-2.1371746,1.0982819
1424922415178,r,-1.4102631,-0.394516,-0.0027160645
1424922415183,a,0.15549435,-1.6946535,1.122386
1424922415200,r,-1.2009125,0.07331848,0.12866211
1424922415204,a,0.459048,-1.7130613,-0.4372654
1424922415223,a,0.1991258,-1.7409201,-1.6506453
1424922415232,r,-1.3408356,0.37773132,0.10409546
1424922415238,r,-1.6057281,0.06477356,0.09875488
1424922415242,a,-0.08874945,-2.6375413,-0.10472584
1424922415257,a,1.0613228,-2.6037297,1.5681925
1424922415260,r,-1.5224152,-0.3325653,0.021850586
1424922415277,a,1.4516721,-2.08412,0.9494829
1424922415280,r,-1.1731415,-0.2545929,-0.22595215
1424922415297,a,0.45542037,-2.056199,-0.123786926
1424922415300,r,-1.0332184,0.25810242,-0.39578247
1424922415326,r,-1.150711,0.49949646,-0.39578247
1424922415338,a,-1.0034637,-2.232463,-1.2517443
1424922415343,a,-1.6381563,-2.5971766,-0.71868134
1424922415350,r,-1.5256195,0.21537781,-0.159729
1424922415371,r,-1.632431,-0.40626526,0.07739258
1424922415384,a,0.17686862,-2.4595826,1.0848846
1424922415390,r,-1.3686066,-0.4447174,0.07312012
1424922415398,a,1.2420996,-2.52556,1.43645
1424922415403,a,0.97076684,-2.5763755,0.22977161
1424922415409,r,-1.1229401,0.3488922,-0.042236328
1424922415417,r,-1.1731415,0.64582825,-0.12234497
1424922415421,a,0.1948524,-2.4294908,-0.75563335
1424922415436,r,-1.4487152,0.2848053,-0.19390869
1424922415440,a,-0.14179865,-2.005683,-0.10638237
1424922415454,r,-1.7136078,0.12672424,-0.23983765
1424922415459,a,-0.060810417,-2.0444703,1.979804
1424922415474,r,-1.6334991,0.4172516,-0.28790283
1424922415478,a,0.13624418,-1.8773031,3.9643593
1424922415497,r,-1.2714081,0.6266022,-0.4267578
1424922415505,a,-0.92377436,-2.0189254,2.6422071
1424922415515,a,-2.213128,-1.42237,1.9991169
1424922415525,r,-1.2884979,0.5315399,-0.35412598
1424922415542,r,-1.4337616,0.34996033,-0.05291748
1424922415555,a,-1.5214298,-0.83344257,3.7564678
1424922415561,a,-0.4256537,-1.4587139,4.6137724
1424922415565,r,-1.3344269,0.37773132,0.09234619
1424922415575,r,-1.1090546,0.27519226,-0.09991455
1424922415579,a,-0.15921444,-1.6246482,4.4711914
1424922415593,r,-0.97554016,-0.16807556,-0.26013184
1424922415597,a,-0.094825864,-1.3149575,4.054141
1424922415612,r,-0.89115906,-0.5857086,-0.35092163
1424922415615,a,0.05305469,-0.6649202,3.3883533
1424922415633,r,-0.9349518,-0.32295227,-0.33596802
1424922415640,a,-0.19721365,-0.3838998,4.2204924
1424922415654,r,-0.6903534,0.21003723,-0.19390869
1424922415659,a,-0.5686109,-0.5010992,4.8830175
1424922415676,r,-0.3464203,0.4460907,-0.12982178
1424922415683,a,-0.8864062,-0.94155884,3.8601713
1424922415696,r,-0.24067688,0.016708374,-0.1800232
1424922415700,a,-1.0409088,-0.7705606,2.1527195
1424922415712,r,-0.24815369,-0.69999695,-0.16186523
1424922415715,a,-0.70791245,-0.15208888,1.6755314
1424922415730,r,-0.25883484,-0.76301575,-0.033691406
1424922415732,a,-0.12130678,0.082380295,2.2504263
1424922415750,r,-0.15950012,-0.3806305,0.052825928
1424922415753,a,0.058656693,-0.0020073652,1.6219645
1424922415770,r,-0.25242615,0.029525757,0.072052
1424922415774,a,-0.1269956,-0.16054845,0.9091244
1424922415799,a,-0.38014877,-0.15682471,2.2844696
1424922415808,r,-0.34214783,0.11817932,0.109436035
1424922415814,a,-0.28251314,0.046231866,2.4084444
1424922415820,r,-0.16056824,0.008163452,0.14041138
1424922415835,a,-0.14579463,0.30218756,0.75610065
1424922415841,r,0.017807007,-0.18943787,0.0859375
1424922415854,r,-0.0879364,-0.13282776,0.044281006
1424922415860,a,-0.7822535,0.38950384,0.5030136
1424922415870,r,-0.32398987,0.2506256,0.16177368
1424922415874,a,-1.2712427,0.09133744,0.8432417
1424922415890,a,-0.42330575,-0.31182182,1.1553936
1424922415894,r,-0.40837097,0.20576477,0.3657837
1424922415913,r,-0.3271942,-0.14564514,0.40530396
1424922415915,a,0.4841994,-0.56763256,2.2317848
1424922415928,r,-0.06336975,-0.19691467,0.2258606
1424922415931,a,0.8313147,-0.25932038,2.3362045
1424922415947,r,0.08189392,0.028457642,0.04748535
1424922415950,a,0.19278717,-0.21626306,1.2077675
1424922415967,r,0.10752869,0.065841675,0.04321289
1424922415975,a,0.3750677,-0.18378758,0.82026577
1424922415992,r,0.19725037,0.020980835,0.05496216
1424922415998,a,0.5558275,-0.13395333,1.7781973
1424922416010,r,0.360672,0.1448822,-0.100982666
1424922416018,a,0.19142526,-0.24496627,0.8900881
1424922416027,a,-0.5465636,0.09472966,-0.5538759
1424922416033,r,0.360672,0.14701843,-0.1875
1424922416050,r,0.12034607,0.015640259,-0.09030151
1424922416062,a,-0.74324626,-0.018269062,-1.0330305
1424922416071,a,-0.42277503,-0.05693984,0.024989128
1424922416078,r,-0.084732056,-0.11894226,0.06777954
1424922416088,r,-0.027053833,-0.14030457,0.16818237
1424922416090,a,0.22129655,-0.3293481,0.75676537
1424922416105,a,0.12762213,-0.31252992,0.13122654
1424922416116,r,0.17481995,-0.12962341,0.11798096
1424922416136,r,0.19404602,0.028457642,0.13934326
1424922416150,a,-0.4261431,-0.34260988,-0.16874313
1424922416158,r,0.29551697,-0.037765503,0.2546997
1424922416162,a,-0.12349856,-0.4178325,-0.09156895
1424922416167,r,0.40019226,-0.18409729,0.36044312
1424922416171,a,-0.06007415,-0.5608697,-0.122509
1424922416186,r,0.53904724,-0.255661,0.38287354
1424922416196,a,-0.10175282,-0.6014582,0.21270943
1424922416208,a,0.115853965,-0.5380298,0.47045708
1424922416217,r,0.7024689,-0.21614075,0.36151123
1424922416226,r,0.90434265,-0.27061462,0.34762573
1424922416229,a,-0.25297216,-0.76035404,0.9596977
1424922416243,r,1.167099,-0.44685364,0.32839966
1424922416246,a,0.5526181,-0.85532165,0.9783106
1424922416263,r,1.2792511,-0.62202454,0.037872314
1424922416266,a,0.99672675,-0.99037874,0.48446083
1424922416287,r,0.95240784,-0.28450012,-0.21954346
1424922416299,a,0.44952488,-0.66756874,-1.3659487
1424922416305,r,0.26026917,0.25382996,-0.29110718
1424922416312,a,-1.025442,-0.74635935,-0.77899265
1424922416329,r,-0.100753784,0.5080414,-0.025146484
1424922416335,a,-1.5753508,-1.098427,0.17370033
1424922416350,a,-0.07919502,-1.4222305,-0.1444521
1424922416355,r,-0.17765808,0.18974304,0.29101563
1424922416362,r,-0.27912903,-0.15205383,0.27072144
1424922416366,a,1.4060724,-1.9440186,-0.81774235
1424922416384,a,1.4007938,-2.1305609,-0.38410854
1424922416387,r,-0.4040985,-0.13496399,0.10195923
1424922416407,r,-0.6284027,0.6362152,-0.25265503
1424922416418,a,-0.1171771,-2.1770318,0.6721916
1424922416423,a,-1.719068,-2.3147368,2.7208881
1424922416426,r,-0.47673035,0.7067108,-0.2013855
1424922416442,r,0.11820984,0.045547485,0.17459106
1424922416446,a,0.89334756,-2.1526325,2.9096222
1424922416461,r,0.73023987,-0.4447174,-0.08816528
1424922416468,a,3.0774891,-2.5149403,1.5456152
1424922416491,a,2.0831006,-2.163998,-0.42336655
1424922416494,r,0.9481354,-0.10826111,-0.8262329
1424922416500,r,0.6907196,0.4044342,-1.1616211
1424922416502,a,-1.5202837,-1.975698,-1.3768187
1424922416519,r,0.26026917,0.12245178,-0.79953
1424922416523,a,-2.1012442,-1.7381197,-0.82209396
1424922416546,a,0.86521727,-1.2176819,0.7197561
1424922416554,r,0.14704895,-0.3742218,-0.4128723
1424922416564,r,0.33396912,-0.30799866,-0.61154175
1424922416580,a,2.3597333,-0.8976605,-0.02864933
1424922416590,r,0.16307068,0.059432983,-1.1861877
1424922416593,a,-0.6072747,-0.9101304,-0.5934782
1424922416614,a,-4.743816,-0.7952127,0.9639282
1424922416631,r,-0.31758118,0.10536194,-0.94158936
1424922416642,a,-2.6167765,-1.6426449,1.6289396
1424922416644,r,-0.31544495,-0.39131165,-0.11166382
1424922416646,r,0.07014465,-1.0407257,0.13720703
1424922416650,a,2.2038512,-0.781961,1.6638651
1424922416658,r,0.45466614,-0.7395172,-0.40219116
1424922416660,a,3.1531622,0.26160046,0.076826096
1424922416680,r,0.47496033,-0.33363342,-0.78778076
1424922416683,a,-0.45376873,0.7257673,-2.750002
1424922416706,r,-0.28019714,-0.3037262,-0.43850708
1424922416711,a,-3.2441044,0.07053955,-2.437439
1424922416718,r,-0.8527069,-0.39344788,0.04107666
1424922416729,a,0.0091523975,-0.669283,0.9087324
1424922416740,r,-0.40837097,-0.36888123,-0.1458435
1424922416748,a,2.844272,-0.46209097,1.5923824
1424922416760,r,0.24531555,0.0818634,-0.6766968
1424922416762,a,1.7772578,0.10818973,-0.2808075
1424922416776,a,-1.9268693,0.19276601,-3.4649057
1424922416779,r,0.35533142,0.27305603,-0.7888489
1424922416796,a,-2.7486858,-0.3269062,-2.5221672
1424922416800,r,-0.4094391,0.07118225,-0.419281
1424922416816,r,-0.8430939,-0.0655365,-0.08175659
1424922416822,a,0.08545047,-0.34818134,1.2737389
1424922416836,r,-0.31010437,0.092544556,-0.2505188
1424922416845,a,2.398187,0.21341762,1.650568
1424922416855,r,0.3745575,0.55610657,-0.66922
1424922416866,a,0.5283912,0.123779446,-0.47886562
1424922416878,a,-3.1035597,0.9090515,-3.6139584
1424922416882,r,0.40126038,0.47279358,-0.502594
1424922416894,r,-0.2769928,-0.38276672,0.0058288574
1424922416897,a,-2.1313593,2.0648348,-0.85601425
1424922416914,a,0.060757153,1.8536713,1.1457281
1424922416918,r,-0.56858826,-0.08369446,-0.074279785
1424922416933,r,-0.076187134,0.5176544,-0.14477539
1424922416938,a,-1.0665292,1.0580492,0.9861679
1424922416954,r,0.4033966,0.5860138,0.16711426
1424922416957,a,-2.3645136,0.39374623,-2.5204058
1424922416983,a,-0.02893065,1.2253058,-3.314045
1424922416995,r,0.038101196,0.010299683,0.44055176
1424922417000,r,-0.7555084,-0.15312195,0.111572266
1424922417006,a,-0.111502185,1.1850564,-0.9595566
1424922417019,a,-2.741776,-0.6236178,2.417615
1424922417025,r,-1.0097198,0.31791687,0.2258606
1424922417038,r,-0.32398987,0.64582825,0.8432312
1424922417043,a,-3.0254517,-0.187294,2.0137444
1424922417055,r,0.14491272,-0.22041321,1.2266846
1424922417061,a,2.2153482,1.5868018,-2.4061432
1424922417071,r,-0.42546082,-0.9638214,0.62960815
1424922417075,a,4.2837167,2.8759642,-0.6830797
1424922417092,r,-1.0417633,-0.14350891,-0.08068848
1424922417094,a,1.2570171,1.1907883,1.2367792
1424922417111,r,-0.760849,0.26664734,-0.2088623
1424922417115,a,-2.1695874,1.4702998,2.7658453
1424922417132,r,-0.22892761,0.025253296,0.048553467
1424922417135,a,-0.8346983,3.4141874,2.000288
1424922417160,a,-0.15090284,4.169454,2.0534258
1424922417175,r,0.051986694,-0.30586243,0.0026245117
1424922417184,a,-2.0945504,3.5220954,2.1733418
1424922417190,r,0.13529968,-0.09223938,0.0058288574
1424922417192,a,-2.5026448,2.292688,3.1989279
1424922417194,r,0.19831848,0.22712708,0.40637207
1424922417210,r,0.60313416,0.38414,0.5398865
1424922417214,a,0.3513651,1.2464523,4.1354256
1424922417230,a,2.4640386,1.1559582,1.5003328
1424922417238,r,1.213028,0.22071838,0.5292053
1424922417259,a,2.2166116,-1.4218059,-0.8109102
1424922417271,r,1.3016815,-0.23963928,0.26431274
1424922417279,a,1.184015,-0.85880196,-1.20263
1424922417287,r,0.84132385,-0.14884949,-0.037963867
1424922417296,r,0.5283661,0.24848938,-0.039031982
1424922417301,a,0.119277164,-1.1118865,-1.1548367
1424922417308,r,0.4300995,0.3691864,0.05923462
1424922417311,a,0.53340435,-0.8622439,-0.5757923
1424922417328,r,0.5625458,0.05088806,0.06777954
1424922417330,a,0.22783217,-1.7376895,-1.1572771
1424922417348,r,0.5999298,-0.36888123,0.09020996
1424922417354,a,-0.1733644,-0.49843803,-1.6919909
1424922417370,r,0.5219574,-0.5130768,0.066711426
1424922417375,a,-0.16731176,1.0112132,-0.6773882
1424922417389,a,-0.32504484,1.6604882,-0.4077587
1424922417398,r,0.35960388,-0.22575378,-0.05078125
1424922417413,a,-0.6102642,0.4049165,-1.1719675
1424922417423,r,0.02848816,0.1662445,-0.1949768
1424922417428,r,-0.21931458,0.30937195,-0.19924927
1424922417432,a,-0.6693226,0.11611977,-0.40811253
1424922417446,r,-0.21717834,0.3200531,-0.14263916
1424922417454,a,-0.7418379,-0.42696723,0.093681335
1424922417471,r,-0.11784363,0.20149231,0.012237549
1424922417476,a,-0.52411973,-0.34962112,0.71190834
1424922417487,a,0.41321355,-0.5761718,0.4688635
1424922417495,r,-0.022781372,-0.18409729,0.042144775
1424922417506,r,-3.5095215E-4,-0.19050598,-0.08602905
1424922417512,a,0.7565795,-0.27251488,0.55545044
1424922417531,a,0.10912268,-0.30010498,0.70821095
1424922417543,r,0.06373596,-0.20652771,-0.23556519
1424922417546,r,0.23570251,-0.30799866,-0.2932434
1424922417548,a,-0.22157666,-0.4257392,0.6830778
1424922417565,r,0.30513,-0.27488708,-0.24517822
1424922417569,a,0.32410255,0.10799715,-0.065761566
1424922417585,r,0.23997498,-0.093307495,-0.29431152
1424922417590,a,-0.08317262,-0.04383582,-0.10665989
1424922417604,r,0.22822571,-0.0655365,-0.24304199
1424922417608,a,-0.8777353,-0.10234997,0.62971497
1424922417624,r,0.37989807,-0.14564514,-0.070007324
1424922417627,a,-1.0581924,0.04131317,0.73320293
1424922417645,a,-0.43617454,-0.043124378,-0.374506
1424922417650,r,0.54545593,-0.338974,0.0368042
1424922417666,a,-0.0010516196,0.2683565,-0.7313347
1424922417677,r,0.45466614,-0.45326233,-0.004852295
1424922417689,a,0.095780045,0.16377127,0.4100561
1424922417695,r,0.2762909,-0.29304504,-0.02407837
1424922417703,a,-0.050844476,-0.1740979,0.5338812
1424922417714,r,0.3478546,-0.04737854,-0.004852295
1424922417723,r,0.49525452,-0.29304504,-0.07107544
1424922417726,a,-0.08497797,-0.63070154,-0.5082903
1424922417742,r,0.37028503,-0.3742218,-0.20245361
1424922417744,a,0.22813666,-0.28457987,-1.2806082
1424922417762,r,0.080825806,-0.29304504,-0.3562622
1424922417765,a,-0.32908094,-0.353813,-0.36803627
1424922417787,r,0.10646057,-0.1146698,-0.33917236
1424922417795,a,-0.29099208,-0.36972392,-0.13330173
1424922417805,r,0.26454163,0.06690979,-0.21420288
1424922417812,a,-0.04709336,-0.24891591,-0.6522007
1424922417825,a,-0.9329927,-0.51788425,-0.7835531
1424922417832,r,0.2688141,0.05836487,-0.21099854
1424922417841,r,0.16520691,-0.093307495,-0.1458435
1424922417845,a,-0.72417665,0.1243279,-0.279809
1424922417861,r,0.08830261,-0.13282776,0.16604614
1424922417863,a,-0.90099746,0.094895005,0.27702236
1424922417887,r,0.08937073,-0.17448425,0.40316772
1424922417897,a,0.26391166,-0.14319909,-0.13809872
1424922417904,r,0.07121277,-0.23750305,0.29849243
1424922417911,a,1.0395374,-0.45593882,-0.2949667
1424922417928,r,0.0103302,-0.28770447,-0.004852295
1424922417935,a,1.220141,-0.4649129,-0.3872776
1424922417946,r,-0.1370697,-0.36567688,-0.15332031
1424922417956,a,-0.38812125,-0.23813891,0.03102398
1424922417961,r,-0.21290588,-0.4853058,0.09341431
1424922417963,a,-0.8146907,-0.08315456,0.27106953
1424922417978,r,-0.2492218,-0.39237976,0.27392578
1424922417982,a,0.035025716,-0.50074923,0.59023
1424922417998,r,-0.13279724,-0.27488708,0.15002441
1424922418001,a,1.319184,0.36299253,0.90559673
1424922418019,r,0.101119995,-0.27061462,-0.067871094
1424922418023,a,-0.32463932,-0.17518318,0.95722866
1424922418039,r,0.20899963,-0.35606384,0.03894043
1424922418044,a,-1.3132004,0.032759547,-0.06688309
1424922418062,r,0.08937073,-0.422287,0.28567505
1424922418068,a,-0.57868814,-0.056848288,-0.55834675
1424922418085,a,0.59327245,-0.31699836,0.4417076
1424922418091,r,-0.0035552979,-0.21720886,0.32946777
1424922418098,r,0.11820984,-0.09971619,0.22692871
1424922418101,a,1.089548,-0.0884825,0.012973785
1424922418119,r,0.17802429,-0.27275085,0.004760742
1424922418121,a,0.13443899,-0.23918927,0.05570507
1424922418139,r,0.1299591,-0.41374207,0.06991577
1424922418144,a,-0.85112166,-0.29244423,0.040616035
1424922418158,r,0.0872345,-0.6562042,0.2333374
1424922418164,a,-0.18186867,-0.2204032,-0.33253193
1424922418178,a,0.79370844,-0.022770882,-0.853611
1424922418184,r,0.05091858,-0.5290985,0.23226929
1424922418197,r,-0.05482483,0.49736023,0.017578125
1424922418200,a,0.8857026,-0.22251487,-1.0834284
1424922418216,r,-0.16911316,0.061569214,-0.070007324
1424922418221,a,0.5911361,-0.17261386,-0.68793297
1424922418235,r,-0.3410797,-0.24711609,-0.08389282
1424922418237,a,0.74532294,-0.31281877,-0.13105297
1424922418255,r,-0.39341736,-0.19584656,-0.14477539
1424922418257,a,0.8609792,-0.036658168,-0.3072796
