1425161249357,a,-0.11492168,0.0,9.5385
1425161249359,r,-0.056565322,0.53652203,0.022723088
1425161249362,r,-0.0394611,0.011177886,0.005618861
1425161249366,a,0.0,0.038307227,9.768343
1425161249386,a,0.11492168,0.038307227,10.036493
1425161249392,r,-0.03090898,-0.22217263,-0.007820174
1425161249400,a,0.038307227,0.0,9.998186
1425161249408,r,-0.051678397,0.16755939,0.015392705
1425161249416,a,-0.076614454,0.0,9.691729
1425161249428,r,-0.038239367,-0.036469605,-0.004154983
1425161249436,a,-0.038307227,0.038307227,9.80665
1425161249446,a,0.038307227,0.038307227,10.036493
1425161249449,r,-0.034574173,-0.1403167,-0.0017115222
1425161249466,a,0.0,0.038307227,9.883265
1425161249469,r,-0.052900128,0.10280767,7.31939E-4
1425161249479,a,-0.038307227,0.0,9.691729
1425161249490,r,-0.043126285,-0.014478455,7.31939E-4
1425161249496,a,0.038307227,0.038307227,9.921572
1425161249510,r,-0.04923494,-0.10610824,-0.0029332526
1425161249516,a,0.076614454,0.038307227,9.998186
1425161249529,a,-0.038307227,0.038307227,9.80665
1425161249532,r,-0.044348016,0.11502498,0.0031754
1425161249546,a,-0.038307227,0.0,9.80665
1425161249550,r,-0.034574173,-0.10732997,0.005618861
1425161249560,a,0.038307227,0.038307227,9.998186
1425161249567,r,-0.04923494,-0.07678671,0.0043971306
1425161249577,a,0.0,0.038307227,9.959879
1425161249587,r,-0.050456673,0.0881469,0.0031754
1425161249597,a,-0.076614454,0.038307227,9.768343
1425161249606,a,0.0,0.038307227,9.921572
1425161249610,r,-0.045569748,-0.10488651,0.0019536694
1425161249627,a,0.076614454,0.038307227,9.959879
1425161249631,r,-0.041904554,0.02217346,0.0043971306
1425161249636,a,0.0,0.038307227,9.844957
1425161249647,r,-0.045569748,0.006290964,0.0043971306
1425161249667,r,-0.038239367,-0.09144747,-0.0017115222
1425161249682,a,0.038307227,0.038307227,9.959879
1425161249687,a,0.0,0.038307227,9.883265
1425161249692,r,-0.034574173,0.036834225,0.0068405913
1425161249707,a,-0.038307227,0.0,9.80665
1425161249712,r,-0.04923494,-0.040134795,0.0068405913
1425161249717,a,0.0,0.038307227,9.921572
1425161249731,r,-0.051678397,-0.02547403,0.0019536694
1425161249748,r,-0.052900128,0.027060382,-0.0029332526
1425161249756,a,-0.038307227,0.038307227,9.844957
1425161249770,a,0.0,0.038307227,9.883265
1425161249778,r,-0.040682822,-0.069456324,7.31939E-4
1425161249791,a,0.038307227,0.0,9.921572
1425161249798,r,-0.045569748,-0.0083698025,0.0031754
1425161249801,a,0.0,0.038307227,9.883265
1425161249812,r,-0.043126285,-0.013256724,0.0068405913
1425161249817,a,0.0,0.0,9.883265
1425161249830,a,0.038307227,0.0,9.921572
1425161249833,r,-0.04679148,-0.038913064,-0.0017115222
1425161249846,a,0.0,0.038307227,9.883265
1425161249850,r,-0.051678397,0.014843077,0.005618861
1425161249866,a,-0.038307227,0.0,9.883265
1425161249869,r,-0.044348016,-0.031582683,7.31939E-4
1425161249880,a,0.0,0.038307227,9.921572
1425161249887,r,-0.04679148,-0.009591532,7.31939E-4
1425161249906,a,0.0,0.038307227,9.844957
1425161249911,r,-0.04801321,-0.010813263,0.0031754
1425161249928,a,0.0,0.0,9.883265
1425161249933,r,-0.04801321,-0.030360952,0.0068405913
1425161249952,r,-0.0394611,-0.0047046104,0.0031754
1425161249973,a,0.0,0.038307227,9.883265
1425161249981,r,-0.043126285,-0.031582683,-0.0017115222
1425161249988,a,0.0,0.0,9.921572
1425161249997,r,-0.05412186,-0.018143646,7.31939E-4
1425161250006,a,0.0,0.038307227,9.883265
1425161250021,r,-0.04923494,-0.013256724,0.0068405913
1425161250036,a,0.0,0.0,9.921572
1425161250039,r,-0.04923494,-0.057239026,0.0031754
1425161250056,a,0.0,0.0,9.883265
1425161250060,r,-0.038239367,-0.041356526,0.009284053
1425161250066,a,0.0,0.0,9.921572
1425161250082,r,-0.041904554,-0.013256724,0.0019536694
1425161250086,a,0.038307227,0.038307227,9.883265
1425161250099,r,-0.045569748,1.8231105E-4,0.0068405913
1425161250106,a,0.0,0.038307227,9.883265
1425161250116,a,0.0,0.0,9.921572
1425161250120,r,-0.051678397,0.006290964,0.0043971306
1425161250136,a,0.0,0.0,9.883265
1425161250139,r,-0.04923494,-0.016921915,0.008062322
1425161250157,r,-0.052900128,-0.03280441,-0.004154983
1425161250166,a,0.0,0.038307227,9.921572
1425161250183,r,-0.05412186,-0.010813263,0.0031754
1425161250189,a,-0.038307227,0.0,9.883265
1425161250200,r,-0.044348016,-0.014478455,0.0019536694
1425161250206,a,0.0,0.0,9.883265
1425161250228,a,0.0,0.038307227,9.883265
1425161250231,r,-0.044348016,-0.021808837,7.31939E-4
1425161250250,r,-0.045569748,-0.010813263,0.0031754
1425161250267,r,-0.04923494,-0.020587109,0.009284053
1425161250274,r,-0.038239367,-0.015700184,-0.0029332526
1425161250282,a,0.0,0.0,9.883265
1425161250296,a,0.0,0.038307227,9.883265
1425161250306,a,0.0,0.038307227,9.921572
1425161250309,r,-0.05534359,-0.02547403,0.0031754
1425161250329,a,0.0,0.0,9.921572
1425161250335,r,-0.051678397,-0.015700184,-4.897914E-4
1425161250363,a,0.0,0.038307227,9.883265
1425161250372,r,-0.04679148,0.0026257727,7.31939E-4
1425161250380,a,0.0,0.0,9.883265
1425161250382,r,-0.05534359,-0.03280441,-0.0065984437
1425161250388,a,0.0,0.038307227,9.883265
1425161250391,r,-0.0394611,-0.040134795,0.0031754
1425161250406,a,0.038307227,0.038307227,9.883265
1425161250409,r,-0.044348016,-0.1085517,-0.004154983
1425161250427,a,0.076614454,0.0,9.959879
1425161250432,r,-0.043126285,-0.11466035,-4.897914E-4
1425161250440,a,0.076614454,0.038307227,9.921572
1425161250450,r,-0.037017636,-0.04746518,0.0019536694
1425161250456,a,0.038307227,0.038307227,9.844957
1425161250471,a,0.076614454,0.0,9.883265
1425161250474,r,-0.044348016,-0.08289536,-0.0029332526
1425161250487,a,0.076614454,0.0,9.921572
1425161250490,r,-0.038239367,-0.11466035,0.0043971306
1425161250506,r,-0.04801321,-0.014478455,-0.0029332526
1425161250516,a,0.038307227,0.038307227,9.883265
1425161250528,r,-0.044348016,0.050273262,0.0043971306
1425161250536,a,0.038307227,0.038307227,9.844957
1425161250549,a,0.038307227,0.0,9.883265
1425161250552,r,-0.04679148,0.01728654,0.0068405913
1425161250568,a,0.076614454,0.0,9.883265
1425161250570,r,-0.04801321,-0.030360952,-4.897914E-4
1425161250577,a,0.038307227,0.0,9.80665
1425161250591,r,-0.059008785,0.003847503,0.0031754
1425161250600,a,0.076614454,0.038307227,9.883265
1425161250611,r,-0.038239367,-0.14153843,0.0043971306
1425161250620,a,0.11492168,0.038307227,9.959879
1425161250627,a,0.076614454,0.038307227,9.883265
1425161250629,r,-0.040682822,-0.0963344,0.0019536694
1425161250646,a,0.038307227,0.0,9.768343
1425161250650,r,-0.044348016,-0.07189979,0.0068405913
1425161250656,a,0.15322891,0.0,9.959879
1425161250668,r,-0.04923494,-0.3895497,-0.0029332526
1425161250676,a,0.2681506,0.15322891,9.959879
1425161250687,r,-0.051678397,-0.19529457,0.012949244
1425161250696,a,0.15322891,0.2681506,9.883265
1425161250707,a,0.076614454,0.15322891,9.883265
1425161250710,r,-0.04923494,0.039277688,0.14245267
1425161250727,a,0.34476504,0.2681506,9.883265
1425161250730,r,-0.040682822,0.016064808,0.2279738
1425161250739,a,0.45968673,0.22984336,9.921572
1425161250747,r,-0.041904554,0.027060382,0.4197855
1425161250756,a,0.0,0.22984336,9.883265
1425161250769,r,-0.043126285,0.0637123,0.6372535
1425161250777,a,-0.22984336,0.49799395,9.844957
1425161250786,a,-0.11492168,0.5363012,9.921572
1425161250790,r,-0.041904554,-0.04379999,0.6861228
1425161250806,a,-0.038307227,0.5363012,9.921572
1425161250809,r,-0.035795905,-0.14520362,0.5053066
1425161250821,a,0.038307227,0.6895301,9.921572
1425161250827,r,-0.044348016,-0.07312152,0.11190941
1425161250836,a,0.038307227,0.9576807,9.883265
1425161250847,r,-0.050456673,-0.048686907,-0.14831918
1425161250856,a,0.19153613,1.340753,9.883265
1425161250870,a,0.19153613,1.4173675,9.883265
1425161250873,r,-0.050456673,0.013621347,-0.11411072
1425161250887,a,0.15322891,1.532289,9.883265
1425161250891,r,-0.045569748,0.028282113,-0.07257189
1425161250896,a,0.038307227,1.6472107,9.883265
1425161250907,r,-0.051678397,0.09669902,-0.08967611
1425161250920,a,-0.15322891,1.8770541,9.883265
1425161250927,r,-0.04923494,0.034390766,-0.039585166
1425161250940,a,-0.11492168,2.0685902,9.883265
1425161250948,a,0.076614454,2.7581203,9.921572
1425161250950,r,-0.041904554,0.057603642,0.08747481
1425161250970,a,0.4213795,2.7581203,9.844957
1425161250977,a,0.49799395,2.834735,9.844957
1425161250979,r,-0.04923494,0.07226441,0.20720439
1425161250998,a,0.38307226,3.1411927,9.883265
1425161251002,r,-0.038239367,-0.02791749,0.30249938
1425161251017,a,0.38307226,3.715801,9.883265
1425161251020,r,-0.04801321,-0.012034993,0.29394728
1425161251027,a,0.30645782,3.6008794,9.80665
1425161251039,r,-0.04801321,0.009956155,-0.053024203
1425161251046,a,0.076614454,3.4476504,9.883265
1425161251057,a,0.15322891,3.7924154,9.844957
1425161251060,r,-0.051678397,-0.015700184,-0.38777834
1425161251077,a,0.4213795,3.6008794,9.921572
1425161251079,r,-0.052900128,-0.02913922,-0.32302663
1425161251096,a,0.15322891,3.5242648,9.844957
1425161251099,r,-0.040682822,-0.030360952,-0.16786687
1425161251108,a,0.076614454,3.1794999,9.768343
1425161251116,r,-0.0235786,-0.040134795,0.12779191
1425161251129,a,-0.076614454,2.873042,9.959879
1425161251137,a,-0.038307227,3.0262709,9.691729
1425161251140,r,-0.038239367,-0.037691336,0.29028207
1425161251156,a,0.11492168,2.834735,10.0748005
1425161251160,r,-0.04801321,-0.07678671,0.3550338
1425161251176,a,0.15322891,2.4899697,9.768343
1425161251179,r,-0.043126285,-0.045021717,0.32204705
1425161251190,a,-0.038307227,1.9536686,10.036493
1425161251196,r,-0.059008785,-0.041356526,0.21453477
1425161251206,a,-0.22984336,1.5705963,9.80665
1425161251216,a,-0.2681506,1.1492168,9.653421
1425161251220,r,-0.050456673,-0.037691336,-0.07868054
1425161251236,a,-0.30645782,0.6512229,9.883265
1425161251240,r,-0.02724379,-0.041356526,-0.2729357
1425161251258,a,-0.2681506,0.6895301,10.036493
1425161251262,r,-0.044348016,-0.04379999,-0.04935901
1425161251266,a,-0.11492168,0.5746084,9.768343
1425161251279,r,-0.04801321,-0.007148071,0.21942168
1425161251297,a,0.19153613,-0.15322891,9.730036
1425161251301,r,-0.050456673,-0.045021717,0.22064342
1425161251317,a,0.38307226,0.11492168,9.921572
1425161251324,r,-0.05412186,-0.014478455,0.083809614
1425161251329,a,0.4213795,0.30645782,10.113108
1425161251341,r,-0.02846552,-0.035247874,-0.010263635
1425161251346,a,0.30645782,0.0,9.11712
1425161251359,r,-0.11032147,-0.11343862,-0.17397553
1425161251366,a,0.45968673,-0.6512229,10.0748005
1425161251377,a,0.6895301,-0.2681506,9.883265
1425161251380,r,-0.061452247,-0.07678671,-0.19107975
1425161251396,a,0.7278373,-0.5363012,9.653421
1425161251400,r,-0.057787053,-0.042578258,-0.09578477
1425161251416,a,0.49799395,-1.4556746,9.921572
1425161251420,r,-0.05534359,0.041721147,0.04837943
1425161251431,a,0.19153613,-1.6089035,9.959879
1425161251445,r,-0.051678397,-0.02547403,0.07403577
1425161251449,a,0.34476504,-1.2258313,9.844957
1425161251459,a,0.5363012,-1.4939818,10.113108
1425161251462,r,-0.035795905,0.0087344255,0.12779191
1425161251477,a,0.30645782,-1.9919758,9.653421
1425161251481,r,-0.06878263,0.09669902,0.1595569
1425161251496,a,-0.19153613,-2.4516625,9.921572
1425161251499,r,-0.07611301,0.01728654,0.17666112
1425161251509,a,-0.4213795,-2.6431987,9.959879
1425161251517,r,-0.043126285,-0.021808837,0.12046153
1425161251530,a,-0.45968673,-2.873042,9.883265
1425161251536,a,-0.15322891,-3.1028855,9.80665
1425161251539,r,-0.0394611,-0.037691336,0.036162123
1425161251556,a,0.30645782,-2.9879637,9.844957
1425161251560,r,-0.02724379,-0.0682346,0.20964785
1425161251566,a,0.4213795,-2.9879637,9.998186
1425161251578,r,-0.034574173,0.028282113,0.37824667
1425161251586,a,0.38307226,-3.4093432,9.844957
1425161251596,r,-0.02724379,0.10891633,0.45277223
1425161251606,a,-0.11492168,-3.9073372,9.959879
1425161251616,a,-0.6895301,-3.6391866,9.883265
1425161251619,r,-0.04923494,0.10280767,0.39901608
1425161251638,a,-1.0342951,-4.175488,9.921572
1425161251642,r,-0.043126285,0.15656382,0.14489613
1425161251646,a,-0.9959879,-4.5202527,9.844957
1425161251663,r,-0.044348016,-0.010813263,-0.17519726
1425161251667,a,-0.2681506,-4.1371803,9.959879
1425161251678,r,-0.040682822,-0.053573832,-0.40488258
1425161251686,a,0.2681506,-3.1794999,9.921572
1425161251696,a,0.19153613,-2.873042,9.921572
1425161251700,r,-0.043126285,-0.0242523,-0.60158116
1425161251716,a,0.0,-2.681506,9.883265
1425161251720,r,-0.056565322,-0.016921915,-0.58814216
1425161251728,a,-0.30645782,-2.183512,9.883265
1425161251737,r,-0.041904554,-0.0034828791,-0.36334375
1425161251747,a,-0.49799395,-1.9919758,9.883265
1425161251760,r,-0.043126285,-0.041356526,-0.12754977
1425161251766,a,-0.19153613,-1.3024458,9.883265
1425161251778,a,0.38307226,-0.9959879,9.921572
1425161251781,r,-0.04679148,-0.049908638,0.04104905
1425161251798,a,0.22984336,-0.842759,9.921572
1425161251801,r,-0.044348016,-0.054795563,0.04837943
1425161251806,a,0.2681506,-0.7278373,9.883265
1425161251817,r,-0.04679148,-0.015700184,0.010505782
1425161251826,a,0.11492168,-0.076614454,9.883265
1425161251837,r,-0.04923494,-0.03280441,0.009284053
1425161251846,a,0.0,0.038307227,9.883265
1425161251856,a,0.038307227,0.0,9.921572
1425161251859,r,-0.050456673,-0.0523521,0.009284053
1425161251877,a,0.0,0.038307227,9.844957
1425161251880,r,-0.044348016,-0.02547403,0.005618861
1425161251886,a,0.0,0.038307227,9.883265
1425161251897,r,-0.033352442,-0.11221689,7.31939E-4
1425161251906,a,0.076614454,0.038307227,9.959879
1425161251917,r,-0.043126285,0.057603642,0.0031754
1425161251928,a,0.038307227,0.038307227,9.921572
1425161251936,a,0.0,0.038307227,9.844957
1425161251943,r,-0.052900128,0.1516769,0.008062322
1425161251970,a,-0.038307227,0.0,9.768343
1425161251975,r,-0.045569748,-0.019365378,0.0068405913
1425161251985,a,0.0,0.038307227,9.883265
1425161251990,r,-0.04923494,-0.17330343,-0.0017115222
1425161251995,a,0.076614454,0.038307227,9.998186
1425161251999,r,-0.057787053,0.013621347,0.005618861
1425161252012,a,0.0,0.0,9.921572
1425161252017,a,-0.076614454,0.038307227,9.768343
1425161252020,r,-0.037017636,0.07104268,0.0043971306
1425161252036,a,0.0,0.038307227,9.883265
1425161252039,r,-0.045569748,-0.14398189,-0.0029332526
1425161252050,a,0.038307227,0.038307227,9.998186
1425161252058,r,-0.041904554,0.02583865,-4.897914E-4
1425161252066,a,0.0,0.038307227,9.883265
1425161252078,a,-0.038307227,0.0,9.768343
1425161252080,r,-0.044348016,0.046608068,0.0031754
1425161252097,a,0.0,0.038307227,9.883265
1425161252100,r,-0.041904554,-0.102443054,7.31939E-4
1425161252116,a,0.038307227,0.038307227,9.998186
1425161252119,r,-0.045569748,-0.009591532,7.31939E-4
1425161252135,a,0.0,0.0,9.883265
1425161252140,r,-0.051678397,0.061268836,7.31939E-4
1425161252156,a,-0.038307227,0.0,9.80665
1425161252161,r,-0.043126285,-0.09999959,0.0019536694
1425161252177,a,0.038307227,0.0,9.959879
1425161252180,r,-0.050456673,-0.023030568,0.005618861
1425161252196,a,0.0,0.0,9.883265
1425161252200,r,-0.050456673,0.057603642,0.008062322
1425161252216,a,0.0,0.0,9.844957
1425161252219,r,-0.040682822,-0.060904212,7.31939E-4
1425161252236,a,0.0,0.0,9.883265
1425161252239,r,-0.041904554,-0.05113037,0.0031754
1425161252258,r,-0.04679148,-0.0047046104,0.008062322
1425161252278,a,-0.038307227,0.038307227,9.844957
1425161252282,r,-0.040682822,-0.049908638,-0.0017115222
1425161252299,a,0.0,0.0,9.921572
1425161252305,r,-0.035795905,-0.014478455,0.0019536694
1425161252317,a,0.0,0.0,9.883265
1425161252322,r,-0.04679148,0.04538634,0.0068405913
1425161252336,a,0.0,0.038307227,9.844957
1425161252340,r,-0.04679148,-0.03280441,7.31939E-4
1425161252356,a,0.0,0.038307227,9.883265
1425161252377,a,0.038307227,0.038307227,9.921572
1425161252381,r,-0.041904554,-0.038913064,0.0043971306
1425161252406,a,0.0,0.0,9.883265
1425161252413,r,-0.041904554,0.0026257727,0.0043971306
1425161252415,r,-0.044348016,-0.016921915,7.31939E-4
1425161252428,r,-0.043126285,-0.02913922,0.009284053
1425161252448,a,0.0,0.038307227,9.844957
1425161252456,r,-0.04679148,0.0014040424,-0.0065984437
1425161252466,a,0.0,0.0,9.844957
1425161252478,r,-0.052900128,-0.019365378,7.31939E-4
1425161252486,a,0.038307227,0.0,9.883265
1425161252501,r,-0.057787053,-0.026695762,0.0043971306
1425161252505,r,-0.04923494,-0.010813263,-0.0017115222
1425161252517,a,0.0,0.038307227,9.883265
1425161252522,r,-0.045569748,-0.019365378,0.005618861
1425161252556,a,0.0,0.0,9.883265
1425161252559,r,-0.040682822,-0.02913922,0.0043971306
1425161252578,a,0.0,0.038307227,9.883265
1425161252584,r,-0.04679148,-0.014478455,-4.897914E-4
1425161252605,a,0.0,0.0,9.883265
1425161252612,r,-0.040682822,-0.02547403,0.0068405913
1425161252617,r,-0.050456673,-0.030360952,-4.897914E-4
1425161252621,a,0.0,0.038307227,9.921572
1425161252637,a,0.0,0.0,9.844957
1425161252640,r,-0.05534359,-0.016921915,-0.0053767134
1425161252657,a,0.0,0.0,9.883265
1425161252660,r,-0.051678397,-0.020587109,0.0043971306
1425161252679,r,-0.05534359,-0.019365378,0.0043971306
1425161252700,a,0.0,0.038307227,9.883265
1425161252703,r,-0.045569748,-0.007148071,0.009284053
1425161252723,a,0.0,0.0,9.883265
1425161252730,r,-0.045569748,-0.0242523,0.005618861
1425161252744,r,-0.041904554,-0.023030568,0.0043971306
1425161252758,a,0.0,0.038307227,9.883265
1425161252760,r,-0.044348016,-0.0083698025,0.0019536694
1425161252781,a,0.0,0.0,9.883265
1425161252785,r,-0.040682822,-0.014478455,7.31939E-4
1425161252796,a,0.0,0.038307227,9.883265
1425161252799,r,-0.04801321,0.01973,0.008062322
1425161252817,a,-0.038307227,0.0,9.844957
1425161252821,r,-0.056565322,0.027060382,-0.0029332526
1425161252837,a,-0.038307227,0.0,9.80665
1425161252841,r,-0.037017636,-0.11221689,-4.897914E-4
1425161252857,a,0.038307227,0.0,9.959879
1425161252860,r,-0.044348016,-0.12565593,-0.0029332526
1425161252877,a,0.0,0.0,9.80665
1425161252880,r,-0.04801321,-0.009591532,7.31939E-4
1425161252896,a,0.038307227,0.0,9.883265
1425161252901,r,-0.04679148,-0.12687767,-0.0029332526
1425161252919,r,-0.038239367,-0.1403167,-0.0065984437
1425161252936,a,0.076614454,0.038307227,9.921572
1425161252939,r,-0.04923494,-0.10122132,0.0031754
1425161252956,a,0.11492168,0.038307227,9.921572
1425161252963,r,-0.03090898,-0.117103815,7.31939E-4
1425161252977,a,0.15322891,0.0,10.036493
1425161252984,r,-0.050456673,0.16511592,0.005618861
1425161252996,a,0.0,-0.038307227,9.80665
1425161253001,r,-0.06511743,0.19932438,0.011727514
1425161253016,a,-0.5363012,-0.9576807,9.768343
1425161253019,r,-0.043126285,0.057603642,0.05693154
1425161253037,a,-0.7661445,-0.842759,9.921572
1425161253041,r,-0.04801321,-0.031582683,0.10946596
1425161253057,a,-1.1109096,-0.80445176,9.883265
1425161253060,r,-0.056565322,-0.0010394184,0.09602692
1425161253077,a,-1.7621324,-1.1875241,9.921572
1425161253090,r,-0.04923494,-0.0523521,0.07281404
1425161253096,a,-2.3750482,-1.5705963,10.036493
1425161253107,r,-0.06511743,0.07348614,0.012949244
1425161253116,a,-2.834735,-1.3790601,9.883265
1425161253130,r,-0.044348016,-0.02913922,0.092361726
1425161253137,a,-2.834735,-1.3790601,9.959879
1425161253148,r,-0.04801321,-0.12076901,0.3477034
1425161253158,a,-3.2944214,-1.8770541,9.959879
1425161253170,r,-0.043126285,-0.08900402,0.5272978
1425161253176,a,-3.4859576,-2.183512,10.0748005
1425161253188,r,-0.052900128,-0.0034828791,0.5749453
1425161253196,a,-3.6391866,-2.1068976,9.883265
1425161253207,r,-0.059008785,0.02583865,0.45277223
1425161253217,a,-2.7964275,-1.6472107,9.883265
1425161253227,r,-0.05412186,-0.17085996,0.3232688
1425161253239,a,-2.030283,-1.2641385,9.921572
1425161253246,r,-0.06511743,-0.15742092,0.4234507
1425161253256,a,-2.1068976,-1.340753,9.998186
1425161253268,r,-0.05534359,-0.086560555,0.4271159
1425161253279,a,-2.1452048,-0.91937345,9.921572
1425161253288,r,-0.03213071,-0.057239026,0.35381207
1425161253296,a,-1.685518,-0.38307226,9.959879
1425161253317,a,-1.4173675,-0.076614454,9.883265
1425161253322,r,-0.044348016,-0.12321247,0.52241087
1425161253329,r,-0.038239367,0.029503845,0.62625796
1425161253339,a,-0.9959879,-0.11492168,10.036493
1425161253344,r,-0.04801321,-0.16352957,0.64580566
1425161253361,a,-0.9576807,0.45968673,10.036493
1425161253365,r,-0.06511743,-0.23316821,0.7117791
1425161253380,a,-1.0342951,0.30645782,9.959879
1425161253384,r,-0.018691678,-0.3455674,0.8815996
1425161253396,a,-0.22984336,-0.15322891,9.883265
1425161253400,r,-0.02724379,-0.37855414,0.9414644
1425161253416,a,0.11492168,-0.19153613,9.80665
1425161253420,r,-0.037017636,-0.010813263,0.71422255
1425161253437,a,0.91937345,-0.19153613,9.768343
1425161253440,r,-0.04923494,-0.05846075,0.46987647
1425161253456,a,0.9959879,0.15322891,9.768343
1425161253458,r,-0.0394611,-0.1403167,0.67390543
1425161253476,a,1.1109096,0.49799395,9.998186
1425161253481,r,-0.010139562,-0.14520362,0.89015174
1425161253496,a,1.8004397,0.8810662,9.691729
1425161253516,a,2.030283,0.8810662,9.844957
1425161253522,r,-0.016248215,-0.22339436,0.87060404
1425161253529,r,-0.017469946,-0.30402857,0.71544427
1425161253538,a,1.4939818,0.9576807,9.80665
1425161253542,r,-0.037017636,-0.1280994,0.62503624
1425161253558,a,1.9153614,1.2258313,9.730036
1425161253561,r,-0.008917835,-0.07800844,0.5260761
1425161253580,a,3.064578,1.3790601,9.691729
1425161253596,a,2.7964275,1.1875241,9.768343
1425161253599,r,-0.035795905,0.01728654,0.46865472
1425161253617,a,2.9496565,0.30645782,9.730036
1425161253620,r,-0.05412186,0.15900728,0.25485188
1425161253623,r,-0.041904554,0.23353283,0.23530419
1425161253638,a,3.1411927,-0.15322891,9.653421
1425161253641,r,-0.052900128,-0.02913922,0.21942168
1425161253660,a,3.1028855,-0.19153613,9.730036
1425161253678,a,3.064578,0.38307226,9.653421
1425161253681,r,-0.045569748,-0.18796419,0.17543939
1425161253697,a,3.6774938,0.6512229,9.691729
1425161253701,r,-0.045569748,-0.2246161,0.23896939
1425161253717,a,3.6008794,0.5746084,9.653421
1425161253722,r,-0.050456673,-0.16108611,0.17788285
1425161253726,r,-0.05534359,-0.2490507,0.009284053
1425161253738,a,3.6391866,0.076614454,9.653421
1425161253758,a,3.5242648,0.4213795,9.615114
1425161253760,r,-0.066339165,-0.39932355,-0.38533488
1425161253776,a,2.4516625,0.34476504,9.653421
1425161253781,r,-0.08466513,-0.40421048,-0.65778077
1425161253797,a,1.9536686,0.22984336,9.691729
1425161253800,r,-0.106656276,-0.26126802,-0.65533733
1425161253817,a,2.2218192,0.38307226,9.691729
1425161253819,r,-0.08588685,-0.11832555,-0.597916
1425161253836,a,2.2218192,0.91937345,9.730036
1425161253840,r,-0.06267397,0.02217346,-0.38655663
1425161253856,a,1.4939818,0.842759,9.730036
1425161253859,r,-0.051678397,0.06859922,-0.056689397
1425161253878,a,0.61291564,0.0,9.844957
1425161253884,r,-0.050456673,0.20543303,0.011727514
1425161253898,a,0.49799395,-0.076614454,9.844957
1425161253903,r,-0.050456673,0.427788,0.07892269
1425161253916,a,0.6512229,0.076614454,9.921572
1425161253924,r,-0.033352442,0.600052,0.20476092
1425161253936,a,0.2681506,-0.038307227,9.921572
1425161253941,r,-0.043126285,0.6574733,0.23408246
1425161253957,a,0.038307227,-0.15322891,9.844957
1425161253960,r,-0.04923494,0.49620488,0.2792865
1425161253978,a,0.19153613,0.0,9.959879
1425161253981,r,-0.041904554,-0.086560555,0.12901364
1425161253997,a,0.2681506,-0.076614454,9.921572
1425161254000,r,-0.057787053,0.14923343,-0.010263635
1425161254017,a,0.2681506,-0.038307227,9.883265
1425161254020,r,-0.040682822,0.3239409,-0.05913285
1425161254037,a,0.076614454,0.11492168,9.730036
1425161254041,r,-0.051678397,0.32271916,-0.10555861
1425161254057,a,-0.11492168,0.19153613,9.921572
1425161254059,r,-0.035795905,-0.11954728,-0.15076265
1425161254078,a,-0.076614454,0.076614454,9.883265
1425161254082,r,-0.057787053,-0.02791749,-0.08967611
1425161254097,a,0.11492168,0.038307227,9.844957
1425161254101,r,-0.04679148,-0.05113037,-0.018815748
1425161254116,a,0.15322891,0.0,9.844957
1425161254120,r,-0.05412186,-0.0963344,-0.056689397
1425161254137,a,0.038307227,0.0,9.921572
1425161254140,r,-0.04679148,-0.23438995,-0.08845439
1425161254157,a,0.15322891,0.0,9.921572
1425161254160,r,-0.051678397,-0.102443054,-0.024924401
1425161254178,a,0.076614454,0.038307227,9.80665
1425161254182,r,-0.05534359,0.02095173,-0.011485366
1425161254197,a,0.15322891,0.0,9.883265
1425161254201,r,-0.04679148,-0.086560555,-0.0053767134
1425161254217,a,0.19153613,-0.038307227,9.883265
1425161254220,r,-0.034574173,-0.11221689,-0.046915554
1425161254237,a,0.11492168,0.0,9.844957
1425161254240,r,-0.04923494,-0.08900402,-0.10311515
1425161254257,a,0.038307227,0.038307227,9.883265
1425161254260,r,-0.043126285,-0.0963344,-0.14221053
1425161254281,a,0.038307227,0.11492168,9.921572
1425161254285,r,-0.04923494,-0.12076901,-0.11166727
1425161254306,a,0.11492168,0.038307227,9.80665
1425161254312,r,-0.059008785,0.28240207,-0.027367862
1425161254335,a,0.076614454,0.038307227,9.844957
1425161254339,r,-0.0394611,0.012399617,-0.011485366
1425161254344,r,-0.043126285,-0.012034993,0.0031754
1425161254356,a,-0.15322891,0.076614454,9.883265
1425161254361,r,-0.04801321,0.029503845,-0.07501535
1425161254378,a,0.076614454,0.038307227,9.921572
1425161254381,r,-0.035795905,-0.08533882,-0.24727936
1425161254401,a,0.11492168,-0.038307227,9.844957
1425161254407,r,-0.057787053,-0.0083698025,-0.2570532
1425161254418,a,0.30645782,-0.038307227,9.844957
1425161254433,r,-0.050456673,-0.013256724,-0.22773167
1425161254437,r,-0.051678397,-0.04746518,-0.16420168
1425161254440,a,0.2681506,0.0,9.883265
1425161254456,a,0.076614454,0.0,9.883265
1425161254466,r,-0.052900128,-0.0523521,-0.11166727
1425161254477,a,0.15322891,0.038307227,9.883265
1425161254486,r,-0.050456673,-0.035247874,-0.07379362
1425161254496,a,0.11492168,0.038307227,9.883265
1425161254506,r,-0.052900128,0.018508269,-0.109223805
1425161254516,a,0.19153613,0.0,9.883265
1425161254527,r,-0.057787053,0.01973,-0.14954092
1425161254537,a,0.22984336,0.0,9.883265
1425161254547,r,-0.056565322,0.02095173,-0.14221053
1425161254556,a,0.19153613,0.0,9.844957
1425161254566,r,-0.04923494,0.023395192,-0.26804876
1425161254577,a,0.19153613,-0.038307227,9.883265
1425161254590,r,-0.052900128,0.038055956,-0.31325278
1425161254607,a,-0.038307227,0.0,9.883265
1425161254611,r,-0.051678397,-0.04746518,-0.253388
1425161254627,a,0.19153613,0.038307227,9.883265
1425161254632,r,-0.060230516,-0.02913922,-0.22162302
1425161254649,a,0.22984336,0.11492168,9.844957
1425161254651,r,-0.052900128,-0.0010394184,-0.28026608
1425161254666,a,0.0,0.0,9.883265
1425161254672,r,-0.045569748,-0.016921915,-0.32424837
1425161254687,a,-0.038307227,-0.11492168,9.883265
1425161254690,r,-0.052900128,-0.018143646,-0.28026608
1425161254708,a,0.038307227,-0.11492168,9.883265
1425161254712,r,-0.045569748,-0.026695762,-0.17886245
1425161254727,a,0.19153613,-0.076614454,9.883265
1425161254730,r,-0.05534359,-0.037691336,-0.13121496
1425161254750,a,0.6512229,-0.5363012,9.844957
1425161254753,r,-0.050456673,-0.010813263,-0.15320611
1425161254766,r,-0.05534359,-0.016921915,-0.13488016
1425161254776,a,0.842759,-0.842759,9.883265
1425161254786,r,-0.037017636,-0.03280441,-0.1690886
1425161254798,a,1.1492168,-1.3790601,9.844957
1425161254807,r,-0.05412186,-0.05846075,-0.12632804
1425161254819,a,1.340753,-1.7238252,9.844957
1425161254827,r,-0.05412186,-0.019365378,-0.16542341
1425161254837,a,1.5705963,-1.7621324,9.844957
1425161254850,r,-0.04923494,-0.02791749,-0.2008536
1425161254858,a,2.0685902,-1.9153614,9.844957
1425161254869,r,-0.04923494,-0.04379999,-0.18130592
1425161254877,a,2.030283,-1.9919758,9.883265
1425161254890,r,-0.04801321,-0.06579114,-0.115332454
1425161254897,a,2.528277,-2.183512,9.80665
1425161254907,r,-0.050456673,-0.057239026,-0.1605365
1425161254918,a,2.3750482,-1.6472107,9.883265
1425161254927,r,-0.045569748,-0.0083698025,-0.31203106
1425161254937,a,2.183512,-2.2984335,9.80665
1425161254947,r,-0.04923494,0.0478298,-0.3547916
1425161254971,a,2.2984335,-2.528277,9.844957
1425161254973,r,-0.059008785,-0.021808837,-0.38044795
1425161254983,a,1.8770541,-2.183512,9.80665
1425161254990,r,-0.060230516,-0.019365378,-0.45497352
1425161254998,a,2.030283,-2.4516625,9.844957
1425161255007,r,-0.07122609,-0.04379999,-0.38655663
1425161255019,a,1.9153614,-1.6472107,9.921572
1425161255027,r,-0.05412186,0.013621347,-0.53316426
1425161255036,a,1.7238252,-2.0685902,9.844957
1425161255051,r,-0.04923494,0.01973,-0.5893639
1425161255056,a,1.2258313,-1.9536686,9.730036
1425161255072,r,-0.0394611,-0.064569406,-0.5575989
1425161255078,a,0.80445176,-1.8387469,9.844957
1425161255089,r,-0.045569748,-0.056017295,-0.36700892
1425161255096,a,0.91937345,-1.340753,9.844957
1425161255107,r,-0.04801321,-0.10488651,-0.34868297
1425161255119,a,0.7661445,-0.8810662,9.998186
1425161255127,r,-0.043126285,-0.093890935,-0.4219868
1425161255137,a,0.7278373,-0.91937345,9.844957
1425161255146,r,-0.038239367,-0.07189979,-0.46841255
1425161255158,a,0.34476504,-0.38307226,9.921572
1425161255171,r,-0.07244782,-0.04746518,-0.5551554
1425161255176,a,0.30645782,-0.4213795,9.844957
1425161255191,r,-0.07244782,-0.07189979,-0.5563772
1425161255197,a,0.15322891,-0.38307226,9.883265
1425161255207,r,-0.04679148,-0.035247874,-0.58081174
1425161255220,a,-0.038307227,-0.38307226,9.921572
1425161255227,r,-0.052900128,1.8231105E-4,-0.6101333
1425161255240,a,-0.45968673,-0.15322891,9.80665
1425161255247,r,-0.052900128,0.083259985,-0.51483834
1425161255259,a,-1.1492168,-0.15322891,9.80665
1425161255273,r,-0.060230516,-0.0242523,-0.34013087
1425161255280,a,-1.4556746,-0.19153613,9.959879
1425161255290,r,-0.06267397,-0.0682346,-0.16542341
1425161255296,a,-1.2258313,0.15322891,9.883265
1425161255307,r,-0.045569748,-0.05846075,-0.22528821
1425161255316,a,-1.3790601,0.61291564,9.921572
1425161255327,r,-0.037017636,0.030725572,-0.4940689
1425161255338,a,-2.2984335,1.2641385,9.921572
1425161255346,r,-0.04923494,-0.019365378,-0.49895585
1425161255356,a,-2.336741,1.8770541,9.883265
1425161255371,r,-0.040682822,-0.018143646,-0.2741574
1425161255377,a,-2.030283,1.685518,9.883265
1425161255388,r,-0.056565322,-0.034026142,-0.3376874
1425161255396,a,-2.2218192,1.4556746,9.959879
1425161255407,r,-0.03090898,-0.048686907,-0.34257433
1425161255416,a,-2.4899697,1.7621324,9.883265
1425161255428,r,-0.04679148,-0.09755613,-0.31325278
1425161255436,a,-2.681506,2.6431987,9.921572
1425161255447,r,-0.04679148,-0.0083698025,-0.3890001
1425161255459,a,-2.4899697,2.7964275,9.921572
1425161255469,r,-0.035795905,-0.102443054,-0.55026853
1425161255477,a,-2.336741,2.6048915,9.921572
1425161255488,r,-0.04923494,-0.0804519,-0.5221687
1425161255496,a,-2.9496565,2.7581203,9.883265
1425161255508,r,-0.05412186,-0.04746518,-0.41099122
1425161255516,a,-2.4899697,2.4516625,9.883265
1425161255528,r,-0.052900128,-0.0242523,-0.12754977
1425161255537,a,-2.4899697,2.9879637,9.921572
1425161255547,r,-0.04679148,-0.063347675,0.043492503
1425161255560,a,-1.8004397,2.4516625,9.921572
1425161255567,r,-0.044348016,-0.013256724,0.09358346
1425161255579,a,-1.1492168,1.6089035,9.921572
1425161255588,r,-0.04679148,-0.012034993,0.16077863
1425161255602,a,-0.6512229,0.9959879,9.883265
1425161255610,r,-0.052900128,-0.0034828791,0.18643497
1425161255616,a,-0.34476504,0.7278373,9.921572
1425161255631,r,-0.052900128,0.15045516,0.11801807
1425161255637,a,0.0,-0.038307227,9.959879
1425161255648,r,-0.051678397,0.26285437,0.15833516
1425161255657,a,0.2681506,0.076614454,9.883265
1425161255673,r,-0.052900128,0.23475456,0.03494039
1425161255679,a,-0.11492168,0.038307227,9.500193
1425161255689,r,-0.04679148,-0.33823705,-0.016372288
1425161255696,a,-0.076614454,0.0,9.768343
1425161255707,r,-0.0394611,-0.2209509,-0.004154983
1425161255716,a,0.038307227,0.038307227,10.036493
1425161255736,a,-0.038307227,0.038307227,9.844957
1425161255746,r,-0.041904554,0.17366804,0.005618861
1425161255750,r,-0.04679148,0.09425556,0.0019536694
1425161255757,a,-0.076614454,0.038307227,9.691729
1425161255767,r,-0.04801321,-0.18796419,-0.004154983
1425161255777,a,0.038307227,0.0,9.883265
1425161255789,r,-0.04679148,-0.041356526,-4.897914E-4
1425161255796,a,0.0,0.0,9.959879
1425161255816,a,-0.038307227,0.0,9.844957
1425161255827,r,-0.04679148,0.12357709,0.0031754
1425161255836,a,-0.076614454,0.038307227,9.653421
1425161255848,r,-0.040682822,-0.07556498,0.0068405913
1425161255856,r,-0.051678397,-0.37733242,-0.010263635
1425161255858,a,0.038307227,0.038307227,9.959879
1425161255867,r,-0.044348016,-0.048686907,-0.0017115222
1425161255877,a,0.038307227,-0.038307227,9.80665
1425161255896,a,0.038307227,0.0,9.80665
1425161255908,r,-0.041904554,-0.0034828791,-0.0029332526
1425161255916,a,0.11492168,0.076614454,9.959879
1425161255927,r,-0.051678397,-0.07678671,0.005618861
1425161255936,a,0.076614454,0.11492168,9.959879
1425161255947,r,-0.045569748,0.13457267,0.0141709745
1425161255954,r,-0.04801321,0.0918121,0.009284053
1425161255959,a,0.0,-0.038307227,9.768343
1425161255977,a,0.076614454,0.0,9.998186
1425161255987,r,-0.04679148,-0.1280994,-4.897914E-4
1425161255996,a,-0.038307227,0.076614454,9.80665
1425161256008,r,-0.052900128,0.09792075,0.0043971306
1425161256016,a,0.0,0.076614454,9.883265
1425161256027,r,-0.0394611,-0.09144747,0.0019536694
1425161256036,a,-0.038307227,-0.038307227,9.730036
1425161256048,r,-0.06267397,0.16878112,0.0068405913
1425161256059,a,-0.038307227,0.0,9.768343
1425161256066,r,-0.05412186,-0.021808837,0.0043971306
1425161256077,a,0.038307227,0.076614454,9.921572
1425161256087,r,-0.04679148,-0.15619919,0.0019536694
1425161256097,a,0.038307227,0.038307227,9.959879
1425161256109,r,-0.0394611,-0.023030568,-4.897914E-4
1425161256116,a,0.0,0.0,9.844957
1425161256126,r,-0.041904554,0.012399617,0.0068405913
1425161256136,a,-0.038307227,0.038307227,9.883265
1425161256147,r,-0.045569748,-0.0083698025,-0.0017115222
1425161256160,a,-0.038307227,0.038307227,9.844957
1425161256166,r,-0.04923494,0.003847503,-4.897914E-4
1425161256179,a,0.15322891,-0.038307227,9.844957
1425161256187,r,-0.05534359,-0.08167363,0.020279627
1425161256200,a,0.038307227,0.038307227,9.959879
1425161256207,r,-0.05534359,-0.031582683,0.24263456
1425161256226,a,-0.22984336,0.15322891,9.883265
1425161256229,r,-0.045569748,-0.0242523,0.21942168
1425161256246,a,-0.038307227,0.11492168,9.844957
1425161256249,r,-0.0394611,-0.11099516,0.1192398
1425161256266,a,0.038307227,0.15322891,9.844957
1425161256269,r,-0.040682822,-0.12199074,0.09480519
1425161256286,a,0.19153613,0.30645782,9.921572
1425161256293,r,-0.04801321,-0.1965163,0.022723088
1425161256307,a,0.2681506,0.38307226,9.959879
1425161256316,r,-0.045569748,-0.0083698025,0.036162123
1425161256319,r,-0.04923494,0.061268836,0.045935966
1425161256331,a,0.49799395,0.5363012,9.844957
1425161256337,r,-0.060230516,0.031947304,0.11801807
1425161256346,a,0.7661445,0.8810662,9.80665
1425161256358,r,-0.057787053,-0.019365378,0.1192398
1425161256366,a,1.0342951,1.2641385,9.844957
1425161256379,r,-0.040682822,0.006290964,0.03371866
1425161256386,a,1.340753,1.4939818,9.883265
1425161256397,r,-0.052900128,-0.021808837,-4.897914E-4
1425161256406,a,1.4939818,1.6089035,9.80665
1425161256417,r,-0.043126285,-0.057239026,-0.031033052
1425161256429,a,1.6089035,1.685518,9.730036
1425161256437,r,-0.041904554,-0.22583783,-0.04202863
1425161256456,a,1.9536686,1.8387469,9.844957
1425161256461,r,-0.05534359,-0.25149417,-0.09944996
1425161256477,a,2.1068976,1.9536686,9.844957
1425161256481,r,-0.05534359,-0.05968248,-0.25216627
1425161256499,a,1.685518,2.0685902,9.844957
1425161256504,r,-0.050456673,-0.15253401,-0.13854535
1425161256516,a,1.8770541,1.340753,9.768343
1425161256520,r,-0.04923494,-0.02913922,0.3318209
1425161256536,a,1.9536686,2.2218192,9.730036
1425161256556,a,2.030283,3.1028855,9.844957
1425161256562,r,-0.037017636,-0.07189979,0.10457903
1425161256565,r,-0.051678397,-0.20629014,-0.40121737
1425161256577,a,2.183512,1.7238252,9.844957
1425161256582,r,-0.05412186,0.013621347,-0.5392729
1425161256605,a,1.0342951,1.532289,9.80665
1425161256610,r,-0.07855647,-0.013256724,-0.41099122
1425161256618,a,1.4173675,1.3790601,9.80665
1425161256637,a,1.6089035,1.4556746,9.883265
1425161256644,r,-0.06511743,0.006290964,-0.28759643
1425161256656,a,1.3790601,0.91937345,9.844957
1425161256660,r,-0.06878263,-0.057239026,-0.425652
1425161256663,r,-0.056565322,-0.013256724,-0.4610822
1425161256678,a,0.842759,0.91937345,9.883265
1425161256683,r,-0.041904554,-0.092669204,-0.40854776
1425161256700,a,0.8810662,0.38307226,9.844957
1425161256716,a,0.9959879,0.22984336,9.921572
1425161256720,r,-0.061452247,-0.11832555,-0.3095876
1425161256737,a,0.7661445,0.0,9.691729
1425161256741,r,-0.035795905,0.016064808,-0.5466033
1425161256756,a,0.45968673,-1.2641385,9.80665
1425161256762,r,-0.059008785,-0.070678055,-0.70909345
1425161256769,r,-0.04801321,0.25063705,-0.2167361
1425161256781,a,0.30645782,-0.49799395,9.844957
1425161256785,r,-0.05534359,-0.15497746,0.3758032
1425161256801,a,-0.5363012,-0.2681506,9.959879
1425161256816,a,-0.842759,0.38307226,9.998186
1425161256819,r,-0.041904554,0.13090748,0.6128189
1425161256836,a,-0.49799395,1.0342951,9.921572
1425161256839,r,-0.051678397,0.37769702,0.4759851
1425161256856,a,-0.2681506,-0.2681506,9.959879
1425161256859,r,-0.04679148,-0.013256724,-0.2937051
1425161256877,a,0.038307227,-1.532289,9.80665
1425161256881,r,-0.05412186,0.031947304,-0.67244154
1425161256903,a,-0.38307226,-2.183512,9.921572
1425161256906,r,-0.03213071,0.028282113,-0.5771466
1425161256917,a,-2.2601264,-3.9839516,9.921572
1425161256922,r,-0.050456673,0.038055956,-0.26438355
1425161256937,a,-3.2561142,-4.3287168,9.921572
1425161256943,r,-0.060230516,0.016064808,0.07037058
1425161256968,a,-3.064578,-4.060566,9.80665
1425161256986,r,-0.052900128,-0.11221689,0.2035392
1425161256989,a,-3.0262709,-2.2601264,9.959879
1425161256992,r,-0.056565322,-0.2576028,0.24996495
1425161256997,a,-3.0262709,-2.4899697,9.998186
1425161256999,r,-0.040682822,-0.030360952,0.27317786
1425161257016,a,-2.4899697,-2.1452048,9.883265
1425161257019,r,-0.05412186,0.024616921,0.5089718
1425161257036,a,-1.8770541,-1.6472107,9.844957
1425161257039,r,-0.060230516,-0.0010394184,0.78263944
1425161257056,a,-1.3790601,-1.3790601,9.998186
1425161257059,r,-0.059008785,-0.1085517,0.8156262
1425161257076,a,-1.340753,-1.1875241,9.883265
1425161257079,r,-0.051678397,0.006290964,0.6006016
1425161257097,a,-1.1875241,-0.91937345,9.998186
1425161257100,r,-0.056565322,-0.0022611497,0.2597388
1425161257117,a,-0.2681506,-0.22984336,9.844957
1425161257121,r,-0.057787053,0.0026257727,0.020279627
1425161257138,a,0.038307227,0.038307227,9.883265
1425161257143,r,-0.050456673,-0.06579114,7.31939E-4
1425161257162,a,-0.34476504,-0.22984336,9.921572
1425161257169,r,-0.05412186,-0.08900402,0.008062322
1425161257176,a,0.0,0.15322891,9.844957
1425161257186,r,-0.050456673,-0.060904212,-0.004154983
1425161257189,a,-0.038307227,0.076614454,9.998186
1425161257191,r,-0.04679148,-0.10122132,-0.0017115222
1425161257206,a,0.22984336,0.19153613,9.883265
1425161257210,r,-0.052900128,0.1443465,0.17055248
1425161257227,a,0.30645782,0.076614454,9.691729
1425161257231,r,-0.045569748,-0.20018148,0.092361726
1425161257241,a,0.22984336,0.038307227,10.036493
1425161257255,r,-0.04801321,0.16633765,7.31939E-4
1425161257259,a,0.0,0.038307227,9.959879
1425161257266,a,-0.11492168,0.038307227,9.653421
1425161257270,r,-0.04923494,0.08203825,0.0043971306
1425161257286,a,0.0,0.0,9.883265
1425161257288,r,-0.056565322,-0.23072475,-0.0065984437
1425161257296,a,0.076614454,0.0,10.0748005
1425161257307,r,-0.045569748,0.15045516,0.0068405913
1425161257318,a,-0.038307227,0.0,9.768343
1425161257328,r,-0.051678397,-0.062125944,-0.0017115222
1425161257346,a,0.076614454,0.038307227,9.998186
1425161257366,a,0.038307227,0.038307227,9.959879
1425161257369,r,-0.050456673,-0.11954728,-4.897914E-4
1425161257370,r,-0.051678397,0.12357709,7.31939E-4
1425161257376,a,-0.076614454,0.0,9.730036
1425161257387,r,-0.052900128,-0.09755613,0.0068405913
1425161257396,a,0.0,0.0,9.921572
1425161257407,r,-0.040682822,-0.019365378,0.005618861
1425161257416,a,0.038307227,0.0,9.998186
1425161257426,a,-0.038307227,0.0,9.80665
1425161257446,a,0.0,0.038307227,9.921572
1425161257450,r,-0.05534359,-0.009591532,0.0019536694
1425161257456,a,0.038307227,0.038307227,9.959879
1425161257469,r,-0.05412186,-0.063347675,0.0031754
1425161257472,r,-0.04801321,0.023395192,-0.0017115222
1425161257476,a,0.0,0.0,9.844957
1425161257489,r,-0.050456673,-0.021808837,0.0019536694
1425161257496,a,0.11492168,-0.038307227,9.921572
1425161257506,a,0.38307226,-0.11492168,9.80665
1425161257526,a,0.0,0.038307227,9.883265
1425161257529,r,-0.040682822,-0.049908638,0.16200036
1425161257537,a,-0.38307226,0.11492168,9.959879
1425161257546,r,-0.041904554,-0.11466035,0.23652592
1425161257556,a,-0.038307227,0.038307227,9.844957
1425161257569,r,-0.05412186,-0.009591532,0.010505782
1425161257572,r,-0.040682822,-0.063347675,0.0068405913
1425161257576,a,0.038307227,0.0,9.883265
1425161257587,a,0.038307227,0.0,9.921572
1425161257606,a,0.038307227,0.0,9.844957
1425161257609,r,-0.051678397,0.007512694,0.0019536694
1425161257616,a,0.038307227,0.0,9.883265
1425161257631,r,-0.045569748,-0.02913922,0.0019536694
1425161257637,a,0.076614454,0.038307227,9.921572
1425161257640,r,-0.045569748,-0.07800844,7.31939E-4
1425161257656,a,0.038307227,0.038307227,9.883265
1425161257667,a,0.038307227,0.0,9.883265
1425161257671,r,-0.052900128,0.030725572,0.008062322
1425161257687,a,0.0,0.0,9.844957
1425161257692,r,-0.06267397,-0.015700184,0.009284053
1425161257696,a,0.0,0.0,9.883265
1425161257709,r,-0.040682822,-0.023030568,0.005618861
1425161257717,a,0.038307227,0.0,9.883265
1425161257728,r,-0.041904554,-0.035247874,0.0019536694
1425161257746,a,0.038307227,0.038307227,9.921572
1425161257749,r,-0.05534359,-0.05113037,-0.0017115222
1425161257766,a,0.038307227,0.0,9.883265
1425161257770,r,-0.043126285,-0.031582683,0.0043971306
1425161257788,r,-0.044348016,-0.02913922,0.0043971306
1425161257807,r,-0.05534359,-0.009591532,0.0019536694
1425161257827,a,-0.038307227,0.038307227,9.883265
1425161257832,r,-0.057787053,-0.037691336,0.0019536694
1425161257848,a,-0.61291564,0.15322891,9.921572
1425161257854,r,-0.04801321,-0.035247874,7.31939E-4
1425161257858,a,-0.8810662,0.6895301,9.883265
1425161257868,r,-0.043126285,-0.016921915,0.03371866
1425161257876,a,-0.9959879,0.9959879,9.883265
1425161257896,r,-0.057787053,-0.038913064,0.1192398
1425161257901,a,-1.4939818,1.0726024,9.959879
1425161257910,a,-1.9153614,1.2641385,9.883265
1425161257913,r,-0.034574173,-0.014478455,0.10946596
1425161257928,a,-2.2218192,1.685518,9.921572
1425161257933,r,-0.051678397,-0.05846075,0.25607362
1425161257939,a,-1.9536686,1.8387469,9.959879
1425161257951,r,-0.044348016,-0.09144747,0.43688974
1425161257983,a,-1.9536686,2.2218192,9.959879
1425161257991,r,-0.044348016,-0.06701287,0.512637
1425161257995,a,-1.9536686,2.4516625,9.959879
1425161257997,r,-0.040682822,-0.05113037,0.5456237
1425161258007,a,-1.8004397,2.7581203,9.883265
1425161258010,r,-0.041904554,-0.056017295,0.5395151
1425161258016,a,-1.8004397,3.064578,9.998186
1425161258027,r,-0.051678397,-0.054795563,0.32693398
1425161258036,a,-1.7621324,3.1028855,9.883265
1425161258046,a,-1.8387469,2.7581203,9.883265
1425161258050,r,-0.037017636,-0.05113037,0.13878748
1425161258066,a,-1.8770541,2.7581203,9.921572
1425161258069,r,-0.044348016,-0.109773435,0.085031345
1425161258086,a,-1.8387469,2.719813,9.959879
1425161258090,r,-0.04923494,-0.10122132,0.21086958
1425161258096,a,-1.7238252,2.2218192,9.768343
1425161258110,r,-0.052900128,-0.062125944,0.24507803
1425161258116,a,-1.9536686,2.0685902,10.189722
1425161258127,a,-2.1452048,1.6472107,9.80665
1425161258131,r,-0.051678397,-0.05846075,0.3953509
1425161258146,a,-1.532289,1.1875241,9.959879
1425161258149,r,-0.051678397,-0.08533882,0.6274797
1425161258167,a,-1.1109096,1.0342951,9.844957
1425161258169,r,-0.043126285,-0.049908638,0.7068922
1425161258179,a,-0.6895301,1.0342951,9.959879
1425161258188,r,-0.07244782,-0.079230174,0.57250184
1425161258196,a,-0.19153613,0.7278373,9.883265
1425161258209,a,0.30645782,0.2681506,9.883265
1425161258211,r,-0.043126285,-0.07556498,0.38191187
1425161258230,a,0.6512229,0.19153613,9.883265
1425161258233,r,-0.022356868,-0.06579114,0.2597388
1425161258247,a,0.6895301,0.22984336,9.921572
1425161258251,r,-0.04679148,-0.049908638,0.03371866
1425161258260,a,0.61291564,0.038307227,9.844957
1425161258267,r,-0.08466513,-0.007148071,-0.14709745
1425161258280,a,0.7278373,-0.49799395,9.844957
1425161258286,a,0.842759,-0.8810662,9.844957
1425161258290,r,-0.060230516,-0.03280441,-0.011485366
1425161258306,a,1.0726024,-0.91937345,9.80665
1425161258309,r,-0.073669545,-0.057239026,0.04837943
1425161258334,a,1.2258313,-0.7661445,9.883265
1425161258337,r,-0.057787053,-0.030360952,-0.04325036
1425161258357,a,1.4173675,-1.3024458,9.844957
1425161258359,r,-0.07244782,-0.007148071,-0.045693822
1425161258366,a,1.7621324,-1.9536686,9.883265
1425161258378,r,-0.052900128,-0.040134795,-0.037141703
1425161258382,r,-0.043126285,0.0050692335,-0.13365842
1425161258386,a,2.2218192,-2.681506,9.768343
1425161258406,a,2.681506,-3.064578,9.844957
1425161258417,a,2.7964275,-3.4093432,9.844957
1425161258419,r,-0.050456673,0.0014040424,-0.15076265
1425161258438,a,2.2984335,-3.6774938,9.768343
1425161258442,r,-0.061452247,0.01728654,-0.29126164
1425161258450,a,1.6089035,-3.4093432,9.883265
1425161258459,r,-0.044348016,0.011177886,-0.3743393
1425161258466,a,1.2258313,-3.371036,9.883265
1425161258481,r,-0.050456673,0.024616921,-0.21917956
1425161258488,a,1.2641385,-3.0262709,9.883265
1425161258499,a,1.4556746,-2.183512,9.883265
1425161258504,r,-0.0394611,-0.035247874,0.12779191
1425161258517,a,1.8004397,-1.9536686,9.80665
1425161258521,r,-0.040682822,-0.015700184,0.21697824
1425161258527,a,2.4516625,-1.8387469,9.844957
1425161258537,r,-0.04679148,-0.026695762,0.25240842
1425161258546,a,2.2984335,-1.6089035,9.844957
1425161258556,r,-0.035795905,-0.14886881,0.17055248
1425161258571,a,2.1452048,-1.5705963,9.80665
1425161258580,a,1.1875241,-1.5705963,9.844957
1425161258584,r,-0.05534359,-0.04379999,0.067927115
1425161258597,a,1.3024458,-1.3024458,9.844957
1425161258600,r,-0.050456673,0.042942878,-0.016372288
1425161258606,a,1.0342951,-0.80445176,9.921572
1425161258617,r,-0.045569748,0.04049942,-0.045693822
1425161258628,a,1.1109096,-0.6895301,9.883265
1425161258637,r,-0.05534359,0.18344188,-0.2167361
1425161258650,a,0.8810662,-0.15322891,9.921572
1425161258656,a,0.34476504,0.0,9.921572
1425161258661,r,-0.051678397,0.25796744,-0.19596668
1425161258677,a,-0.038307227,0.0,9.768343
1425161258681,r,-0.057787053,0.268963,0.020279627
1425161258686,a,-0.038307227,0.038307227,9.691729
1425161258697,r,-0.052900128,0.036834225,7.31939E-4
1425161258706,a,0.076614454,0.038307227,10.036493
1425161258717,r,-0.040682822,-0.1720817,-0.004154983
1425161258729,a,0.038307227,0.038307227,9.959879
1425161258738,a,-0.038307227,0.0,9.730036
1425161258740,r,-0.04923494,0.11869017,0.005618861
1425161258757,a,0.076614454,0.0,10.036493
1425161258761,r,-0.04923494,-0.1403167,0.0043971306
1425161258766,a,0.0,0.038307227,9.883265
1425161258782,r,-0.040682822,0.077151336,0.0031754
1425161258788,a,0.0,0.038307227,9.844957
1425161258801,r,-0.045569748,-0.086560555,-4.897914E-4
1425161258806,a,0.038307227,0.0,9.959879
1425161258816,a,0.0,0.038307227,9.80665
1425161258821,r,-0.043126285,0.038055956,7.31939E-4
1425161258838,a,0.038307227,0.0,9.921572
1425161258840,r,-0.050456673,-0.07189979,-0.0017115222
1425161258848,a,0.0,0.038307227,9.883265
1425161258857,r,-0.052900128,0.01728654,0.0043971306
1425161258866,a,0.0,0.0,9.883265
1425161258882,a,0.038307227,0.0,9.921572
1425161258886,r,-0.051678397,-0.05968248,0.005618861
1425161258899,a,0.0,0.038307227,9.844957
1425161258904,r,-0.051678397,0.0050692335,-0.0029332526
1425161258917,a,0.038307227,0.038307227,9.921572
1425161258921,r,-0.04923494,-0.0523521,0.0043971306
1425161258927,a,0.0,0.0,9.883265
1425161258937,r,-0.057787053,0.0014040424,-0.0029332526
1425161258957,a,0.038307227,0.0,9.883265
1425161258960,r,-0.052900128,-0.02913922,-4.897914E-4
1425161258979,a,0.0,0.0,9.883265
1425161258984,r,-0.051678397,-0.015700184,0.0043971306
1425161258999,a,0.038307227,0.038307227,9.883265
1425161259003,r,-0.04801321,-0.019365378,-0.004154983
1425161259006,a,0.0,0.0,9.883265
1425161259017,r,-0.056565322,-0.021808837,-0.007820174
1425161259026,a,0.038307227,0.038307227,9.883265
1425161259036,a,0.0,0.038307227,9.883265
1425161259046,r,-0.04923494,-0.007148071,7.31939E-4
1425161259057,r,-0.056565322,-0.021808837,-0.0065984437
1425161259077,a,0.038307227,0.0,9.883265
1425161259083,r,-0.050456673,-0.0047046104,7.31939E-4
1425161259086,a,0.0,0.0,9.883265
1425161259099,r,-0.04923494,-0.03280441,-0.0029332526
1425161259106,a,0.038307227,0.0,9.883265
1425161259117,a,0.038307227,0.0,9.844957
1425161259120,r,-0.040682822,-0.014478455,0.005618861
1425161259136,a,0.038307227,0.038307227,9.883265
1425161259141,r,-0.04679148,-0.02547403,7.31939E-4
1425161259156,a,0.0,0.038307227,9.883265
1425161259162,r,-0.051678397,-0.018143646,0.0019536694
1425161259169,a,0.0,0.0,9.883265
1425161259177,r,-0.04801321,-0.026695762,-4.897914E-4
1425161259186,a,0.0,0.038307227,9.883265
1425161259198,r,-0.059008785,-0.013256724,0.005618861
1425161259216,a,0.038307227,0.0,9.921572
1425161259220,r,-0.056565322,-0.019365378,0.0019536694
1425161259236,a,0.0,0.038307227,9.883265
1425161259240,r,-0.041904554,-0.018143646,0.0031754
1425161259256,a,0.038307227,0.0,9.883265
1425161259260,r,-0.05534359,-0.013256724,-0.004154983
1425161259277,a,0.0,0.0,9.883265
1425161259281,r,-0.052900128,-0.015700184,0.0043971306
1425161259297,a,0.038307227,0.0,9.883265
1425161259300,r,-0.05412186,-0.07434325,0.0031754
1425161259319,a,0.038307227,0.0,9.959879
1425161259324,r,-0.04679148,-0.0083698025,0.0019536694
1425161259331,a,0.0,0.0,9.844957
1425161259341,r,-0.038239367,-0.012034993,0.0068405913
1425161259347,a,0.0,0.0,9.921572
1425161259367,a,0.0,0.038307227,9.80665
1425161259372,r,-0.052900128,0.01973,0.0031754
1425161259377,a,-0.076614454,0.038307227,9.883265
1425161259387,r,-0.05534359,-0.05846075,-0.02003748
1425161259396,a,-0.15322891,0.076614454,9.844957
1425161259406,a,0.2681506,-0.038307227,9.883265
1425161259409,r,-0.051678397,-0.0682346,-0.10555861
1425161259427,a,0.15322891,0.0,10.036493
1425161259430,r,-0.04679148,-0.15742092,-0.040806897
1425161259437,a,0.0,0.0,9.883265
1425161259451,r,-0.051678397,0.106472865,0.009284053
1425161259456,a,-0.2681506,-0.6895301,9.959879
1425161259469,r,-0.050456673,0.17244631,-0.007820174
1425161259478,a,-0.15322891,-1.8004397,9.768343
1425161259489,a,0.15322891,-2.2984335,9.883265
1425161259495,r,-0.05412186,0.075929604,0.038605586
1425161259506,a,-0.11492168,-2.030283,9.921572
1425161259512,r,-0.05534359,0.02095173,0.08014442
1425161259518,a,-0.38307226,-2.1452048,9.883265
1425161259536,r,-0.056565322,0.02095173,0.020279627
1425161259539,a,-0.22984336,-2.1068976,9.883265
1425161259547,r,-0.0638957,-0.020587109,-0.11777592
1425161259558,a,0.038307227,-1.9919758,9.921572
1425161259571,a,0.19153613,-2.566584,9.883265
1425161259577,r,-0.05412186,-0.05113037,-0.12754977
1425161259587,a,0.076614454,-2.7581203,9.959879
1425161259591,r,-0.057787053,-0.056017295,0.03005347
1425161259596,a,-0.22984336,-2.719813,9.883265
1425161259607,r,-0.04801321,0.007512694,0.08258788
1425161259621,a,-0.38307226,-2.719813,9.883265
1425161259627,r,-0.057787053,-0.02547403,0.27684304
1425161259636,a,-0.15322891,-2.183512,9.921572
1425161259647,a,-0.22984336,-2.2601264,9.883265
1425161259651,r,-0.057787053,-0.015700184,0.43688974
1425161259667,r,-0.061452247,0.007512694,0.53340644
1425161259676,a,-0.2681506,-3.4859576,9.883265
1425161259687,r,-0.045569748,-0.109773435,0.44055492
1425161259696,a,-0.038307227,-2.834735,9.883265
1425161259707,r,-0.061452247,-0.09877786,0.27317786
1425161259716,a,0.038307227,-2.566584,9.959879
1425161259727,a,-0.11492168,-2.3750482,9.921572
1425161259731,r,-0.05534359,-0.070678055,-4.897914E-4
1425161259756,a,-0.30645782,-2.183512,9.844957
1425161259760,r,-0.022356868,-0.09144747,-0.038363434
1425161259777,a,0.22984336,-2.4516625,9.883265
1425161259782,r,-0.045569748,-0.069456324,0.20964785
1425161259789,a,0.19153613,-1.532289,9.921572
1425161259801,r,-0.05412186,-0.08411709,0.3758032
1425161259809,r,-0.04801321,-0.117103815,0.27684304
1425161259813,a,-0.038307227,-0.842759,9.80665
1425161259822,r,-0.04679148,-0.09999959,-4.897914E-4
1425161259828,a,0.15322891,-0.5746084,9.844957
1425161259836,a,0.49799395,-0.61291564,9.921572
1425161259856,a,0.5746084,-0.61291564,9.883265
1425161259860,r,-0.057787053,-0.16597304,-0.14587572
1425161259866,a,0.38307226,-0.4213795,9.844957
1425161259877,r,-0.056565322,-0.15009055,-0.077458814
1425161259889,a,-0.34476504,-0.2681506,9.921572
1425161259896,r,-0.04801321,-0.10366478,-0.0029332526
1425161259903,r,-0.041904554,-0.0804519,-0.070128426
1425161259908,a,-0.91937345,-0.30645782,9.921572
1425161259916,a,-0.7661445,-0.076614454,9.80665
1425161259936,a,0.11492168,0.6895301,9.653421
1425161259940,r,-0.045569748,-0.04379999,-0.100671686
1425161259946,a,0.61291564,1.4556746,10.0748005
1425161259957,r,-0.059008785,-0.2918113,0.19376536
1425161259971,a,0.4213795,1.2258313,9.883265
1425161259988,a,0.15322891,0.6512229,10.036493
1425161259993,r,-0.045569748,-0.16352957,0.2756213
1425161259997,r,-0.04679148,-0.010813263,-0.116554186
1425161260000,a,-0.30645782,0.38307226,9.768343
1425161260016,a,-0.61291564,0.7278373,9.959879
1425161260022,r,-0.06267397,-0.03280441,-0.393887
1425161260029,a,-0.5746084,0.61291564,9.730036
1425161260039,r,-0.057787053,-0.064569406,-0.32669184
1425161260046,a,-0.4213795,1.0342951,9.921572
1425161260061,r,-0.04801321,-0.087782286,0.29394728
1425161260066,a,0.0,0.8810662,9.921572
1425161260079,a,0.5363012,0.8810662,9.844957
1425161260082,r,-0.03090898,-0.11099516,0.6470274
1425161260096,a,0.7661445,1.3790601,9.80665
1425161260099,r,-0.052900128,-0.15619919,0.35014686
1425161260108,a,1.3024458,1.8770541,9.921572
1425161260117,r,-0.061452247,-0.18429899,-0.04935901
1425161260126,a,1.3024458,1.8387469,9.80665
1425161260141,r,-0.06878263,-0.10366478,-0.55149025
1425161260146,a,0.2681506,2.0685902,9.883265
1425161260159,a,-0.5746084,1.685518,9.959879
1425161260163,r,-0.066339165,0.0026257727,-0.7176456
1425161260177,a,-0.80445176,0.80445176,9.921572
1425161260180,r,-0.060230516,0.09792075,-0.5600423
1425161260191,a,-0.4213795,0.91937345,9.883265
1425161260197,r,-0.057787053,-0.014478455,-0.07135016
1425161260209,a,0.38307226,1.8770541,9.844957
1425161260217,r,-0.033352442,-0.19529457,0.14856133
1425161260226,a,1.2258313,3.217807,9.80665
1425161260236,a,1.2641385,3.9073372,9.80665
1425161260241,r,-0.060230516,-0.26371148,-0.046915554
1425161260256,a,1.1109096,3.8307228,9.844957
1425161260260,r,-0.07000436,-0.042578258,-0.5539337
1425161260266,a,0.6895301,3.4093432,9.883265
1425161260277,r,-0.08588685,0.062490564,-0.8801357
1425161260286,a,0.30645782,3.5242648,9.844957
1425161260297,r,-0.06878263,0.036834225,-0.7897277
1425161260308,a,0.38307226,3.6391866,9.883265
1425161260316,a,0.49799395,3.9456444,9.883265
1425161260319,r,-0.05412186,-0.060904212,-0.5588206
1425161260336,a,0.30645782,3.0262709,9.844957
1425161260340,r,-0.0638957,-0.042578258,-0.38655663
1425161260346,a,0.2681506,2.3750482,9.883265
1425161260360,r,-0.052900128,-0.045021717,-0.31203106
1425161260366,a,0.34476504,1.9153614,9.883265
1425161260378,a,0.7278373,1.2641385,9.883265
1425161260382,r,-0.05412186,0.06615576,-0.13976707
1425161260398,a,0.6895301,0.38307226,9.959879
1425161260403,r,-0.05412186,0.2762934,0.021501357
1425161260418,a,0.34476504,0.038307227,10.189722
1425161260423,r,-0.059008785,0.5829478,0.0752575
1425161260429,a,-0.076614454,0.0,9.959879
1425161260437,r,-0.05412186,1.1363916,0.0312752
1425161260446,a,-0.38307226,0.038307227,8.772355
1425161260459,r,-0.050456673,-0.26371148,-0.0029332526
1425161260466,a,-0.076614454,0.038307227,9.959879
1425161260477,a,0.34476504,0.0,10.611102
1425161260480,r,-0.04801321,-0.8806853,-0.015150558
1425161260496,a,0.11492168,0.0,10.304645
1425161260499,r,-0.050456673,0.79064196,0.015392705
1425161260509,a,-0.30645782,0.0,9.078813
1425161260517,r,-0.045569748,0.5035353,0.017836165
1425161260527,a,-0.15322891,0.038307227,9.500193
1425161260537,r,-0.04801321,-0.85625076,-0.02003748
1425161260546,a,0.2681506,0.0,10.534488
1425161260563,a,0.19153613,0.0,10.342952
1425161260568,r,-0.05534359,0.09792075,0.0043971306
1425161260577,a,-0.2681506,0.038307227,9.346964
1425161260580,r,-0.057787053,0.60982585,0.015392705
1425161260596,a,-0.22984336,0.038307227,9.346964
1425161260599,r,-0.04679148,-0.651,-0.016372288
1425161260616,a,0.15322891,0.038307227,10.381259
1425161260619,r,-0.041904554,-0.43964067,-0.0065984437
1425161260636,a,-0.15322891,0.0,9.5385
1425161260640,r,-0.04923494,0.6476995,0.019057896
1425161260659,a,-0.15322891,0.038307227,9.385271
1425161260662,r,-0.043126285,-0.24660724,-0.0065984437
1425161260682,a,0.11492168,0.0,10.266336
1425161260687,r,-0.043126285,-0.45063624,-0.0053767134
1425161260703,a,-0.15322891,0.0,9.615114
1425161260708,r,-0.051678397,0.53774375,0.012949244
1425161260719,a,-0.22984336,0.038307227,9.423578
1425161260727,r,-0.04801321,0.083259985,0.011727514
1425161260737,a,0.038307227,0.0,10.151415
1425161260745,r,-0.050456673,-0.5337139,-0.009041905
1425161260757,a,0.15322891,0.0,10.266336
1425161260763,r,-0.04801321,0.35937107,0.020279627
1425161260781,a,-0.11492168,0.0,9.500193
1425161260785,r,-0.057787053,0.06615576,0.009284053
1425161260797,a,0.11492168,0.038307227,10.113108
1425161260801,r,-0.04923494,-0.44330585,-0.007820174
1425161260817,a,0.15322891,0.038307227,10.228029
1425161260820,r,-0.041904554,0.12846401,0.0043971306
1425161260837,a,-0.076614454,0.038307227,9.730036
1425161260840,r,-0.050456673,0.23964149,0.008062322
1425161260856,a,0.076614454,0.0,10.036493
1425161260860,r,-0.04923494,-0.38588452,-0.0029332526
1425161260879,a,0.11492168,0.0,10.151415
1425161260882,r,-0.045569748,0.07837306,0.008062322
1425161260896,a,-0.076614454,0.038307227,9.768343
1425161260900,r,-0.04923494,0.20298958,0.010505782
1425161260917,a,-0.15322891,0.038307227,9.576807
1425161260920,r,-0.04801321,-0.23805514,0.0031754
1425161260936,a,0.11492168,-0.038307227,10.113108
1425161260941,r,-0.050456673,-0.1366515,-4.897914E-4
1425161260956,a,-0.038307227,0.0,9.844957
1425161260962,r,-0.056565322,0.24941534,0.009284053
1425161260980,a,-0.076614454,0.038307227,9.653421
1425161260983,r,-0.051678397,-0.16352957,-4.897914E-4
1425161260996,a,0.038307227,0.038307227,9.959879
1425161261000,r,-0.045569748,-0.16963823,0.0031754
1425161261016,a,0.0,0.0,9.883265
1425161261020,r,-0.043126285,0.17244631,0.008062322
1425161261036,a,-0.11492168,0.0,9.691729
1425161261039,r,-0.04679148,0.02095173,0.0019536694
1425161261056,a,-0.038307227,0.038307227,9.883265
1425161261060,r,-0.05534359,-0.21850745,0.0019536694
1425161261077,a,0.038307227,0.038307227,10.036493
1425161261080,r,-0.05534359,0.08570345,-4.897914E-4
1425161261097,a,-0.076614454,0.038307227,9.730036
1425161261099,r,-0.056565322,0.0637123,7.31939E-4
1425161261116,a,0.0,0.038307227,9.844957
1425161261119,r,-0.04801321,-0.16352957,-0.0029332526
1425161261137,a,0.038307227,0.0,9.998186
1425161261140,r,-0.05534359,-0.05846075,7.31939E-4
1425161261156,a,0.038307227,0.0,9.959879
1425161261159,r,-0.045569748,0.121133626,0.0019536694
1425161261178,a,-0.076614454,0.0,9.80665
1425161261181,r,-0.050456673,-0.086560555,-4.897914E-4
1425161261206,a,0.0,0.0,9.959879
1425161261210,r,-0.044348016,-0.093890935,0.0019536694
1425161261230,a,-0.038307227,0.0,9.883265
1425161261235,r,-0.051678397,0.0478298,-0.0029332526
1425161261256,a,-0.038307227,0.0,9.768343
1425161261262,r,-0.045569748,0.024616921,0.008062322
1425161261267,a,0.0,0.0,9.921572
1425161261271,r,-0.04679148,-0.115882084,0.008062322
1425161261286,a,0.038307227,0.0,9.959879
1425161261290,r,-0.045569748,0.006290964,0.0031754
1425161261306,a,-0.038307227,0.038307227,9.80665
1425161261310,r,-0.052900128,0.0478298,-0.0029332526
1425161261327,a,0.38307226,0.0,11.760319
1425161261333,r,-0.038239367,-0.06701287,7.31939E-4
1425161261350,a,-0.22984336,0.038307227,10.6877165
1425161261353,r,-0.073669545,2.6317897,0.077700965
1425161261369,a,-0.91937345,0.038307227,5.899313
1425161261374,r,-0.05534359,-0.25027245,-0.017594019
1425161261386,a,0.15322891,-0.038307227,13.905523
1425161261390,r,-0.033352442,-3.828721,-0.13976707
