116933145513736,g,-0.35920984,0.008990832,0.106213525
116933145544882,a,-0.7649474,1.3265374,9.270947
116933199345142,g,-0.16213591,0.07610249,0.11793143
116933199381757,a,-0.94211835,1.6569372,9.570223
116933199401340,g,-0.14828748,0.024969798,0.12964934
116933199419413,a,-1.0115502,1.6736966,9.924564
116933199437069,g,-0.408212,-0.20193152,0.09449561
116933199455194,a,-0.81522566,1.4917372,10.120889
116933245888007,g,-0.55521846,-0.43415916,0.023122896
116933246320038,a,-0.6332663,1.4558243,9.7641535
116933246592382,g,-0.40288568,-0.57157826,-0.0024434503
116933246873892,a,-0.34356794,1.4677953,9.910199
116933299874569,g,-0.24842232,-0.4810308,0.011404987
116933300606705,a,-0.33877954,1.5803227,9.922171
116933301013059,g,-0.18663698,-0.22536734,0.08490823
116933301424778,a,-0.36032736,1.5132852,10.2406
116933301684048,g,-0.15787485,0.036687706,0.12538828
116933301963944,a,-0.33159694,1.4055461,10.262147
116933368365663,g,-0.14615694,0.1208436,0.14030199
116933368801028,a,-0.37708676,1.0823288,9.87668
116933369137642,g,-0.018325211,0.057992995,0.14030199
116933369418371,a,-0.36750996,1.1230302,9.754577
116933376143736,g,0.06678729,-0.03895592,0.17758463
116933376567173,a,0.0035913025,1.1469723,9.783307
116933422978007,g,-0.04719601,-0.05813068,0.21273836
116933423340819,a,0.046686932,0.99613756,9.840768
116933423606861,g,-0.12389505,-0.0485433,0.20954257
116933423889621,a,-0.04189853,0.90994626,9.759365
116933424147850,g,-0.028021248,-0.093284406,0.17119305
116933424429673,a,0.0011971008,0.7686884,9.7402115
116933478997225,g,0.009263007,-0.18596241,0.14349619
116933479348423,a,0.17118542,0.60827684,9.6923275
116933484265871,g,0.036959883,-0.22963825,0.14775723
116933484299569,a,0.40821138,0.45744216,9.718663
116933484328684,g,-0.004585431,-0.16572239,0.09023295
116933484355350,a,0.2789245,0.60827684,9.783307
116933517617746,g,-0.17715827,-0.09008861,0.059340287
116933517650611,a,0.05626374,0.6513725,9.697116
116933517670611,g,-0.20059408,-0.09008861,0.029512884
116933517688788,a,-0.010773907,0.7734768,9.48882
116933561235507,g,0.04122094,-0.080501236,0.061470818
116933561272590,a,0.094570965,0.59151745,9.68275
116933561292382,g,0.10087575,-0.03469486,0.109407715
116933561310142,a,0.2717419,0.41674075,9.898229
116933606293319,g,-0.015238075,0.008980978,0.061470818
116933606727694,a,0.094570965,0.5292682,9.850345
116933606994830,g,0.019915652,0.014307301,-0.015228221
116933607274152,a,-0.01316811,0.835726,9.689933
116933660305819,g,0.10194101,-0.029368542,-0.03440298
116933660940819,a,0.0035913025,0.8141782,9.426571
116933661331965,g,0.09448416,0.020698886,-0.020554543
116933661616288,a,0.108936176,0.69446814,9.709086
116933661873215,g,0.06891782,0.08887581,-0.014162957
116933662157694,a,0.034715924,0.5220856,9.84795
116933706865350,g,0.10407154,0.12189901,-0.037598774
116933707299465,a,-0.08738836,0.6681319,9.912594
116933707566080,g,0.074244134,0.061178934,-0.050381947
116933707854257,a,0.051475335,0.7495348,9.821614
116933763175975,g,0.08596204,-0.04108645,-0.054643005
116933763530454,a,0.051475335,0.739958,9.376292
116933763791809,g,0.18077058,-0.093284406,-0.07914409
116933764075246,a,-0.05626374,0.7806594,9.3978405
116933764333632,g,0.12644209,-0.05067383,-0.067426175
116933764613371,a,-0.015562311,0.9554361,9.735423
116933823740454,g,-0.044000216,0.072896846,0.010338125
116933824173163,a,0.11851298,0.79981303,9.835979
116933824439309,g,-0.053587593,0.15705274,0.03270868
116933824723579,a,0.12569559,0.7734768,9.618107
116933824984048,g,0.044416733,0.08141896,-0.012032428
116933825266288,a,-0.0011971008,0.751929,9.4457245
116933882304829,g,0.014589329,-0.063457005,-0.045055624
116933882664465,a,0.029927522,0.751929,9.704298
116933890298527,g,-0.071747154,-0.057069942,-0.054643538
116933890724621,a,-0.015562311,0.7902362,9.936536
116933891010663,g,-0.11009668,0.072892316,-0.056774065
116933891293163,a,-0.16160862,0.787842,9.816826
116933948772798,g,-0.06322504,0.07821864,-0.051447745
116933949331184,a,-0.11851298,0.79981303,9.69951
116933949598371,g,0.03158349,-0.01765516,-0.070622504
116933949879777,a,-0.1448492,0.7902362,9.735423
116933950141600,g,0.027322434,-0.035764657,-0.10577623
116933950429152,a,-0.25977087,0.9243115,9.567828
116934003384986,g,-0.04831134,-0.0038067224,-0.074883565
116934003738579,a,-0.18555063,0.90755206,9.780912
116934004000767,g,-0.07281242,0.051587027,-0.018424546
116934004282746,a,-0.034715924,0.8812159,9.833585
116934004543267,g,0.0038866173,0.08034917,-0.0067066387
116934004822277,a,-0.11611878,0.7854478,9.539098
116934068862069,g,0.09443409,0.038803853,-0.02907719
116934069433840,a,-0.20949265,0.7806594,9.496002
116934069700663,g,0.048627723,-0.03896045,-0.032272983
116934069979829,a,-0.21667525,0.9219173,9.852738
116934070242121,g,-0.17188202,-0.048547827,0.046556585
116934070523631,a,-0.142455,0.9458593,9.754577
116934123486340,g,-0.21449259,0.10804604,0.11047245
116934123838059,a,-0.1400608,0.7375638,10.029909
116934128718371,g,-0.09624824,0.24013883,0.12964721
116934128750923,a,-0.15203181,0.8141782,10.089765
116934128778788,g,-0.07707348,0.21350722,0.10088507
116934128804986,a,-0.19273324,0.4861726,9.955689
116934186379881,g,-0.018483935,0.04199965,0.090232424
116934186816496,a,-0.075417355,0.3688567,10.168773
116934187079934,g,-0.19531783,-0.059200473,0.047621846
116934187361444,a,-0.008379706,0.32576108,10.053851
116934187624673,g,-0.2741474,-0.11672475,0.008207063
116934187904361,a,0.10654198,0.0839467,9.7402115
116934222038631,g,-0.071747154,-0.089027874,-0.073818296
116934222497746,a,0.10654198,0.21323359,9.783307
116934223123319,g,0.061410896,-0.01765516,-0.09618885
116934223415506,a,0.12330139,0.10788871,9.768942
116934281363475,g,-0.074942954,0.02069436,-0.1068415
116934281399569,a,0.15203181,-0.07646482,9.776124
116934281418892,g,-0.09624824,-0.00806778,-0.17288789
116934281436288,a,-0.005985504,0.17013796,9.857527
116934281453683,g,-0.049376603,-0.012328838,-0.2208248
116934281471704,a,-0.130484,0.23956981,9.797672
116934343195715,g,-0.058963984,0.04732597,-0.20804161
116934343548631,a,-0.089782566,0.40716392,9.891046
116934343815975,g,-0.08772612,0.11976395,-0.19099739
116934344101131,a,-0.24061728,0.32815528,9.867104
116934344475767,g,-0.03126711,0.10485025,-0.21336794
116934344691756,a,-0.20949265,0.39998132,9.900622
116934391470923,g,-0.04623088,-0.046421826,-0.26982775
116934391903840,a,-0.21188685,0.5101146,9.859921
116934392172225,g,-0.13677835,-0.19236305,-0.2890025
116934392453475,a,-0.21667525,0.5125088,9.895834
116934419603006,g,-0.13677835,-0.21047255,-0.270893
116934419958892,a,-0.23582886,0.5364508,9.701904
116934424348527,g,-0.15701838,-0.16573144,-0.1995203
116934424574517,a,-0.020350715,0.47420156,9.974843
116934459043058,g,-0.18471526,-0.119925074,-0.16543184
116934459076913,a,-0.05865794,0.6250363,9.845556
116934459096496,g,-0.10908148,-0.11459875,-0.13560443
116934459114933,a,-0.11611878,0.8692449,9.768942
116934528521808,g,-0.019599268,-0.19555885,-0.11323388
116934529081965,a,-0.0011971008,1.1565491,9.622895
116934529345975,g,0.008097608,-0.23497362,-0.07488436
116934529628371,a,-0.089782566,1.3816041,9.361927
116934529907069,g,-0.035578232,-0.120990336,-0.064231716
116934530189413,a,-0.33399114,1.4270939,9.416994
116934580048215,g,-0.060079318,4.498079E-4,-0.052513808
116934580403423,a,-0.2885013,1.7407342,9.730635
116934580669465,g,-0.08244987,0.030277211,0.042294726
116934580949777,a,-0.22146365,1.5970821,9.524733
116934581206600,g,-0.014272945,0.0025803368,0.14669064
116934581486860,a,-0.17836803,1.120636,9.3738985
116934621890402,g,0.13912514,0.06436567,0.15414749
116934622247173,a,-0.17357962,1.2355577,10.061034
116934622512121,g,0.027272368,0.16023947,0.16693066
116934622796756,a,-0.20231004,1.1876737,10.307637
116934680918423,g,-0.13677835,0.16450053,0.18397489
116934681385819,a,-0.16400282,1.3361142,10.293272
116934681656183,g,-0.04623088,0.06436567,0.14669064
116934681947537,a,-0.18315643,1.4845546,10.142437
116934682206548,g,0.03259869,-0.029377596,0.12218956
116934682490975,a,-0.47524905,1.6497546,9.280524
116934722271027,g,0.27867478,0.016428774,0.20634545
116934722628527,a,-0.22625206,1.630601,9.634866
116934722891600,g,0.33619905,0.15597841,0.3363077
116934723170610,a,-0.10175357,1.2714708,10.005967
116934779519048,g,-0.03451297,0.2731575,0.35335195
116934779553944,a,-0.25258827,1.2834418,9.965266
116934779574152,g,-0.00575083,0.16343527,0.28197923
116934779591548,a,-0.34356794,1.5061026,9.974843
116934779609569,g,0.2563042,-0.02298601,0.26706553
116934780047433,a,-0.10414778,1.5635633,9.385869
116934827807329,g,0.4065065,0.06116988,0.34696037
116934828242381,a,-0.18555063,1.2475287,9.045893
116934828505610,g,0.3734833,0.26250485,0.3927667
116934828784673,a,-0.18555063,1.1637317,9.780912
116934880679933,g,-0.13890888,0.291267,0.30434978
116934881036600,a,-0.010773907,1.2547113,9.998785
116934888608058,g,-0.2518562,0.12827888,0.1562775
116934889151808,a,-0.010773907,1.5946879,9.481637
116934889419360,g,0.16572745,-0.037902374,0.051881574
116934889699985,a,-0.6596026,2.0663457,9.179968
116934928377537,g,0.37771508,-0.027249731,0.025249964
116934928810558,a,-1.1552023,2.0064907,9.486425
116934929149412,g,-0.17302664,0.01642611,0.13603747
116934929429204,a,-0.61171854,1.7311574,9.701904
116934980836235,g,-0.62682927,-0.021923408,0.3000882
116934981188267,a,0.5279215,1.3672388,9.345168
116934981455402,g,-0.27103096,0.11975676,0.24682496
116934981738683,a,-0.142455,2.1501427,8.715493
116934981997954,g,0.17957589,0.28806853,0.25215128
116934982288475,a,-1.246182,1.1733085,9.172785
116935022522589,g,-0.24226883,0.34878862,0.3416335
116935028535662,a,-0.9540894,0.58912325,10.846333
116935029057954,g,-1.2393563,0.1815421,0.4225936
116935029364933,a,-0.39384618,0.10070611,11.358691
116935080907121,g,-1.1701142,0.10697359,0.43005043
116935081256391,a,0.79367787,0.30900165,11.035474
116935085589933,g,0.28823286,0.32109174,0.22125861
116935085891704,a,-0.21428105,0.88361007,10.061034
116935086155819,g,1.2022297,0.45211926,0.13923326
116935086438266,a,-1.282095,0.7782652,9.077017
116935121487902,g,0.28184128,0.09738621,0.10940585
116935121525246,a,-0.94930094,0.3544915,9.419388
116935121545402,g,-0.5629134,-0.4203323,0.19675754
116935121563475,a,-0.10175357,0.550816,10.209475
116935168072069,g,-0.13148133,-0.4416376,0.11579744
116935168503891,a,0.08738836,-1.4100351,9.3260145
116935168772746,g,0.3500182,-0.19236572,-0.0024469125
116935169180454,a,-0.5638345,-0.5600936,9.452907
116935224414204,g,-0.39779744,-0.33617643,0.15414695
116935224773839,a,-0.39384618,-0.43559507,10.312426
116935225038058,g,-0.9549307,-0.4437681,0.17758277
116935225321548,a,-0.24779987,0.11028291,10.25257
116935225578006,g,-0.43082064,-0.3542859,0.17119119
116935225859256,a,0.14963761,-0.70613986,9.620501
116935281276704,g,0.5098079,-0.17319095,0.18823542
116935281631079,a,-0.049081136,-1.8984523,10.295666
116935281895871,g,0.23923069,0.007903996,0.21060598
116935282178110,a,-0.23582886,-1.4483424,10.314819
116935282435141,g,-0.5959366,0.09738621,0.2841092
116935282715506,a,0.34835634,-1.2831424,10.606912
116935322747329,g,-0.24120356,0.31256962,0.31926295
116935323112537,a,0.089782566,-0.68459207,10.50875
116935323379308,g,0.47145835,0.5139046,0.25960815
116935323660818,a,0.027533319,-1.0509049,9.3978405
116935361293058,g,0.43204355,0.40524763,0.23936811
116935361649829,a,-0.0035913025,-1.5919945,9.500791
116935369324152,g,0.057087254,0.09419201,0.14669037
116935369755766,a,-0.35314476,-0.92640644,10.197504
116935406913266,g,-0.32534268,-0.10714296,-0.06742778
116935406951443,a,-0.8583213,-0.4954501,9.81922
116935406970037,g,-0.34345216,-0.36280644,-0.06849304
116935406989256,a,-0.18555063,-0.68938047,9.503185
116935441370141,g,0.1007631,-0.44589704,0.04442499
116935441726600,a,0.10175357,-1.8577509,9.4457245
116935441994777,g,0.37134027,-0.19236411,0.10194927
116935442274621,a,0.20470424,-1.6063597,9.333197
116935481294673,g,0.030455643,0.21563216,-0.06742778
116935481737225,a,-0.4249708,-1.1921628,8.794501
116935482109881,g,-0.23905626,0.31789753,-0.22615218
116935482141756,a,-1.3132197,-0.7851485,9.115324
116935528471652,g,-0.26249206,-0.068793446,0.019923907
116935528979881,a,-0.89902276,-1.2615947,9.713875
116935529246548,g,-0.20922886,-0.3191306,0.17225672
116935529526912,a,-0.03232172,-1.5991771,10.29806
116935581057902,g,0.14443894,-0.08903347,0.2564126
116935581582537,a,0.1592144,-1.3860931,9.982025
116935581847225,g,0.31594652,0.27848276,0.17651778
116935582132225,a,-0.5470751,-1.2975076,9.436148
116935582391079,g,0.13911262,0.17089105,0.06253448
116935582669725,a,-0.46327803,-0.82106155,9.4457245
116935623023995,g,0.064544104,-0.22325678,-0.059970926
116935629159829,a,-0.089782566,-0.6223428,9.788095
116935629555818,g,-0.044112865,-0.2946295,-0.07062357
116935629870089,a,-0.06344634,-0.40686464,9.479243
116935663039152,g,0.20196322,-0.040031306,-0.08234148
116935663390975,a,-0.38187516,-0.033369187,9.215881
116935663656183,g,0.28398857,0.1964574,-0.13027838
116935663938527,a,-0.8343793,0.052822076,9.3978405
116935703095402,g,-0.05902657,0.053711966,-0.06955831
116935703451079,a,-0.5781997,-0.009427169,9.776124
116935707951756,g,-0.27207947,-0.0730545,-0.009903497
116935707984620,a,-0.40102878,-0.08125322,10.070611
116935748062120,g,-0.04517813,0.055842493,-0.030143522
116935748749568,a,-0.32202014,0.012120646,9.953295
116935749092120,g,0.14976525,0.19113107,-0.042926695
116935749376495,a,-0.59017074,0.048033673,9.582193
116935805250454,g,0.10715468,0.13893312,-0.065297246
116935805287537,a,-0.59256494,0.28505963,9.800066
116935805307068,g,0.060283046,0.01429718,-0.09832045
116935805324412,a,-0.9564836,0.28745383,9.802461
116935805342537,g,-0.0015022892,-0.051749215,-0.11962573
116935805359777,a,-1.1025299,0.18210897,10.034698
116935848862172,g,-0.038786545,-0.048553422,-0.033339314
116935849424204,a,-0.6476316,0.0025438394,10.044274
116935849688683,g,0.05069567,0.07182146,0.024184965
116935849969256,a,-0.4201824,0.024091655,9.970055
116935888287225,g,0.3148229,0.2880648,0.033771545
116935888716027,a,-0.91578215,0.033668462,9.816826
116935889048787,g,0.23279756,0.2944564,0.009270464
116935889331131,a,-1.2270284,0.19168578,9.802461
116935925782797,g,0.016548883,0.064359285,-0.046123285
116935926141704,a,-1.2916719,0.33773208,9.795278
116935926404672,g,-0.027126959,-0.12206199,-0.09619071
116935926685558,a,-1.0953473,0.06718729,10.008362
116935968111235,g,-0.07399859,-0.09010406,-0.07914648
116935968569099,a,-1.1360487,0.16774376,10.096947
116935968856652,g,0.018679412,0.14425412,-0.06529804
116935969215610,a,-1.4209588,0.07915829,9.989208
116936003295974,g,0.14331535,0.28167322,-0.010969561
116936003652902,a,-1.555034,0.19886838,9.689933
116936003915506,g,0.17846908,0.171951,0.0039441413
116936004200193,a,-1.555034,0.40716392,9.697116
116936043045089,g,0.10922689,0.06862034,-0.026948527
116936043081495,a,-1.602918,0.58194065,9.857527
116936043101027,g,0.115618475,0.09738248,-0.08979913
116936043119672,a,-2.1080947,0.6322189,9.59177
116936087118683,g,0.05915946,0.120818295,-0.07382016
116936087551912,a,-2.0769699,0.5101146,9.304466
116936087821443,g,0.11668374,0.043053992,0.04229366
116936088103058,a,-1.7082629,0.59391165,9.235035
116936124093631,g,0.14970693,-0.0048829056,0.11366638
116936124451079,a,-1.3132197,0.6417957,9.409811
116936124716079,g,0.03572364,0.08672983,0.1786475
116936124997849,a,-1.353921,0.43350014,9.783307
116936164104308,g,0.07726896,0.22947527,0.20421386
116936164460349,a,-1.7537527,0.35209727,9.402629
116936164722276,g,0.031462584,0.19751734,0.2596076
116936165003735,a,-1.3826514,0.490961,9.567828
116936209090193,g,-0.20076506,0.062228754,0.23936757
116936209521287,a,-1.4736311,0.6681319,9.852738
116936209788370,g,-0.28279042,-0.024057666,0.19462648
116936210068474,a,-1.6292542,0.7543232,10.049063
116936243538006,g,-0.14111026,-0.037906103,0.22551914
116936243897537,a,-1.4425066,0.16534956,9.862315
116936244161079,g,0.060224723,0.017487647,0.33630663
116936244443526,a,-1.1599907,0.03606266,9.632472
116936283707068,g,0.17101222,0.22627948,0.4513552
116936284232954,a,-1.2749124,0.44307694,9.838373
116936284498631,g,-0.11767443,0.34345856,0.4779868
116936284783995,a,-1.5191209,0.18929157,10.099341
116936327768787,g,-0.13152288,0.2529111,0.50994474
116936328203110,a,-1.3730747,-0.14829087,10.185533
116936328469412,g,0.0080267675,0.106969856,0.49290052
116936328749047,a,-1.0690111,-0.15068507,9.86471
116936363772901,g,0.2317323,0.12188356,0.4396373
116936363809672,a,-1.1552023,0.18689737,9.474455
116936371378058,g,0.21467128,0.16236228,0.46946442
116936371810037,a,-0.93493575,0.12704232,9.831191
116936403913058,g,0.12305855,0.2454529,0.45028967
116936403950662,a,-1.401805,0.009726444,9.93893
116936403970453,g,0.08790482,0.3051077,0.3352411
116936403988474,a,-1.3754689,0.11028291,9.859921
116936449567797,g,0.16140807,0.2454529,0.2723905
116936449998891,a,-1.0163386,0.12704232,9.814431
116936450264203,g,0.45435578,0.22840868,0.13710193
116936450546287,a,-1.2174516,0.68489134,9.867104
116936484079308,g,0.5470338,0.19325495,0.065729216
116936484433526,a,-1.8423382,0.6441899,9.405023
116936484700297,g,0.43731156,0.02600843,0.123253495
116936485150245,a,-1.9476831,0.55560446,9.371504
116936524103631,g,0.48737898,-0.062408518,0.16692933
116936524459516,a,-1.5933412,0.8812159,9.476849
116936524720401,g,0.29563138,-0.07625695,0.25001997
116936525006131,a,-1.2030864,1.1972505,9.409811
116936569574412,g,0.25728187,-0.030450584,0.40980962
116936570007433,a,-1.4640543,1.1445781,9.622895
116936570273162,g,0.1869744,0.031334754,0.53977185
116936570556287,a,-1.3012487,0.90036947,9.328408
116936603837797,g,0.21147549,0.08033691,0.58238244
116936604201183,a,-0.7146692,0.7495348,9.416994
116936604485766,g,0.2743261,0.2156255,0.39383066
116936604770193,a,-1.1025299,1.558775,10.073005
116936644082901,g,0.22212814,0.10803379,0.3597422
116936644441860,a,-0.8511387,1.5300446,9.361927
116936644704203,g,0.003748932,-0.037907436,0.3150011
116936644983839,a,-1.0761937,1.2882302,9.747394
116936685541755,g,-0.015425828,-0.1678697,0.32245794
116936686064724,a,-1.377863,1.3528736,9.634866
116936686330714,g,-0.29239458,-0.23391609,0.4971613
116936686617745,a,-1.1408371,1.2164041,9.129689
116936724070662,g,-0.13260491,-0.09862751,0.6558857
116936724425714,a,-0.5518635,1.0440216,9.088988
116936724686651,g,0.16993019,0.28167188,0.70275736
116936724968110,a,-0.6548142,1.1733085,9.845556
116936764088578,g,-0.012230035,0.81323886,0.64842886
116936764446808,a,-1.2485762,0.13422494,11.593323
116936764712016,g,-0.55018854,0.46063632,0.59196985
116936764993995,a,-0.8487445,0.9578303,9.5798
116936809500974,g,-0.80798256,-0.1795876,0.42152753
116936809931964,a,-0.40102878,0.8093898,9.577405
116936810202120,g,-0.007968977,-0.9007716,0.4044833
116936810486912,a,0.11851298,0.9410709,9.900622
116936844095557,g,0.4181368,-0.85816103,0.25215048
116936844451235,a,0.19273324,0.9267057,10.235811
116936844713578,g,0.21041024,-0.46614373,0.32991478
116936844995766,a,0.47046062,1.2044331,10.032304
116936888652693,g,-0.026107768,-0.047497477,0.5472282
116936889209151,a,0.6907272,1.0033201,10.008362
116936889479464,g,0.23594728,0.25929868,0.63351464
116936889760870,a,0.8295909,1.1421839,9.905411
116936929549568,g,0.39254114,0.44145888,0.60581774
116936929990297,a,0.8487445,1.2092215,9.565434
116936930256130,g,0.27962312,0.4286757,0.5834472
116936930540505,a,0.79128367,1.4486417,10.120889
116936965845089,g,-0.054869905,0.36582512,0.6857126
116936966200297,a,0.81043726,1.1445781,10.295666
116936966468214,g,-0.27005333,0.2944524,0.73045367
116936966751235,a,1.1097125,0.29942486,10.305243
116937004561287,g,-0.3606008,0.007896272,0.43431017
116937004597641,a,1.7561469,0.9721955,9.033921
116937004617641,g,-0.3808408,-0.42886215,0.038031805
116937004635714,a,1.4209588,1.1637317,9.311649
116937071385297,g,-0.061261494,-0.73778886,-0.14093262
116937071816964,a,1.1001357,1.1278186,9.86471
116937072082537,g,-0.087893106,-0.6546982,-0.17395581
116937072362849,a,0.8295909,1.5372272,10.092158
116937072625401,g,-0.18270163,-0.22433138,-0.059972525
116937072907224,a,0.712275,1.3289316,9.812037
116937104270245,g,-0.045282528,0.2529071,0.018857045
116937104624151,a,-0.2837129,1.2116157,9.527127
116937104890037,g,0.063374445,0.5682254,0.028444424
116937105172276,a,-0.7218518,1.2642882,9.412206
116937144295609,g,-0.1752448,0.36475986,-0.0077745663
116937144653422,a,-1.021127,1.2882302,9.098565
116937144915401,g,-0.16991846,0.13785854,0.026313895
116937145193943,a,-0.724246,1.1278186,9.721058
116937187531078,g,-0.11985104,-0.008082693,0.09342556
116937187968578,a,-0.4249708,1.1038766,9.376292
116937188403318,g,-0.12304683,0.15809856,0.047619183
116937188683995,a,-0.7338228,1.3145664,9.211093
116937224358318,g,-0.22637747,0.37754303,0.1371014
116937224714255,a,-1.0761937,1.1493665,9.685144
116937224976912,g,-0.19655007,0.59911805,0.23084466
116937225269099,a,-1.4640543,0.72080433,9.972448
116937264402745,g,-0.2135943,0.65238124,0.26386786
116937264756599,a,-1.34195,0.5484218,10.446501
116937265019984,g,-0.35527447,0.32641032,-0.039732497
116937265304151,a,-0.9923966,1.0081085,10.324396
116937309874464,g,-0.5353042,-0.2957041,-0.27835172
116937310313526,a,-1.5023615,1.0631752,9.828796
116937314869411,g,-0.47245356,-0.7622899,-0.18141267
116937314902953,a,-1.1384429,1.357662,9.496002
116937366489984,g,-0.46819252,-0.7835952,-0.034406178
116937366526182,a,-0.48482585,1.1876737,10.175956
116937366546130,g,-0.114524715,-0.34364098,0.11260031
116937366564932,a,-0.2885013,1.0033201,9.895834
116937374132953,g,-0.27965322,0.14851011,-0.013101155
116937374563786,a,-0.4441244,0.823755,9.998785
116937409969880,g,-0.24449949,0.24012285,0.08170738
116937410399880,a,0.35793316,0.24675241,9.81922
116937410667849,g,-0.44689974,0.23053548,0.014595721
116937410950193,a,-0.25019407,0.6417957,10.614095
116937466266755,g,-0.2892406,0.10909533,0.1349706
116937466622953,a,-0.35553896,1.0105027,10.475231
116937466884359,g,-0.34143856,0.045179464,-0.009905362
116937467164932,a,-0.22146365,1.1350013,10.199898
116937467427276,g,-0.0346424,0.03772261,-0.13347603
116937467710401,a,-0.14963761,1.0033201,10.094553
116937510059151,g,0.075079836,-0.021932196,-0.0056443037
116937510491807,a,0.15203181,0.88600427,10.214263
116937510757224,g,0.12088621,0.105899535,0.06359789
116937511043734,a,-0.29807812,0.7902362,10.384252
116937566365036,g,0.04951349,0.21242598,-0.030145386
116937566719047,a,-0.8774749,1.024868,10.049063
116937566983838,g,-0.02292449,0.09844268,-0.34652892
116937567276495,a,-0.3172317,1.2451345,10.180744
116937567535245,g,-0.097493,-0.17000395,-0.43494588
116937567816234,a,-0.51116204,1.1661259,9.934141
116937610136651,g,0.11662515,-0.20409241,-0.38274792
116937610572484,a,-0.4345476,1.0871172,10.185533
116937610834880,g,0.14432202,-0.054955393,-0.2719604
116937611115036,a,-0.32680854,1.060781,10.080188
116937664254255,g,0.13686517,0.11548691,-0.27409095
116937664291338,a,-0.5710171,1.0942998,9.98442
116937664310088,g,0.12727779,0.11229112,-0.24426353
116937664328526,a,-0.50876784,1.1828853,9.965266
116937664345818,g,0.12301674,-0.002757437,-0.22615404
116937664363266,a,-0.35075054,1.1685201,10.312426
116937710225765,g,0.21462947,-0.05921645,-0.1941961
116937710656859,a,-0.5710171,1.1182418,10.149619
116937710920765,g,0.15923573,-0.10821862,-0.13028024
116937711205974,a,-0.3196259,0.823755,10.022727
116937766522588,g,0.13260412,-0.15828605,-0.2453288
116937766874359,a,0.19273324,0.8309376,9.747394
116937767136547,g,0.1837368,-0.16893868,-0.407249
116937767421807,a,-0.094570965,0.98177236,9.879075
116937767680818,g,0.12301674,-0.19770083,-0.47649118
116937767960557,a,-0.2645593,1.0224738,9.603742
116937810312953,g,0.19971578,-0.28398725,-0.4455985
116937810746599,a,-0.22146365,1.096694,9.512762
116937811008786,g,0.16775784,-0.28079146,-0.24639407
116937811290609,a,0.2908955,0.7567174,9.603742
116937866605453,g,0.12514727,-0.09650071,-0.1462592
116937866959932,a,0.1448492,1.0224738,9.560646
116937867224359,g,0.09851565,-6.269081E-4,-0.22082771
116937867506703,a,-0.12569559,0.99134916,9.7641535
116937875123161,g,0.09421705,-0.07306835,-0.20911033
116937875562015,a,0.25737667,0.6346131,9.704298
116937910401963,g,0.1315013,-0.14444107,-0.11962813
116937910832380,a,0.51834464,0.6609493,9.601347
116937911099359,g,0.04947594,-0.049632534,-0.08980072
116937911382328,a,0.37708676,0.47180736,9.936536
116937967543890,g,0.10273916,0.045176,-0.15265132
116937967899984,a,0.4177882,0.28745383,10.266935
116937972901651,g,0.2817036,0.08032972,-0.2016535
116937972933578,a,0.6715736,0.3712509,10.563816
116937972961599,g,0.31259626,0.051567588,-0.058908056
116937972988161,a,0.8631097,-0.023792379,10.271724
116938010476807,g,0.10167389,-0.12633157,-0.23467669
116938011373265,a,0.6907272,0.45744216,9.850345
116938011660765,g,-0.008048339,-0.31275284,-0.6639783
116938012220036,a,0.08738836,0.29942486,10.633248
116938067138995,g,0.07078123,-0.35962448,-0.7321552
116938067175297,a,-0.16160862,0.55321026,10.238205
116938067195349,g,0.21139613,-0.33086234,-0.55319077
116938067213838,a,-0.1352724,0.80699563,9.1272955
116938067231234,g,0.28276885,-0.33618867,-0.36144316
116938067248786,a,0.5566519,0.6370073,9.244612
116938110564776,g,0.275312,-0.27120754,-0.2730262
116938110996286,a,0.30286652,0.3664625,9.479243
116938111266338,g,0.1911561,0.07074235,-0.25385144
116938111548005,a,-0.40102878,0.0911293,9.898229
116938166854984,g,-0.024027305,0.26462048,-0.22508931
116938167208786,a,-0.7433996,0.60348845,9.464878
116938167475609,g,-0.1081832,0.068611816,-0.2527862
116938167753734,a,-0.44891283,0.59870005,9.742605
116938168011963,g,0.016452743,-0.108222075,-0.2645041
116938168292328,a,-0.34835634,-0.040551793,10.391434
116938210639411,g,0.007930627,-0.057089385,-0.25385144
116938211080817,a,-0.2621651,-0.002244564,10.295666
116938211348265,g,-0.0037872815,-0.124201044,-0.16649976
116938211627276,a,-0.33638534,0.29942486,9.4457245
116938266943890,g,0.02817065,-0.325536,-0.16969556
116938267301130,a,-0.33877954,0.69207394,9.345168
116938267564307,g,0.10167389,-0.37453818,-0.31776732
116938267843578,a,-0.1328782,0.6441899,10.159196
116938272560349,g,0.1432192,-0.053893592,-0.240003
116938272787953,a,-0.12808979,0.72319853,9.998785
116938328829307,g,-0.16357695,0.16128983,0.012464659
116938329320036,a,-0.7098808,0.3664625,9.014768
116938329587432,g,-0.012309397,0.12400557,0.14242692
116938329867692,a,-0.029927522,0.13183074,9.843162
116938330129828,g,0.105934955,0.2007046,0.044422593
116938330409672,a,0.44651863,-0.028580783,10.008362
116938365310609,g,-0.16996853,0.56822085,-0.025884861
116938365667119,a,-0.2621651,-0.021398177,9.948506
116938373270505,g,-0.38622546,0.61615694,-0.053581737
116938373702015,a,-0.49200845,-0.0525228,10.032304
116938432528890,g,-0.15399782,0.23905332,-0.111106016
116938432965244,a,-0.12090719,-0.30870238,9.539098
116938433230453,g,0.061185595,-0.0070227557,-0.16649976
116938433508994,a,0.022744916,0.009726444,9.570223
116938433771494,g,0.0036613138,0.2188133,-0.18567452
116938434050296,a,-0.046686932,0.38801032,9.749788
116938486682328,g,-0.014448182,0.47873783,-0.094061784
116938487039359,a,-0.82240826,-0.15068507,9.986814
116938487302067,g,-0.124170415,0.49258626,0.013529924
116938487585244,a,-0.94211835,-0.648679,9.589376
116938487846026,g,-0.18275996,0.2220091,-0.16330397
116938488124515,a,-0.2765303,-0.50023854,9.553463
116938525160349,g,0.11125302,-0.005957491,-0.4530559
116938525527328,a,-0.40821138,-0.23687632,10.044274
116938525790921,g,0.04840242,-0.09757023,-0.46370855
116938526074099,a,-0.80804306,-0.08604162,9.668385
116938591913682,g,0.07609929,-0.15722504,-0.43814218
116938592349932,a,-0.47046062,0.229993,9.464878
116938592614619,g,0.15279834,-0.07413442,-0.43601167
116938592896651,a,-0.5542577,-0.3326444,10.025121
116938597370140,g,0.110187754,0.1708764,-0.4466643
116938597403057,a,-0.82480246,-0.021398177,9.582193
116938646756807,g,0.07822982,0.13465741,-0.30817994
116938646792432,a,-1.270124,-0.0070329676,9.172785
116938646812328,g,-0.024035562,-0.070938624,-0.30498415
116938646829828,a,-0.6931214,0.06718729,9.294889
116938646847015,g,0.07822982,-0.21474932,-0.312441
116938646865244,a,-0.40102878,-0.114772044,10.073005
116938684191390,g,-0.12843147,0.11654792,-0.29326624
116938684546390,a,-0.7170634,-0.19138649,10.422559
116938684812067,g,-0.24987163,0.21774805,-0.14732501
116938685137953,a,-1.5023615,0.021697452,9.428965
116938731181546,g,-0.3915518,0.019608855,-0.09725758
116938731618317,a,-1.804031,0.19647418,8.32045
116938731888317,g,0.023901338,-0.53965497,0.038031004
116938732169723,a,-0.7290344,0.06958149,9.117719
116938787380505,g,0.28489113,-0.32447156,-0.11004075
116938787736182,a,-0.34117374,-0.1794155,10.79366
116938788002796,g,-0.10286513,0.037718352,-0.03334171
116938788283109,a,-0.9804256,-0.10040683,10.477625
116938788542275,g,-0.29674324,0.01108674,-0.17289135
116938788826494,a,-1.5574282,-0.6462848,8.497621
116938831196442,g,-0.15825889,-0.33299366,-0.4296201
116938831627171,a,-1.483208,-0.92640644,9.021951
116938831895609,g,0.12190566,-0.62061507,-0.5372118
116938832185869,a,-0.35075054,-0.23208793,10.968436
116938887465192,g,0.2593248,-0.40436637,-0.4296201
116938887823473,a,-0.7721301,-0.23687632,9.941324
116938895435609,g,0.20711857,-0.2871881,-0.32522443
116938895869775,a,-1.1887212,-0.37095162,8.677185
116938896133942,g,0.21990174,-0.45869568,-0.56703943
116938896416807,a,-1.2916719,-0.51699793,8.952518
116939228343369,g,0.72909814,0.567154,-0.66291326
116939228364932,a,-1.614889,0.15337855,10.4967785
116938950249619,g,0.060112074,-0.6621612,-0.66291326
116938950530713,a,-0.4201824,0.17732057,9.665991
116938950791598,g,-0.29781678,-0.49491465,-0.58834475
116938951069828,a,-0.78649527,0.09831191,9.053075
116939009811702,g,-0.118852355,-0.3958451,-0.57023525
116939009848838,a,-1.1097125,-0.14350246,9.290101
116939009867692,g,0.32429764,-0.53752524,-0.55212575
116939009885921,a,-0.8367735,-0.37334582,9.498397
116939009903525,g,0.32536292,-0.66855276,-0.31031072
116939009921390,a,-0.08499416,0.32336688,9.206305
116939073076182,g,-0.031500667,-0.72501177,-0.124954715
116939073508994,a,0.23822308,-0.37334582,8.837597
116939073773109,g,0.18261749,-0.40436718,-0.25917804
116939074057900,a,-0.01316811,-0.9000702,9.855133
116939074317796,g,0.38501772,0.061153367,-0.7065891
116939074601025,a,-0.41299978,-0.09801263,11.028292
116939127675348,g,-0.032565933,0.12933029,-0.8802272
116939128030505,a,-0.62129533,0.0911293,9.515156
116939128295400,g,-0.58863395,-0.1977059,-0.82270294
116939128577640,a,-1.0618285,-0.4954501,7.958925
116939128836963,g,-0.115656555,-0.355365,-0.8205724
116939129241234,a,-0.33877954,0.040851068,10.025121
116939166004411,g,0.5778306,-0.24670805,-0.7108502
116939166367952,a,-0.10175357,-0.21532851,11.100118
116939166636286,g,0.128289,0.118677646,-0.50951517
116939166919463,a,-0.03232172,0.05761048,8.5622635
116939226473057,g,-0.71540046,0.15276611,-0.476492
116939226509046,a,-0.3172317,-0.15307927,7.211934
116939226528890,g,-0.032565933,0.3626232,-0.63521636
116939226546546,a,-0.81761986,-0.16505028,9.541492
116939228343369,g,0.72909814,0.567154,-0.66291326
116939228364932,a,-1.614889,0.15337855,10.4967785
116939288159879,g,-0.03682699,0.5628929,-0.5926058
116939288196911,a,-1.4137762,0.24914661,10.173561
116939288215817,g,-0.82299215,0.16022296,-0.52549416
116939288233786,a,-1.6077064,0.3712509,8.483255
116939288251338,g,-0.36066738,-0.07946154,-0.63095534
116939288268786,a,-0.973243,0.07676409,9.311649
116939329042067,g,0.4521294,-0.09650577,-0.52229834
116939329473577,a,-1.0402806,-0.5600936,10.1304655
116939329739827,g,0.20498803,0.15489663,-0.49779728
116939330019671,a,-0.7314286,0.048033673,10.144831
116939366169411,g,-0.9774555,0.24970517,-0.61710685
116939366527379,a,-1.1695676,0.16534956,9.002797
116939374149671,g,-0.8571016,0.49045306,-0.8994022
116939374580765,a,-1.6579847,0.11028291,9.721058
116939433393213,g,0.022806779,0.4989752,-0.8642485
116939433828317,a,-1.4999673,-0.019003976,9.845556
116939434093317,g,-0.02726065,0.47873515,-0.7023283
116939434375661,a,-1.5358804,0.6441899,10.944494
116939434634463,g,-0.16467977,0.4180151,-0.5862145
116939434917327,a,-2.007538,0.3784335,9.986814
116939487970661,g,-0.3223389,0.24544226,-0.624564
116939488327536,a,-2.4648306,-0.18899229,8.720282
116939488592015,g,-0.11461233,-0.023004385,-0.6938062
116939489006181,a,-1.5717934,-0.37813422,9.464878
116939489273421,g,-0.4448443,-0.33193105,-0.5308207
116939489552171,a,-0.90381116,0.56757545,9.651626
116939526308473,g,-0.88905954,-0.35430163,-0.531886
116939526665556,a,-0.89423436,0.8716391,9.618107
116939526929984,g,-0.15189658,-0.20409934,-0.5894103
116939527212223,a,-1.887828,0.26351184,9.184756
116939564048213,g,0.28912288,-0.19983828,-0.52016807
116939564084671,a,-1.8590976,0.4885668,10.233417
116939564104306,g,-0.330861,-0.38625956,-0.42003322
116939564122796,a,-0.6572084,1.8029835,9.953295
116939628469931,g,-0.7441836,-0.5162218,-0.45838276
116939628506598,a,-0.6619968,1.0895114,9.668385
116939628525452,g,0.13679007,-0.21901304,-0.495667
116939628543786,a,-0.8726865,0.8381202,10.903793
116939628561650,g,0.61935484,0.06647783,-0.47649226
116939628578681,a,-1.6843209,1.501314,11.440094
116939688146181,g,-0.3255347,0.06008624,-0.6309556
116939688505765,a,-2.4983494,2.0974703,9.021951
116939688772848,g,-0.7260741,-0.25736254,-0.6938062
116939689172015,a,-2.2134395,1.570746,9.51755
116939689432796,g,0.27314392,-0.48852494,-0.38594478
116939689714515,a,-0.80086046,0.68967974,11.341932
116939726463629,g,0.34451663,-0.09650763,-0.059973855
116939726907536,a,-1.0259154,0.29463646,11.995549
116939727315921,g,-0.4086253,0.42121089,-0.23467723
116939727349411,a,-1.3611037,0.8716391,9.733028
116939766503421,g,-0.44271377,0.31042337,-0.40085846
116939767136963,a,-1.7298107,0.28266543,8.540716
116939767170713,g,0.044112068,-0.16681509,-0.35185632
116939767387223,a,-1.2988545,0.5077204,10.211869
116939833671702,g,0.44784728,-0.3521711,-0.2591783
116939834115973,a,-1.3012487,1.108665,10.891822
116939834381233,g,0.10163634,-0.029395971,-0.13880342
116939834664411,a,-1.3251907,1.0392332,10.250176
116939834923421,g,-0.1785282,0.31361917,-0.06636544
116939835203838,a,-1.4209588,0.73038113,10.096947
116939888307483,g,0.09524476,0.34557712,0.023116771
116939888662588,a,-1.4137762,0.3616741,10.59973
116939894699567,g,0.08881163,0.24224272,0.0018109495
116939894724983,a,-1.471237,0.57475805,10.50875
116939894744046,g,-0.063521184,0.057951983,-0.022690132
116939894762640,a,-1.447295,0.5196914,10.175956
116939953782275,g,-0.03582431,0.01640667,-0.04399542
116939954215400,a,-1.2916719,0.47180736,10.219051
116939954479046,g,0.32210454,0.0813878,-0.024820661
116939954762015,a,-1.3826514,0.06718729,10.484808
116939955021338,g,0.27736342,0.22945955,0.042290997
116939955301702,a,-1.3491327,-0.15547347,9.946113
116940004576025,g,-0.1199802,0.19643636,0.1019458
116940004931546,a,-1.2725182,-0.14589667,9.002797
116940005196338,g,-0.029432723,0.09417097,0.1797101
116940005477067,a,-1.1288661,-0.08604162,9.0794115
116940005736650,g,0.31784347,0.084583595,0.20847225
116940006018421,a,-1.1049241,-0.042945992,9.345168
116940048018577,g,0.22196968,0.1623479,0.21486384
116940053757275,a,-1.1959038,-0.13871406,9.496002
116940054148733,g,-0.17004763,0.24650379,0.20847225
116940054458213,a,-1.3371617,-0.1794155,9.807249
116940104909931,g,-0.2850962,0.207089,0.24788703
116940105264254,a,-1.4856021,-0.042945992,9.77373
116940105527587,g,0.047266316,0.17513107,0.24256071
116940105808890,a,-1.6962919,0.038456865,9.3978405
116940106068056,g,0.20492545,0.10588888,0.18184064
116940106357275,a,-1.7681179,-0.06928221,9.675568
116940146522483,g,-0.13595916,0.06434357,0.18929748
116940146878004,a,-1.6196774,-0.12434885,9.953295
116940147141390,g,-0.29574883,0.048364602,0.2521481
116940147423421,a,-1.2198458,-0.44038346,9.709086
116940188484515,g,-0.11678441,0.16554369,0.227647
116940188836598,a,-1.3826514,-0.60797757,9.701904
116940194777483,g,0.1942728,0.27846172,0.1051416
116940194810400,a,-2.112883,-0.6175544,9.218275
116940227039567,g,0.08242004,0.2401122,-0.021624869
116940227076025,a,-2.4145525,-0.07646482,9.184756
116940227095244,g,-0.13489391,-0.008094411,0.0071372716
116940227114462,a,-2.0099323,0.13422494,9.227852
116940286840660,g,-0.1050665,-0.2030378,0.2308428
116940286876077,a,-1.4209588,-0.23448212,9.290101
116940286895765,g,0.22410022,-0.09970715,0.39169773
116940286913942,a,-1.6412252,-0.7779659,9.749788
116940286931390,g,0.2304918,0.14849946,0.4225904
116940286948733,a,-1.7226281,-0.7372645,9.414599
116940327183629,g,-0.14341602,0.16660896,0.37358823
116940327221129,a,-1.2533646,-0.16265608,8.87351
116940327240921,g,-0.23396349,0.05901725,0.34056503
116940327258577,a,-1.0737995,-0.36137483,8.981249
116940367016077,g,-0.086957,-0.062422898,0.3650661
116940367374775,a,-1.3730747,-1.086818,9.886257
116940374991806,g,0.12714863,0.01534034,0.29262787
116940375423160,a,-1.5215151,-0.4834791,10.422559
116940434243629,g,0.08560332,0.0675383,0.11366345
116940434678733,a,-1.5765818,0.6178537,9.383475
116940434941962,g,-0.07951267,0.008948754,0.011398063
116940435223264,a,-1.6795325,0.7806594,8.868722
116940435507639,g,0.01849166,-0.0762724,0.107271865
116940435796442,a,-1.9692309,0.19168578,10.2406
116940488824723,g,0.16443288,-0.009160741,0.38637114
116940489295348,a,-1.8590976,-0.7372645,10.614095
116940489566650,g,-0.0784474,0.13464996,0.5323124
116940489848525,a,-0.82480246,-0.028580783,9.606135
116940490106702,g,-0.0784474,0.22306691,0.4417649
116940490387379,a,-1.0043676,0.47180736,9.139266
116940527384879,g,-0.044358943,0.26035115,0.29262787
116940527421702,a,-1.7322049,0.42631754,9.807249
116940527441962,g,-6.8310084E-4,-0.021943914,0.46093965
116940527460817,a,-1.7729063,-0.5624878,10.46326
116940594443421,g,-0.26273814,-0.22114836,0.728321
116940594879046,a,-0.49679685,-0.861763,10.166379
116940595143525,g,-0.08696952,-0.24777998,0.87319696
116940595426754,a,-0.11372458,-0.94316584,9.383475
116940595687691,g,0.13140969,-0.031531293,0.73577785
116940595970712,a,-0.9660604,-0.22729953,9.634866
116940627222171,g,0.14845392,-0.029400766,0.5610745
116940627582119,a,-1.6316484,-0.1818097,9.745
116940627844827,g,-0.12105798,-0.22434415,0.6026198
116940628125973,a,-0.8511387,-0.29433718,9.433753
116940667257483,g,0.01636113,-0.38306856,0.8753275
116940667615660,a,0.5566519,-0.3494038,9.737817
116940667879566,g,0.08773385,-0.06881555,0.9328518
116940668160764,a,0.11611878,-0.062099606,10.460866
116940711277223,g,-0.01240101,0.32000595,0.7464305
116940711707066,a,-0.79367787,-0.23208793,10.310031
116940711973056,g,-0.38417828,0.23478481,0.6026198
116940712255087,a,-1.0378864,-0.41165304,9.675568
116940769217275,g,-0.3745909,-0.21795256,0.6963631
116940769574098,a,0.41299978,-0.042945992,9.270947
116940769842223,g,-0.018792596,-0.433136,0.8433696
116940770131337,a,1.0019734,-0.1770213,10.446501
116940770390139,g,0.31570044,-0.1092956,0.9243297
116940770673108,a,0.17836803,-0.6271312,11.207857
116940811379410,g,-0.026249448,0.2795259,0.7347126
116940811816129,a,-0.48243165,-0.5553052,10.238205
116940812081441,g,-0.25102025,0.2379806,0.6292514
116940812364514,a,0.044292733,-0.3422212,9.438541
116940869313368,g,0.060036972,-0.033661824,0.6335125
116940869758316,a,0.79128367,0.18929157,9.709086
116940869782275,g,0.3700289,-0.07733767,0.61859876
116940869801077,a,0.2693477,0.30421326,9.733028
116940877266493,g,0.21556132,0.04090642,0.5461608
116940877696285,a,-0.40342298,0.19886838,9.486425
116940911480400,g,0.036596894,0.05262433,0.46520072
116940911912535,a,-0.34835634,0.26351184,9.129689
116940912183473,g,-0.03158003,-0.04324947,0.5461608
116940912463785,a,0.6572084,0.29463646,9.053075
116940967775035,g,-0.0028178908,0.011079016,0.64309984
116940968131025,a,0.58298814,0.19886838,9.800066
116940968393785,g,0.013161075,0.2752646,0.62605566
116940968678316,a,-0.11372458,0.004938041,9.56304
116940969074462,g,-0.21906658,0.29124355,0.55042183
116940969354410,a,-0.17597382,-0.21532851,9.309255
116941010055139,g,-0.2542203,0.09630017,0.53763866
116941010489410,a,0.38187516,-0.07646482,9.646837
116941010755191,g,-0.0017526263,-0.020878917,0.56000924
116941011041285,a,0.51834464,0.21083939,10.101735
116941070984358,g,0.051510595,0.053689595,0.55042183
116941071337431,a,0.52073884,0.024091655,10.113707
116941071600504,g,-0.09123484,0.07286435,0.48863652
116941071877900,a,0.14963761,0.12704232,9.263765
116941072158108,g,-0.16367282,-0.015552594,0.36719638
116941072447483,a,0.6452374,0.3616741,8.919
116941110136806,g,-0.12745383,-0.22114863,0.35867426
116941110568316,a,1.1695676,0.0839467,9.165603
116941110836754,g,-0.07099482,-0.15084118,0.37678376
116941111119098,a,0.9995792,-0.030974984,9.912594
116941169523316,g,-0.09123484,0.08564752,0.34163004
116941169878733,a,0.79607207,0.009726444,10.38904
116941174807848,g,-0.14236753,0.23584981,0.25640887
116941174841077,a,0.61171854,-0.31827918,10.740988
116941174869045,g,-0.21054445,0.21560979,0.1839709
116941174895139,a,0.40342298,-0.27757776,11.102511
116941209047118,g,-0.2297192,0.054754857,0.14668664
116941209394462,a,0.17357962,-0.4619313,11.138425
116941209658993,g,-0.09016957,-0.06668529,0.104076065
116941209942900,a,0.24779987,-0.61037177,11.059416
116941247997066,g,0.06003271,-0.121013775,0.078509726
116941248034202,a,0.16879122,-0.5744588,10.6117
116941248053681,g,-0.044363204,-0.073076874,0.014593856
116941248073004,a,-0.16160862,-0.21532851,10.384252
116941304809202,g,-0.010274742,-0.087990575,-0.029081985
116941304846806,a,-0.47046062,-0.045340195,10.254965
116941304865608,g,0.07707694,-0.14764538,-0.062105183
116941304883316,a,-0.5279215,0.038456865,9.733028
116941304900764,g,0.17614654,-0.19451702,-0.061039917
116941304917900,a,-0.439336,-0.026186582,9.428965
116941375120035,g,0.15803704,-0.16575488,-0.047191482
116941375554045,a,-0.40581718,0.026485857,9.620501
116941375819358,g,0.08986011,-0.08692531,-0.04186516
116941376099358,a,-0.748188,0.16534956,9.891046
116941383792327,g,0.019544406,-0.042185005,-0.054648597
116941384225191,a,-0.90141696,0.2323872,9.749788
116941428163420,g,0.04937181,-0.065620825,-0.032278046
116941428531754,a,-0.6572084,-0.09561843,9.634866
116941428794618,g,0.118613996,-0.063490294,-0.017364344
116941429202431,a,-0.5686229,-0.16983868,9.816826
116941429464827,g,0.088786595,-0.024075508,-0.032278046
116941429746910,a,-0.6548142,-0.24166474,10.05864
116941467939566,g,-0.06567675,-0.042185005,-0.05251807
116941468293524,a,-0.6548142,-0.4475661,9.958083
116941475170816,g,-0.052893575,-0.110361926,-0.049322277
116941475197170,a,-0.59495914,-0.5840356,9.646837
116941508189306,g,0.14631088,-0.11675351,-0.08021495
116941508225608,a,-0.58777654,-0.339827,9.749788
116941508246649,g,0.22514044,-0.035793416,-0.09406338
116941508265243,a,-0.676362,-0.37813422,10.01315
116941564983837,g,0.050437074,0.051558267,-0.091932856
116941565019306,a,-0.7673417,-0.71571666,10.214263
116941565038733,g,-0.062480956,0.010012953,-0.091932856
116941565056441,a,-0.6859388,-0.7947253,10.147225
116941565074097,g,-0.014544055,-0.13699354,-0.073823355
116941565091597,a,-0.3866636,-1.0700585,9.754577
116941611283056,g,0.17720354,-0.23925893,-0.07275809
116941611719983,a,-0.11372458,-1.0078093,9.917382
116941611984827,g,0.29864368,-0.15190724,-0.1292171
116941612264774,a,-0.36750996,-0.50023854,9.948506
116941648075191,g,0.20490041,0.002556102,-0.17608874
116941648430295,a,-0.6572084,-0.50742114,10.199898
116941648692743,g,0.05150234,0.10056043,-0.102585495
116941649036493,a,-0.91338795,-0.66065,10.207081
116941688114774,g,0.038719166,0.09629937,-0.074888624
116941688473785,a,-0.961272,-0.8785224,9.771336
116941688739306,g,0.04724128,-0.05816397,-0.106846556
116941689078993,a,-0.60693014,-0.81866735,9.534309
116941733628264,g,0.090917125,-0.22967154,-0.07275809
116941734072795,a,-0.49440265,-0.52178633,9.680356
116941734339826,g,0.28479525,-0.19132203,0.09448842
116941734619462,a,-0.6596026,-0.60797757,10.017939
116941789926024,g,0.21555306,-0.0752082,0.24149491
116941790278524,a,-0.36511576,-1.0102035,9.7402115
116941790543420,g,-0.1807253,4.2557315E-4,0.24575597
116941790826910,a,-0.2669535,-1.1490672,9.342773
116941795488316,g,-0.13704947,0.057949852,0.07957472
116941795521649,a,-0.7290344,-0.71811086,9.464878
116941828466493,g,-0.055024102,-0.07094714,0.07957472
116941828502587,a,-0.7290344,-0.5576994,9.256582
116941828522170,g,-0.20948744,-0.26802108,0.2478865
116941834149410,a,-0.03232172,-1.0317513,9.400234
116941888542118,g,-0.15622422,-0.27973896,0.42685091
116941888578993,a,0.35314476,-1.6542437,9.601347
116941894787431,g,-0.15624925,-0.05177478,0.29262733
116941895216545,a,0.49440265,-1.3334208,9.280524
116941895480816,g,-0.21377353,0.08031801,-0.15584898
116941895764462,a,-0.35793316,-0.82106155,8.485649
116941933763056,g,-0.04546176,-0.11888644,-0.50738627
116941934200712,a,-0.89662856,-0.43798926,7.755418
116941934469149,g,-0.114703946,-0.47468475,-0.45944935
116941934748368,a,0.029927522,-0.72289926,9.294889
116941990075191,g,0.014193051,-0.43953103,-0.15371846
116941990432170,a,0.58298814,-1.1873744,10.752958
116941990694878,g,-0.015634354,0.13677703,-0.1792848
116941990975712,a,0.09696517,-0.93837744,9.194333
116941991237483,g,-0.44067487,0.34663412,-0.42962193
116941991516181,a,-0.5351041,-0.6750153,8.193557
116942033861806,g,-0.30432102,0.044099018,-0.62350005
116942034297691,a,-0.8367735,-0.20814592,9.610924
116942034564566,g,0.022715166,-0.23500027,-0.55638844
116942034852899,a,-0.6380547,-0.11956045,10.118495
116942091838368,g,-0.21057774,0.029185316,-0.37742397
116942092196076,a,-0.005985504,-1.0149919,9.862315
116942092457222,g,-0.81777847,0.36900467,-0.25811437
116942092739149,a,-0.17357962,-1.6638205,9.393052
116942093008264,g,-0.93176174,0.6651482,-0.5457358
116942093291233,a,-0.93732995,-0.3422212,11.1096945
116942155673524,g,-0.5195044,0.6129502,-1.0464101
116942156104983,a,-2.4265234,0.9554361,10.64043
116942156371962,g,-0.2180346,0.245434,-1.2978125
116942156655868,a,-2.5079262,1.2116157,10.355521
116942156917743,g,-0.114703946,-0.24778344,-0.9761026
116942157198472,a,-1.8590976,0.73277533,11.090541
116942210630868,g,-0.2712978,-0.34898356,-0.33587867
116942210668368,a,-0.37229836,0.20605098,10.848726
116942210687118,g,-0.16157559,-0.057101104,-0.13560896
116942210705451,a,-0.09696517,0.30181906,10.427347
116942210722899,g,0.2911618,0.18258339,-0.2272217
116942210739722,a,-1.602918,0.24914661,8.794501
116942248591753,g,-0.05078808,0.045164283,-0.39553347
116942249072274,a,-1.2413936,0.0935235,8.734647
116942249341545,g,-0.7261657,-0.48107636,-0.2783544
116942249664878,a,-0.51834464,-0.0070329676,10.204686
116942294068628,g,-0.5834203,-0.4075731,-0.24426593
116942294501232,a,-0.10654198,0.89797527,11.018715
116942294768889,g,-0.057179667,0.11014541,-0.28900704
116942295050712,a,-1.2318168,0.9458593,8.756194
116942328623941,g,0.473322,0.36900467,-0.26770175
116942329127795,a,-1.0474633,0.8812159,8.772954
116942329395555,g,0.5329768,0.062208515,-0.006711965
116942329677326,a,-0.17357962,1.1541549,11.2844715
116942368693837,g,-0.2329483,0.0036189696,-0.035474103
116942369117535,a,-0.39624038,1.3863925,11.732187
116942376735451,g,-1.1725909,0.03130892,-0.3390758
116942377165243,a,-1.3970166,1.5180736,9.491214
116942435912274,g,-0.9147969,-0.25098616,-0.4413412
116942436344982,a,-1.4449008,0.9650129,9.735423
116942436616337,g,0.009852631,-0.58015287,0.034832016
116942436898732,a,-0.073023155,-0.0070329676,11.42094
116942441522118,g,0.19520864,-0.26057354,0.514201
116942441553837,a,0.60453594,-0.624737,10.580576
116942490868993,g,2.6525086E-4,0.2060123,0.54935473
116942490905660,a,0.49919105,-0.95274264,9.86471
116942490925607,g,-0.051932707,0.28164607,0.21166591
116942490943212,a,0.05865794,-0.13153146,8.600571
116942490961076,g,-0.027431624,-0.111436516,-0.15265453
116942490978941,a,-0.6476316,0.3616741,8.660426
116942528297743,g,0.20586129,-0.46616957,-0.15585032
116942528332795,a,-0.061052144,0.29942486,10.166379
116942528352066,g,0.07483376,-0.4086453,0.08489945
116942528369774,a,0.35314476,-0.5936124,9.998785
116942596031284,g,-0.006126336,0.18683752,0.1584027
116942596466545,a,0.07062895,-0.97189623,9.634866
116942596733993,g,0.003461044,0.4094778,0.1221837
116942597016649,a,-0.19512744,-0.8928876,9.416994
116942597280868,g,-0.19787394,0.12505218,0.0060698767
116942597565972,a,-0.24779987,-1.0293571,9.34038
116942629039357,g,-0.28416035,-0.24565983,-0.07808601
116942629393524,a,-0.16879122,-1.4890438,9.970055
116942629657743,g,0.05778953,-0.26909566,0.0028740834
116942629943420,a,0.24540567,-1.7380408,10.618883
116942669013159,g,0.006656837,0.035569977,0.036962546
116942669368524,a,0.12569559,-1.479467,10.302849
116942669633576,g,-0.24154978,0.2752545,-0.054650195
116942669925295,a,-0.32920274,-1.0413281,9.6923275
116942736159253,g,-0.28522563,0.09522478,-0.20378722
116942736593055,a,-0.5351041,-0.7444471,9.654019
116942736858836,g,-0.01677898,-0.25311667,-0.19419983
116942737138576,a,-0.4249708,-0.9192238,9.816826
116942737396701,g,0.17283809,-0.24992089,-0.068498634
116942737681128,a,-0.049081136,-1.1921628,9.948506
116942791115972,g,0.0023957796,0.05794053,0.001808819
116942791152482,a,-0.08259996,-1.0341455,9.812037
116942791171545,g,-0.090282224,0.2443618,-0.005648032
116942791188836,a,-0.41060558,-0.84739774,9.287707
116942791206701,g,-0.109456986,0.05261421,-0.030149113
116942791223576,a,-0.3866636,-0.9958383,9.436148
116942829311284,g,-0.009322129,-0.23713772,7.4355456E-4
116942829348055,a,-0.094570965,-1.3932757,9.809643
116942829580243,g,0.13874963,-0.21583243,0.05507204
116942829863628,a,0.1376666,-1.4363713,9.81922
116942890858107,g,0.101465374,0.05474474,0.06252889
116942891365191,a,0.073023155,-1.3429976,9.783307
116942897233264,g,-0.031680167,0.1474238,0.025244903
116942897667378,a,-0.25977087,-1.0844238,9.646837
116942897933941,g,0.0045388252,0.013200491,-0.0376057
116942898218159,a,-0.1400608,-0.8809166,9.86471
116942950885816,g,0.11745685,-0.22009242,0.018853316
116942951241753,a,0.12569559,-1.467496,9.891046
116942951508420,g,0.1398274,-0.133806,0.03909334
116942951790243,a,0.142455,-1.455525,9.953295
116942952049253,g,0.057802048,0.087769,0.014592258
116942952330399,a,0.16879122,-1.4076409,9.855133
116942989324878,g,-0.1382066,0.11866167,-0.04825834
116942989679774,a,0.046686932,-1.2256817,9.639654
116942989946545,g,0.018387264,-0.019822707,-0.1270879
116942990236024,a,-0.17836803,-0.9982325,9.266159
116943056449461,g,0.14089267,-0.13167547,-0.15585005
116943056882586,a,-0.11611878,-1.0341455,9.618107
116943057147899,g,0.07910734,-0.100782804,-0.10471736
116943057428316,a,-0.005985504,-1.0604817,9.709086
116943057685034,g,-0.09240024,0.059006862,-0.04506255
116943057965034,a,-0.32441434,-1.1442788,9.888652
