1425162176912,r,-0.045569748,-0.71453,-0.018815748
1425162176921,a,0.19153613,0.0,10.342952
1425162176932,r,-0.05412186,-0.1965163,-0.007820174
1425162176943,a,0.19153613,0.0,10.304645
1425162176952,r,-0.06267397,0.6208214,0.011727514
1425162176962,a,-0.15322891,0.0,9.615114
1425162176975,r,-0.056565322,-0.35778472,-0.0065984437
1425162176981,a,-0.22984336,0.038307227,9.346964
1425162176992,r,-0.04923494,-0.27592877,-0.0053767134
1425162177001,a,0.22984336,0.0,10.266336
1425162177021,a,-0.076614454,0.0,9.691729
1425162177032,r,-0.057787053,0.523083,0.016614435
1425162177034,r,-0.05534359,-0.036469605,-4.897914E-4
1425162177042,a,-0.15322891,0.038307227,9.385271
1425162177052,r,-0.044348016,-0.44330585,-0.010263635
1425162177062,a,0.19153613,0.0,10.266336
1425162177073,r,-0.0638957,0.41923586,0.0068405913
1425162177088,a,-0.11492168,0.0,9.691729
1425162177102,a,-0.15322891,0.0,9.5385
1425162177113,r,-0.050456673,-0.079230174,-4.897914E-4
1425162177122,a,0.076614454,0.0,10.151415
1425162177133,r,-0.052900128,-0.34678915,7.31939E-4
1425162177138,r,-0.04923494,0.28118032,0.019057896
1425162177145,a,-0.11492168,0.0,9.615114
1425162177158,r,-0.051678397,0.01728654,0.0031754
1425162177163,a,-0.038307227,0.0,9.653421
1425162177182,a,0.15322891,0.038307227,10.151415
1425162177196,r,-0.051678397,-0.36022818,-0.009041905
1425162177202,a,0.11492168,0.0,10.0748005
1425162177216,r,-0.056565322,0.28606725,0.008062322
1425162177224,a,-0.038307227,0.0,9.730036
1425162177236,r,-0.040682822,-0.079230174,-0.0017115222
1425162177243,r,-0.04679148,-0.30525032,-0.0029332526
1425162177246,a,0.11492168,0.0,10.151415
1425162177262,a,0.0,0.038307227,9.883265
1425162177272,r,-0.043126285,0.22620246,0.012949244
1425162177287,a,-0.076614454,0.038307227,9.691729
1425162177293,r,-0.051678397,-0.06701287,7.31939E-4
1425162177305,a,0.11492168,0.0,10.0748005
1425162177314,r,-0.051678397,-0.17574687,0.0019536694
1425162177322,a,-0.038307227,0.0,9.768343
1425162177332,r,-0.051678397,0.16267246,0.008062322
1425162177345,a,0.0,0.0,9.768343
1425162177352,r,-0.051678397,-0.08900402,0.0031754
1425162177363,a,0.076614454,0.0,10.036493
1425162177372,r,-0.051678397,-0.09022575,-0.0065984437
1425162177391,a,-0.076614454,0.0,9.691729
1425162177394,r,-0.051678397,0.1040294,0.0068405913
1425162177403,a,0.0,0.0,9.883265
1425162177414,r,-0.04801321,-0.25393763,-0.0029332526
1425162177422,a,-0.076614454,0.038307227,10.0748005
1425162177433,r,-0.04801321,-0.0083698025,-0.02248094
1425162177444,a,-0.4213795,0.15322891,9.883265
1425162177457,r,-0.056565322,0.16755939,-0.21062744
1425162177464,a,0.30645782,-0.076614454,10.036493
1425162177473,r,-0.04923494,-0.17574687,-0.42809546
1425162177482,a,0.7661445,-0.15322891,9.883265
1425162177492,r,-0.050456673,0.09792075,-0.22040129
1425162177502,a,-0.038307227,0.0,9.80665
1425162177514,r,-0.04923494,-0.013256724,0.0068405913
1425162177522,a,0.0,0.0,9.883265
1425162177532,r,-0.04801321,-0.063347675,0.0068405913
1425162177542,a,0.0,0.0,9.844957
1425162177552,r,-0.045569748,0.02583865,-4.897914E-4
1425162177565,a,0.038307227,0.038307227,9.883265
1425162177572,r,-0.04801321,-0.0682346,0.0019536694
1425162177582,a,0.038307227,0.038307227,9.959879
1425162177594,r,-0.061452247,0.011177886,0.0068405913
1425162177603,a,0.038307227,0.038307227,9.844957
1425162177613,r,-0.05534359,-0.042578258,0.005618861
1425162177622,a,0.038307227,-0.038307227,9.921572
1425162177637,r,-0.0638957,1.8231105E-4,-4.897914E-4
1425162177642,a,0.0,0.0,9.844957
1425162177652,r,-0.059008785,-0.0059263417,-0.0029332526
1425162177667,a,0.0,0.038307227,9.921572
1425162177672,r,-0.050456673,-0.034026142,-0.0029332526
1425162177693,r,-0.05534359,0.02217346,0.008062322
1425162177703,a,0.038307227,0.0,9.883265
1425162177717,r,-0.05412186,-0.063347675,-4.897914E-4
1425162177722,a,0.0,-0.038307227,9.80665
1425162177736,r,-0.043126285,-0.08289536,-0.0017115222
1425162177746,a,0.038307227,0.0,9.921572
1425162177759,r,-0.050456673,-0.026695762,-0.004154983
1425162177772,a,0.22984336,0.19153613,9.883265
1425162177775,r,-0.04679148,-0.3015851,0.13878748
1425162177792,a,-0.038307227,0.8810662,9.998186
1425162177799,r,-0.052900128,-0.27837223,0.22430861
1425162177816,a,0.2681506,1.6472107,9.883265
1425162177819,r,-0.059008785,0.01728654,0.3916857
1425162177833,a,0.45968673,1.6089035,9.883265
1425162177837,r,-0.057787053,1.8231105E-4,0.562728
1425162177851,a,0.61291564,1.7621324,9.883265
1425162177855,r,-0.051678397,0.04538634,0.67879236
1425162177872,a,0.91937345,1.5705963,9.883265
1425162177878,r,-0.052900128,0.060047105,0.7215529
1425162177892,a,0.91937345,1.6089035,9.844957
1425162177897,r,-0.050456673,0.09669902,0.8840431
1425162177912,a,0.076614454,2.1452048,9.921572
1425162177916,r,-0.04801321,0.035612497,1.0563071
1425162177938,a,-0.038307227,1.7238252,9.844957
1425162177943,r,-0.061452247,0.07837306,1.0184333
1425162177956,a,0.0,1.8387469,9.883265
1425162177959,r,-0.05412186,0.07104268,1.0587505
1425162177977,r,-0.06878263,0.038055956,1.2945445
1425162177986,a,0.4213795,1.8387469,9.844957
1425162177998,r,-0.066339165,0.042942878,1.5621035
1425162178008,a,0.5746084,1.8770541,9.883265
1425162178016,r,-0.07000436,0.031947304,1.962831
1425162178025,a,0.38307226,2.2218192,9.883265
1425162178036,r,-0.07611301,-0.048686907,2.2010684
1425162178042,a,0.22984336,1.9536686,9.883265
1425162178054,r,-0.05534359,-0.014478455,2.2682636
1425162178062,a,0.30645782,2.0685902,9.883265
1425162178072,r,-0.082221664,0.034390766,2.380663
1425162178086,a,0.49799395,1.7238252,9.921572
1425162178093,r,-0.066339165,-0.0010394184,2.5223837
1425162178105,a,0.80445176,1.7238252,9.883265
1425162178113,r,-0.07489128,-0.034026142,2.719082
1425162178126,a,1.1492168,1.7621324,9.883265
1425162178136,r,-0.073669545,-0.10732997,3.0379539
1425162178143,a,1.2258313,1.6089035,9.80665
1425162178157,r,-0.06511743,-0.093890935,3.2444263
1425162178164,a,0.6512229,1.5705963,9.921572
1425162178176,r,-0.05534359,-0.13787323,3.3580472
1425162178184,a,0.5746084,2.1452048,9.959879
1425162178193,r,-0.045569748,-0.02913922,3.0074105
1425162178205,a,0.45968673,2.0685902,9.80665
1425162178213,r,-0.060230516,0.023395192,2.7765036
1425162178223,a,0.30645782,1.8770541,9.998186
1425162178237,r,-0.059008785,0.06737749,3.0367322
1425162178242,a,0.5363012,1.6089035,9.768343
1425162178255,r,-0.07122609,0.027060382,3.5290895
1425162178262,a,0.80445176,0.5746084,9.730036
1425162178273,r,-0.06878263,-0.07189979,4.0666513
1425162178282,a,0.6512229,0.5363012,9.883265
1425162178294,r,-0.06878263,0.121133626,4.385523
1425162178302,a,0.2681506,0.80445176,9.959879
1425162178313,r,-0.06267397,0.1357944,4.546791
1425162178326,a,0.19153613,1.3790601,9.959879
1425162178339,r,-0.10421281,0.33371472,4.4441657
1425162178346,a,0.7661445,1.4939818,9.921572
1425162178353,r,-0.10421281,0.08081652,4.4124007
1425162178367,a,0.80445176,0.38307226,9.691729
1425162178373,r,-0.08588685,0.12968574,4.258463
1425162178382,a,0.038307227,-0.7278373,10.113108
1425162178399,r,-0.13842127,0.2286459,4.071538
1425162178410,a,-0.7661445,-0.45968673,9.844957
1425162178416,r,-0.14330819,0.46932682,3.5205374
1425162178424,a,-0.61291564,0.842759,10.036493
1425162178436,r,-0.14452991,0.2958411,3.1564617
1425162178443,a,-0.19153613,0.8810662,9.5385
1425162178458,r,-0.15063858,0.10036421,2.7410734
1425162178465,a,-0.8810662,0.80445176,9.883265
1425162178477,r,-0.13353434,0.14556824,2.1705253
1425162178486,a,-1.8387469,1.0342951,9.883265
1425162178496,r,-0.11643011,0.10158594,1.7074894
1425162178503,a,-2.336741,1.0342951,9.615114
1425162178513,r,-0.10176935,-0.12687767,1.183367
1425162178527,a,-1.532289,-0.076614454,9.998186
1425162178533,r,-0.0638957,-0.08289536,0.4124551
1425162178543,a,-1.9153614,-0.2681506,9.883265
1425162178557,r,-0.033352442,-0.1085517,-0.33157873
1425162178564,a,-3.371036,0.6895301,9.691729
1425162178576,r,-0.0675609,-0.14398189,-0.6626677
1425162178582,a,-3.064578,0.15322891,9.959879
1425162178593,r,-0.038239367,-0.115882084,-0.35967854
1425162178607,a,-3.2561142,-0.2681506,9.80665
1425162178613,r,-0.04801321,-0.064569406,0.14611787
1425162178629,a,-3.5625722,-0.4213795,9.921572
1425162178642,a,-3.8307228,-0.15322891,9.883265
1425162178652,r,-0.08588685,0.07104268,0.73132676
1425162178658,r,-0.07244782,-0.012034993,0.8131827
1425162178667,a,-3.7541082,0.038307227,9.883265
1425162178677,r,-0.060230516,0.02583865,0.38191187
1425162178688,a,-3.7541082,-0.038307227,9.844957
1425162178698,r,-0.050456673,-0.035247874,0.011727514
1425162178702,a,-3.5242648,0.5363012,9.80665
1425162178721,a,-2.7581203,0.7278373,9.844957
1425162178732,r,-0.04923494,-0.087782286,0.16810901
1425162178742,a,-2.7581203,-0.15322891,9.921572
1425162178752,r,-0.06267397,-0.015700184,0.36969456
1425162178756,r,-0.059008785,0.089368634,0.29150382
1425162178765,a,-2.4516625,-0.11492168,9.959879
1425162178776,r,-0.051678397,0.13090748,-0.02003748
1425162178781,a,-2.1452048,0.2681506,9.768343
1425162178795,r,-0.037017636,-0.04379999,-0.38289142
1425162178801,a,-1.9919758,0.2681506,9.730036
1425162178822,a,-1.6089035,0.11492168,9.921572
1425162178825,r,-0.04923494,0.04416461,-0.25216627
1425162178842,a,-1.5705963,0.11492168,9.844957
1425162178844,r,-0.04923494,0.0881469,-0.018815748
1425162178861,a,-0.34476504,0.076614454,9.959879
1425162178864,r,-0.056565322,0.11869017,0.0043971306
1425162178882,a,-0.4213795,0.076614454,9.844957
1425162178884,r,-0.05412186,0.10036421,-0.0029332526
1425162178901,a,-0.49799395,0.076614454,9.423578
1425162178906,r,-0.043126285,-0.05968248,0.0031754
1425162178921,a,-0.38307226,0.11492168,9.730036
1425162178924,r,-0.037017636,-0.58502656,-0.011485366
1425162178943,a,-0.30645782,0.11492168,9.80665
1425162178946,r,-0.057787053,-0.74385154,-0.013928827
1425162178964,a,0.15322891,0.11492168,10.534488
1425162178974,r,-0.050456673,-1.0908229,-0.028589593
1425162178983,a,0.22984336,0.076614454,10.419566
1425162178987,r,-0.04679148,-0.11954728,0.0068405913
1425162179006,a,-0.19153613,0.076614454,9.844957
1425162179010,r,-0.07000436,0.8553937,0.023944817
1425162179022,a,-0.4213795,0.076614454,8.887277
1425162179028,r,-0.060230516,-0.5899135,-0.010263635
1425162179043,a,0.2681506,0.038307227,10.419566
1425162179046,r,-0.044348016,-0.34190223,-0.0053767134
1425162179062,a,-0.076614454,0.076614454,9.959879
1425162179067,r,-0.05412186,0.6403691,0.015392705
1425162179082,a,-0.34476504,0.11492168,9.11712
1425162179085,r,-0.0638957,0.011177886,0.0031754
1425162179102,a,-0.076614454,0.11492168,9.921572
1425162179107,r,-0.044348016,-0.6277871,-0.016372288
1425162179123,a,-0.038307227,0.11492168,10.036493
1425162179126,r,-0.066339165,0.44367048,0.016614435
1425162179145,a,-0.2681506,0.076614454,9.385271
1425162179149,r,-0.050456673,0.15045516,0.009284053
1425162179162,a,-0.19153613,0.076614454,9.730036
1425162179165,r,-0.04801321,-0.4616318,-0.009041905
1425162179182,a,0.11492168,0.076614454,10.266336
1425162179185,r,-0.044348016,-0.07189979,-0.0029332526
1425162179202,a,-0.19153613,0.076614454,9.615114
1425162179206,r,-0.056565322,0.36547974,0.008062322
1425162179222,a,-0.19153613,0.11492168,9.615114
1425162179228,r,-0.056565322,-0.26371148,-0.007820174
1425162179245,a,0.0,0.11492168,10.036493
1425162179249,r,-0.050456673,-0.2563811,-0.007820174
1425162179264,a,0.076614454,0.11492168,10.113108
1425162179267,r,-0.056565322,0.21642861,0.0068405913
1425162179282,a,-0.19153613,0.11492168,9.576807
1425162179286,r,-0.045569748,0.1480117,0.0068405913
1425162179302,a,-0.076614454,0.076614454,9.844957
1425162179306,r,-0.057787053,-0.28814608,-0.010263635
1425162179322,a,0.0,0.076614454,10.036493
1425162179326,r,-0.05534359,-0.05968248,-0.0017115222
1425162179345,a,0.0,0.076614454,9.998186
1425162179350,r,-0.056565322,0.19810265,0.009284053
1425162179366,a,-0.19153613,0.11492168,9.691729
1425162179369,r,-0.051678397,0.04416461,0.008062322
1425162179382,a,-0.076614454,0.11492168,9.883265
1425162179385,r,-0.045569748,-0.21972919,0.0019536694
1425162179402,a,0.0,0.11492168,9.998186
1425162179405,r,-0.04801321,-0.03280441,-0.0017115222
1425162179423,a,0.0,0.076614454,9.959879
1425162179426,r,-0.050456673,0.1394596,0.0031754
1425162179443,a,-0.15322891,0.076614454,9.768343
1425162179464,a,-0.076614454,0.076614454,9.921572
1425162179468,r,-0.051678397,-0.048686907,0.005618861
1425162179470,r,-0.045569748,-0.16108611,0.0019536694
1425162179484,a,0.0,0.076614454,9.959879
1425162179488,r,-0.051678397,-0.031582683,-4.897914E-4
1425162179503,a,-0.038307227,0.076614454,9.959879
1425162179507,r,-0.057787053,0.09669902,0.009284053
1425162179523,a,-0.11492168,0.11492168,9.80665
1425162179545,a,-0.076614454,0.11492168,9.883265
1425162179550,r,-0.057787053,-0.056017295,0.0019536694
1425162179574,a,-0.038307227,0.11492168,9.921572
1425162179581,r,-0.04679148,-0.10610824,-0.0017115222
1425162179590,r,-0.05412186,-0.0047046104,-4.897914E-4
1425162179598,r,-0.051678397,0.07104268,0.016614435
1425162179605,a,-0.11492168,0.076614454,9.844957
1425162179623,a,-0.076614454,0.076614454,9.883265
1425162179626,r,-0.050456673,-0.05846075,0.0019536694
1425162179644,a,-0.038307227,0.076614454,9.959879
1425162179646,r,-0.050456673,-0.09022575,0.0043971306
1425162179665,a,-0.038307227,0.076614454,9.883265
1425162179669,r,-0.052900128,0.024616921,0.008062322
1425162179673,r,-0.05534359,0.028282113,0.0068405913
1425162179683,a,-0.076614454,0.076614454,9.844957
1425162179702,a,-0.038307227,0.11492168,9.921572
1425162179704,r,-0.05412186,-0.064569406,0.0043971306
1425162179722,r,-0.05412186,-0.0523521,0.005618861
1425162179744,a,-0.038307227,0.076614454,9.998186
1425162179747,r,-0.051678397,0.055160183,0.010505782
1425162179770,a,-0.22984336,0.076614454,9.5385
1425162179775,r,-0.051678397,0.27751514,7.31939E-4
1425162179791,a,-0.11492168,0.076614454,9.998186
1425162179796,r,-0.056565322,-0.070678055,-4.897914E-4
1425162179816,a,-0.19153613,0.11492168,9.730036
1425162179823,r,-0.041904554,-0.11221689,-0.0029332526
1425162179830,r,-0.061452247,0.2481936,0.010505782
1425162179835,a,-0.19153613,0.15322891,9.768343
1425162179837,r,-0.051678397,-0.042578258,0.009284053
1425162179852,a,-0.11492168,0.15322891,9.921572
1425162179854,r,-0.051678397,-0.035247874,0.005618861
1425162179872,a,-0.15322891,0.11492168,9.844957
1425162179876,r,-0.044348016,-0.063347675,-0.004154983
1425162179899,a,0.0,0.076614454,10.151415
1425162179902,r,-0.052900128,-0.40543222,-4.897914E-4
1425162179915,a,0.0,0.076614454,10.113108
1425162179918,r,-0.06267397,0.18588534,0.0068405913
1425162179933,r,-0.05412186,0.0087344255,0.0043971306
1425162179942,a,-0.15322891,0.11492168,9.730036
1425162179953,r,-0.05412186,-0.25149417,-0.0029332526
1425162179962,a,0.0,0.11492168,9.998186
1425162179973,r,-0.05534359,0.17244631,0.0068405913
1425162179984,a,0.34476504,0.11492168,10.342952
1425162179993,r,-0.056565322,0.10280767,0.12046153
1425162180017,a,-0.61291564,0.19153613,10.113108
1425162180022,r,-0.05412186,0.1321292,0.20109573
1425162180026,a,-1.1875241,-0.076614454,9.883265
1425162180033,r,-0.057787053,0.07226441,0.14856133
1425162180065,a,-0.7278373,0.15322891,9.844957
1425162180069,r,-0.066339165,0.090590365,0.2585171
1425162180071,a,-1.532289,1.3024458,9.921572
1425162180073,r,-0.07122609,0.11746844,0.53707165
1425162180086,a,-1.4173675,2.0685902,9.80665
1425162180093,r,-0.089552045,0.08081652,0.9219167
1425162180101,a,-0.4213795,1.8004397,9.998186
1425162180113,r,-0.08099993,0.15778555,0.83761734
1425162180121,a,-0.11492168,1.9536686,9.730036
1425162180133,r,-0.07122609,0.02095173,0.7203312
1425162180141,a,-0.34476504,2.2218192,9.80665
1425162180161,a,-0.61291564,2.0685902,9.844957
1425162180172,r,-0.07611301,-0.021808837,0.8131827
1425162180176,r,-0.08466513,-0.02547403,0.970786
1425162180187,a,-1.0342951,2.030283,9.921572
1425162180194,r,-0.08466513,0.04049942,1.3727353
1425162180206,a,-0.91937345,1.9536686,9.844957
1425162180217,r,-0.12498223,0.058825374,2.1424255
1425162180223,a,-0.45968673,2.2218192,9.921572
1425162180242,a,-1.0726024,2.0685902,9.615114
1425162180252,r,-0.16163415,0.16878112,2.9414372
1425162180262,a,-1.5705963,2.2601264,10.113108
1425162180274,r,-0.20195127,0.061268836,3.4716682
1425162180282,r,-0.20683816,0.2640761,3.7868748
1425162180287,a,-1.1109096,2.0685902,9.959879
1425162180298,r,-0.26425952,0.25674573,4.462492
1425162180306,a,-0.4213795,1.685518,9.921572
1425162180327,a,-0.19153613,1.0342951,9.80665
1425162180334,r,-0.33511987,0.29461935,5.2847166
1425162180344,a,-0.6895301,1.340753,9.959879
1425162180355,r,-0.38276738,0.34593204,5.658566
1425162180362,a,-0.7278373,1.8004397,9.768343
1425162180372,r,-0.41331065,0.20298958,5.7282047
1425162180378,r,-0.4035368,0.19932438,5.4887457
1425162180383,a,-1.9536686,2.2984335,9.768343
1425162180401,a,-1.8004397,2.030283,9.768343
1425162180412,r,-0.39131948,0.25796744,5.0147142
1425162180424,a,-1.4556746,2.1068976,9.5385
1425162180434,r,-0.39131948,0.15045516,4.5529
1425162180442,a,-1.1109096,1.7238252,9.653421
1425162180456,r,-0.3485589,-0.012034993,4.117964
1425162180462,a,-1.2641385,1.6089035,9.730036
1425162180472,r,-0.29358104,-0.09022575,3.4985464
1425162180482,a,-0.11492168,0.7661445,9.883265
1425162180492,r,-0.2679247,-0.013256724,3.0000803
1425162180503,a,-0.5746084,2.1068976,9.768343
1425162180512,r,-0.2520422,-0.042578258,2.847364
1425162180524,a,-1.340753,1.9919758,9.844957
1425162180533,r,-0.2239424,-0.0523521,2.3916585
1425162180546,a,-1.1875241,1.7621324,9.730036
1425162180553,r,-0.16652107,-0.11343862,1.9616094
1425162180562,a,-0.7278373,0.076614454,9.80665
1425162180577,r,-0.17873839,-0.012034993,1.4387087
1425162180584,a,-0.6512229,-0.6895301,9.615114
1425162180593,r,-0.118873574,-0.10122132,1.2322363
1425162180603,a,-0.9959879,-0.45968673,9.883265
1425162180612,r,-0.14697337,-0.28325915,1.464365
1425162180624,a,-1.3024458,-0.5746084,10.113108
1425162180632,r,-0.16407761,-0.02791749,1.8577622
1425162180643,a,-2.9496565,-0.61291564,9.844957
1425162180656,r,-0.15430376,0.0478298,1.8247755
1425162180662,a,-2.9113493,-1.0726024,9.80665
1425162180674,r,-0.13353434,0.13335094,1.2811054
1425162180682,a,-2.566584,-1.6472107,9.80665
1425162180692,r,-0.11765184,0.106472865,0.87304753
1425162180704,a,-2.6431987,-2.183512,9.691729
1425162180712,r,-0.07244782,0.05149499,0.41734204
1425162180723,a,-4.1371803,-3.2944214,9.883265
1425162180733,r,-0.04679148,0.014843077,-0.19474494
1425162180743,a,-4.213795,-3.9073372,9.500193
1425162180756,r,-0.019913409,1.8231105E-4,-0.58447695
1425162180762,a,-3.7541082,-3.5242648,9.844957
1425162180774,r,-0.012583025,0.028282113,-0.5820335
1425162180782,a,-3.2561142,-3.217807,9.730036
1425162180792,r,-0.019913409,-0.0022611497,-0.4415345
1425162180806,a,-2.6431987,-2.336741,9.768343
1425162180812,r,-0.029687252,-0.09511267,-0.21795782
1425162180832,a,-1.3790601,-1.2641385,9.80665
1425162180835,r,-0.050456673,-0.13176458,-0.029811325
1425162180845,a,-0.6512229,-0.15322891,9.768343
1425162180862,a,-0.6895301,0.15322891,7.8146744
1425162180867,r,-0.04801321,-0.17085996,0.0043971306
1425162180873,r,-0.037017636,-0.7988294,-0.010263635
1425162180882,a,-0.38307226,0.19153613,10.534488
1425162180886,r,-0.037017636,-3.0064964,-0.06401978
1425162180902,a,0.91937345,0.15322891,11.683704
1425162180906,r,-0.03090898,-1.2337655,-0.033476517
1425162180926,a,0.8810662,0.11492168,10.419566
1425162180930,r,-0.060230516,2.802832,0.0752575
1425162180942,a,-0.8810662,0.15322891,6.4739213
1425162180946,r,-0.05412186,0.91159326,0.03249693
1425162180962,a,-0.5363012,0.19153613,8.848969
1425162180982,a,0.7278373,0.15322891,12.105083
1425162180987,r,-0.035795905,-2.71939,-0.07135016
1425162180993,r,-0.034574173,-1.5990629,-0.04202863
1425162181005,a,0.842759,0.11492168,10.342952
1425162181008,r,-0.06267397,2.2799313,0.06426193
1425162181026,a,-0.842759,0.15322891,7.1251445
1425162181031,r,-0.052900128,0.92625403,0.03005347
1425162181042,a,-0.49799395,0.15322891,8.810662
1425162181062,a,0.61291564,0.15322891,11.760319
1425162181066,r,-0.037017636,-2.3455403,-0.054245934
1425162181082,a,0.7661445,0.11492168,10.572795
1425162181085,r,-0.045569748,-0.4408624,-0.007820174
1425162181090,r,-0.06511743,2.050246,0.059375003
1425162181102,a,-0.6895301,0.15322891,7.5465236
1425162181107,r,-0.044348016,0.61226934,0.020279627
1425162181127,a,-0.30645782,0.15322891,9.308656
1425162181144,a,0.61291564,0.11492168,11.262324
1425162181150,r,-0.021135136,-2.1085246,-0.048137277
1425162181172,a,0.61291564,0.11492168,10.649409
1425162181180,r,-0.045569748,-0.079230174,-0.004154983
1425162181186,a,-0.6512229,0.15322891,7.73806
1425162181193,r,-0.07244782,1.8914212,0.05570981
1425162181199,r,-0.052900128,0.15534209,0.005618861
1425162181207,a,-0.15322891,0.15322891,9.998186
1425162181222,a,0.5746084,0.11492168,10.879252
1425162181227,r,-0.03090898,-1.8531828,-0.05180247
1425162181246,a,0.45968673,0.11492168,10.726024
1425162181251,r,-0.050456673,0.4009099,0.012949244
1425162181262,a,-0.49799395,0.15322891,8.236053
1425162181266,r,-0.061452247,1.4186114,0.038605586
1425162181282,a,0.11492168,0.15322891,10.572795
1425162181285,r,-0.04679148,-0.9833107,-0.02125921
1425162181302,a,0.5363012,0.15322891,10.611102
1425162181307,r,-0.0394611,-1.3644906,-0.029811325
1425162181322,a,0.15322891,0.11492168,10.572795
1425162181326,r,-0.060230516,0.84195465,0.019057896
1425162181346,a,-0.30645782,0.15322891,9.040505
1425162181350,r,-0.04801321,0.7955289,0.020279627
1425162181362,a,0.30645782,0.15322891,10.6877165
1425162181366,r,-0.040682822,-1.186118,-0.028589593
1425162181382,a,0.4213795,0.15322891,10.457873
1425162181386,r,-0.050456673,-0.29547647,-0.0017115222
1425162181402,a,0.0,0.11492168,10.151415
1425162181406,r,-0.057787053,1.0093317,0.02883174
1425162181422,a,-0.11492168,0.15322891,9.653421
1425162181425,r,-0.04679148,0.2481936,0.0068405913
1425162181445,r,-0.03090898,-1.1140358,-0.017594019
1425162181450,a,0.34476504,0.15322891,10.572795
1425162181463,a,0.2681506,0.11492168,10.419566
1425162181466,r,-0.060230516,0.19565919,0.008062322
1425162181482,a,-0.22984336,0.11492168,9.461885
1425162181486,r,-0.06511743,0.80285925,0.019057896
1425162181502,a,0.11492168,0.15322891,10.342952
1425162181506,r,-0.050456673,-0.34190223,-0.0029332526
1425162181522,a,0.30645782,0.15322891,10.419566
1425162181526,r,-0.04679148,-0.6949823,-0.015150558
1425162181547,a,0.0,0.11492168,9.959879
1425162181552,r,-0.057787053,0.7112295,0.022723088
1425162181563,a,-0.2681506,0.15322891,9.078813
1425162181568,r,-0.05534359,0.057603642,0.0043971306
1425162181582,a,0.2681506,0.15322891,10.419566
1425162181585,r,-0.040682822,-0.70719963,-0.015150558
1425162181603,a,-0.038307227,0.15322891,9.730036
1425162181605,r,-0.060230516,0.18344188,-0.0029332526
1425162181623,a,-0.076614454,0.15322891,9.691729
1425162181626,r,-0.05412186,0.042942878,0.005618861
1425162181645,a,0.038307227,0.15322891,9.998186
1425162181649,r,-0.04679148,-0.1769686,0.0019536694
1425162181663,a,-0.038307227,0.15322891,9.80665
1425162181667,r,-0.05412186,0.09425556,-4.897914E-4
1425162181683,a,0.0,0.15322891,9.768343
1425162181686,r,-0.04679148,-0.069456324,-0.0017115222
1425162181703,a,-0.34476504,0.076614454,10.036493
1425162181706,r,-0.057787053,-0.2123988,-0.0017115222
1425162181722,a,-1.1492168,0.038307227,9.80665
1425162181727,r,-0.045569748,-0.049908638,0.3758032
1425162181743,a,-0.7661445,0.15322891,10.0748005
1425162181746,r,-0.04679148,-0.15742092,0.96589905
1425162181766,a,-0.11492168,0.11492168,9.730036
1425162181770,r,-0.057787053,0.2359763,1.3507441
1425162181782,a,-0.45968673,0.61291564,9.921572
1425162181787,r,-0.051678397,-0.115882084,0.8449477
1425162181802,a,-1.7621324,1.0726024,9.921572
1425162181807,r,-0.057787053,-0.035247874,-0.15564957
1425162181829,a,-1.8004397,1.0726024,9.959879
1425162181832,r,-0.041904554,0.031947304,-1.6730388
1425162181842,a,-2.1068976,1.1875241,9.921572
1425162181852,r,-0.03213071,0.034390766,-2.7188401
1425162181863,a,-2.183512,0.9576807,9.883265
1425162181872,r,-0.02480033,0.003847503,-3.4665391
1425162181886,a,-2.183512,0.30645782,9.921572
1425162181893,r,-0.013804756,0.016064808,-3.8721538
1425162181898,r,-0.0028091818,0.062490564,-4.0322003
1425162181903,a,-1.7621324,0.5363012,9.80665
1425162181922,a,-2.1068976,0.30645782,9.921572
1425162181932,r,0.010629855,0.016064808,-4.3437414
1425162181942,a,-1.9153614,0.15322891,9.921572
1425162181953,r,0.003299471,-0.041356526,-4.7200346
1425162181964,a,-1.8770541,-0.038307227,9.80665
1425162181972,r,0.0485035,-0.018143646,-4.8739724
1425162181987,a,-1.685518,-0.5746084,9.768343
1425162181997,r,0.028955812,-0.17085996,-5.0547886
1425162182006,r,0.027734082,-0.3651151,-5.4005384
1425162182014,a,-1.3790601,-0.19153613,9.691729
1425162182022,a,-1.3024458,0.7278373,10.113108
1425162182032,r,-0.013804756,-0.43841892,-5.9246607
1425162182042,a,-1.9536686,-0.38307226,10.036493
1425162182055,r,-0.034574173,-0.15375572,-6.0223994
1425162182065,a,-0.80445176,-0.7661445,9.921572
1425162182072,r,-0.0394611,0.0050692335,-6.2569714
1425162182084,a,-0.038307227,-0.15322891,9.844957
1425162182098,r,-0.019913409,0.056381915,-7.1182914
1425162182103,a,-0.038307227,-0.5363012,9.844957
1425162182121,r,-0.012583025,-0.11832555,-7.5324583
1425162182126,a,0.11492168,-1.4939818,9.921572
1425162182135,r,0.006964663,0.030725572,-7.1292872
1425162182142,a,1.8387469,-1.685518,9.691729
1425162182153,r,0.027734082,0.089368634,-6.182446
1425162182164,a,1.6089035,-0.6895301,9.730036
1425162182173,r,0.020403698,-0.2246161,-5.8293657
1425162182183,a,-0.2681506,-0.2681506,9.768343
1425162182193,r,-0.017469946,-0.3846628,-5.5862412
1425162182204,a,-0.91937345,-0.4213795,10.036493
1425162182214,r,-0.033352442,-0.23316821,-5.3895426
1425162182222,a,1.6089035,-1.3790601,9.844957
1425162182235,r,-0.02724379,0.014843077,-4.926507
1425162182242,a,1.9919758,-1.4939818,9.768343
1425162182252,r,-0.038239367,-0.11099516,-4.8336554
1425162182266,a,0.842759,-1.1492168,9.80665
1425162182272,r,-0.034574173,-0.26248974,-5.1561923
1425162182285,a,-0.61291564,0.11492168,9.998186
1425162182293,r,-0.057787053,-0.014478455,-5.456738
1425162182302,a,0.2681506,-0.80445176,9.883265
1425162182318,r,-0.057787053,0.057603642,-5.488503
1425162182322,a,0.30645782,-0.5363012,9.768343
1425162182336,r,-0.043126285,0.0881469,-4.958272
1425162182342,a,0.7661445,0.0,9.844957
1425162182352,r,-0.02480033,-0.15497746,-4.4378147
1425162182362,a,0.11492168,0.45968673,9.959879
1425162182373,r,-0.0113612935,-0.11221689,-4.264329
1425162182387,a,-0.842759,0.11492168,9.844957
1425162182393,r,-0.057787053,-0.069456324,-3.8379452
1425162182403,a,-1.2641385,0.8810662,10.036493
1425162182412,r,-0.02724379,-0.12321247,-3.462874
1425162182422,a,-1.4939818,1.0342951,9.80665
1425162182432,r,-0.03213071,-0.08167363,-3.3822398
1425162182442,a,-0.2681506,0.9576807,9.883265
1425162182453,r,-0.038239367,-0.041356526,-3.4188917
1425162182462,a,-1.1109096,0.038307227,9.883265
1425162182472,r,-0.033352442,-0.15375572,-3.0059469
1425162182485,a,-0.8810662,0.0,9.921572
1425162182493,r,-0.037017636,-0.1769686,-2.6675274
1425162182502,a,-0.7278373,0.61291564,9.844957
1425162182512,r,-0.03090898,-0.0963344,-2.5050373
1425162182522,a,-1.340753,0.6895301,9.998186
1425162182533,r,0.02651235,-0.13787323,-2.1201923
1425162182542,a,-1.8770541,0.22984336,9.80665
1425162182552,r,-0.05412186,-0.14642535,-1.6461608
1425162182562,a,-1.5705963,0.34476504,9.80665
1425162182573,r,-0.045569748,-0.092669204,-1.5056618
1425162182585,a,-0.11492168,0.4213795,9.844957
1425162182594,r,-0.037017636,-0.18796419,-1.6095089
1425162182605,a,-1.7621324,0.0,9.998186
1425162182613,r,-0.057787053,-0.0523521,-1.7023604
1425162182622,a,-1.3024458,-0.2681506,9.844957
1425162182635,r,-0.060230516,-0.020587109,-1.7707773
1425162182642,a,0.076614454,0.11492168,9.883265
1425162182655,r,-0.073669545,-0.054795563,-1.4372449
1425162182662,a,-0.22984336,0.38307226,9.883265
1425162182673,r,-0.057787053,-0.12687767,-1.0487345
1425162182682,a,-0.45968673,-0.38307226,9.844957
1425162182693,r,-0.073669545,-0.10732997,-0.7530758
1425162182704,a,-1.3790601,-0.9576807,9.959879
1425162182713,r,-0.07000436,-0.08900402,-0.71031517
1425162182724,a,-1.8770541,-0.6895301,9.883265
1425162182737,r,-0.0675609,-0.086560555,-0.85692286
1425162182743,a,-1.4556746,-0.11492168,9.883265
1425162182755,r,-0.060230516,-0.08411709,-1.0120827
1425162182762,a,-1.685518,-0.5746084,9.921572
1425162182782,a,-1.685518,-0.34476504,9.959879
1425162182786,r,-0.06878263,-0.035247874,-0.9913132
1425162182803,a,-1.2258313,-0.076614454,9.883265
1425162182807,r,-0.06878263,-0.07434325,-0.75185406
1425162182826,a,-1.3024458,0.11492168,9.844957
1425162182829,r,-0.052900128,-0.12932113,-0.40243912
1425162182839,r,-0.0638957,-0.20629014,0.03371866
1425162182844,a,-1.4173675,-0.5746084,9.959879
1425162182862,a,-1.7621324,-1.0342951,9.921572
1425162182865,r,-0.0675609,-0.08533882,0.2438563
1425162182882,a,-2.681506,-0.7278373,9.921572
1425162182886,r,-0.06878263,-0.05113037,0.11068769
1425162182907,a,-2.873042,-0.2681506,9.998186
1425162182912,r,-0.052900128,-0.015700184,0.016614435
1425162182922,a,-1.9919758,-0.038307227,9.921572
1425162182925,r,-0.0638957,-0.036469605,0.14856133
1425162182942,a,-1.4556746,-0.038307227,9.959879
1425162182945,r,-0.07244782,-0.0047046104,0.16444382
1425162182962,a,-0.80445176,-0.2681506,9.921572
1425162182966,r,-0.061452247,0.08081652,0.0031754
1425162182984,a,0.076614454,0.076614454,9.844957
1425162182988,r,-0.0638957,0.02217346,0.0019536694
1425162183009,a,0.076614454,-0.11492168,9.921572
1425162183013,r,-0.059008785,0.12602055,0.0068405913
1425162183024,a,-0.6512229,-0.038307227,9.959879
1425162183027,r,-0.057787053,0.23841976,0.0068405913
1425162183043,a,-0.9959879,-0.038307227,9.883265
1425162183046,r,-0.06267397,0.27018476,0.3354861
1425162183062,a,-0.2681506,-0.30645782,9.730036
1425162183064,r,-0.052900128,0.19321573,0.76553524
1425162183082,a,0.9959879,0.15322891,10.189722
1425162183087,r,-0.0638957,-0.48484468,0.6006016
1425162183102,a,0.5363012,0.038307227,10.304645
1425162183104,r,-0.051678397,-0.19285111,0.14489613
1425162183122,a,-0.11492168,0.038307227,9.768343
1425162183124,r,-0.06511743,0.618378,0.015392705
1425162183142,a,-0.22984336,0.0,9.193734
1425162183145,r,-0.04679148,-0.0059263417,0.0031754
1425162183167,a,0.2681506,0.0,10.342952
1425162183172,r,-0.038239367,-0.6119046,-0.010263635
1425162183182,a,0.0,0.038307227,9.883265
1425162183187,r,-0.056565322,0.43878356,0.0068405913
1425162183202,a,-0.19153613,0.0,9.308656
1425162183208,r,-0.052900128,0.1199119,0.005618861
1425162183226,a,0.0,0.0,9.883265
1425162183232,r,-0.052900128,-0.52760524,0.0031754
1425162183248,a,0.038307227,0.0,9.959879
1425162183254,r,-0.059008785,0.053938452,0.0019536694
1425162183263,a,-0.15322891,0.0,9.423578
1425162183266,r,-0.04923494,0.3483755,0.010505782
1425162183282,a,-0.038307227,0.0,9.768343
1425162183285,r,-0.05534359,-0.41276258,-0.007820174
1425162183303,a,0.19153613,0.0,10.266336
1425162183306,r,-0.051678397,-0.026695762,0.0031754
1425162183324,a,-0.11492168,0.0,9.5385
1425162183327,r,-0.052900128,0.38869262,0.0141709745
1425162183343,a,-0.038307227,0.0,9.730036
1425162183346,r,-0.05534359,-0.1720817,-0.0017115222
1425162183362,a,0.11492168,0.0,10.151415
1425162183365,r,-0.044348016,-0.293033,-0.0017115222
1425162183382,a,0.076614454,0.0,9.959879
1425162183386,r,-0.052900128,0.16511592,0.011727514
1425162183403,r,-0.05412186,-0.09877786,0.0019536694
1425162183427,a,0.038307227,0.038307227,9.921572
1425162183430,r,-0.04923494,-0.0010394184,0.0068405913
1425162183442,a,0.038307227,0.0,9.959879
1425162183445,r,-0.05534359,0.1040294,0.008062322
1425162183462,a,-0.038307227,-0.038307227,9.768343
1425162183467,r,-0.056565322,0.08570345,0.0068405913
1425162183482,a,0.0,0.0,9.80665
1425162183485,r,-0.045569748,-0.25271592,-0.0017115222
1425162183503,a,0.11492168,0.0,9.959879
1425162183509,r,-0.04801321,-0.30402857,-0.0017115222
1425162183528,a,0.15322891,0.0,9.998186
1425162183530,r,-0.052900128,-0.11954728,-0.0065984437
1425162183544,a,0.15322891,-0.038307227,10.036493
1425162183547,r,-0.0638957,0.29461935,0.017836165
1425162183562,a,-0.076614454,0.038307227,9.730036
1425162183565,r,-0.052900128,0.121133626,0.0141709745
1425162183582,a,-0.076614454,0.0,9.883265
1425162183586,r,-0.051678397,-0.11221689,0.0141709745
1425162183602,a,0.11492168,0.0,9.883265
1425162183610,r,-0.041904554,-0.1403167,0.016614435
1425162183628,a,0.038307227,0.0,9.921572
1425162183630,r,-0.041904554,-0.020587109,0.0031754
1425162183646,a,0.038307227,0.0,9.844957
1425162183652,r,-0.04923494,0.023395192,0.009284053
1425162183665,a,0.038307227,0.0,9.883265
1425162183669,r,-0.0638957,-0.053573832,-4.897914E-4
1425162183682,a,0.038307227,0.0,9.844957
1425162183685,r,-0.050456673,-0.038913064,-0.0053767134
1425162183703,a,0.038307227,0.0,9.921572
1425162183706,r,-0.05534359,0.05149499,0.005618861
1425162183723,a,0.0,0.0,9.844957
1425162183726,r,-0.05534359,-0.0047046104,-0.0053767134
1425162183744,a,0.038307227,0.0,9.959879
1425162183748,r,-0.045569748,-0.04746518,0.0043971306
1425162183764,a,0.0,0.0,9.844957
1425162183767,r,-0.057787053,-0.012034993,0.0068405913
1425162183782,a,0.038307227,0.0,9.844957
1425162183787,r,-0.04801321,-0.042578258,-4.897914E-4
1425162183802,a,0.038307227,0.0,9.883265
1425162183809,r,-0.051678397,-0.038913064,-0.004154983
1425162183823,r,-0.06267397,0.01973,-0.0029332526
1425162183845,a,0.0,0.0,9.883265
1425162183847,r,-0.057787053,0.01973,0.008062322
1425162183862,a,0.0,0.0,9.844957
1425162183866,r,-0.045569748,-0.0047046104,-4.897914E-4
1425162183883,a,0.0,0.0,9.921572
1425162183886,r,-0.044348016,0.01728654,0.0031754
1425162183902,a,0.0,0.0,9.844957
1425162183905,r,-0.04679148,0.06493403,-0.004154983
1425162183922,a,-0.038307227,0.0,9.80665
1425162183926,r,-0.035795905,-0.07556498,0.005618861
1425162183942,a,0.0,0.0,9.959879
1425162183945,r,-0.051678397,0.04049942,0.0068405913
1425162183962,a,-0.038307227,0.0,9.844957
1425162183966,r,-0.059008785,0.018508269,0.005618861
1425162183982,a,-0.038307227,0.0,9.921572
1425162183984,r,-0.045569748,0.046608068,0.0019536694
1425162184002,a,-0.076614454,0.0,9.730036
1425162184022,a,0.0,0.0,9.883265
1425162184025,r,-0.050456673,-0.20140322,7.31939E-4
1425162184029,r,-0.05412186,-0.15131228,-0.0065984437
1425162184043,a,0.0,0.0,9.844957
1425162184046,r,-0.050456673,0.10280767,0.0043971306
1425162184062,a,-0.038307227,0.0,9.768343
1425162184066,r,-0.04801321,-0.15253401,0.005618861
1425162184082,a,0.038307227,0.0,9.959879
1425162184103,a,0.0,0.0,9.883265
1425162184105,r,-0.045569748,-0.063347675,7.31939E-4
1425162184123,a,0.038307227,0.0,9.883265
1425162184128,r,-0.0638957,-0.026695762,0.0068405913
1425162184131,r,-0.057787053,-0.010813263,-0.004154983
1425162184145,r,-0.051678397,-0.0010394184,0.016614435
1425162184167,a,0.0,0.0,9.883265
1425162184172,r,-0.059008785,1.8231105E-4,0.0068405913
1425162184188,a,-0.038307227,-0.076614454,9.883265
1425162184204,a,-0.038307227,0.038307227,9.883265
1425162184212,r,-0.051678397,-0.021808837,0.039827317
1425162184231,a,-0.038307227,-0.038307227,9.883265
1425162184237,r,-0.044348016,-0.026695762,0.061818466
1425162184244,r,-0.059008785,-0.023030568,0.067927115
1425162184251,a,-0.076614454,-0.076614454,9.883265
1425162184254,r,-0.052900128,-0.02913922,0.052044623
1425162184267,a,-0.038307227,0.038307227,9.883265
1425162184282,a,0.0,0.038307227,9.883265
1425162184285,r,-0.057787053,-0.0083698025,-0.018815748
1425162184302,a,0.038307227,0.11492168,9.883265
1425162184305,r,-0.056565322,-0.018143646,-0.053024203
1425162184322,a,0.0,0.076614454,9.883265
1425162184325,r,-0.059008785,-0.0059263417,-0.07257189
1425162184342,a,-0.038307227,-0.076614454,9.844957
1425162184346,r,-0.060230516,-0.021808837,-0.092119575
1425162184367,a,0.038307227,0.038307227,9.883265
1425162184370,r,-0.05412186,-0.049908638,-0.07868054
1425162184382,a,0.076614454,0.0,9.883265
1425162184386,r,-0.051678397,-0.057239026,-0.04447209
1425162184402,a,0.076614454,0.0,9.921572
1425162184405,r,-0.04923494,-0.07678671,-0.037141703
1425162184422,a,0.0,-0.038307227,9.844957
1425162184425,r,-0.051678397,-0.079230174,0.0019536694
1425162184442,a,-0.15322891,-0.076614454,9.921572
1425162184447,r,-0.04801321,-0.09022575,0.008062322
1425162184465,a,-0.038307227,0.038307227,9.883265
1425162184469,r,-0.056565322,-0.09999959,0.038605586
1425162184489,a,0.076614454,0.076614454,9.921572
1425162184493,r,-0.044348016,-0.09999959,0.076479234
1425162184506,a,0.076614454,0.0,9.883265
1425162184510,r,-0.050456673,-0.05968248,0.04960116
1425162184522,a,0.038307227,0.0,9.883265
1425162184527,r,-0.052900128,-0.109773435,0.021501357
1425162184548,a,-0.076614454,-0.11492168,9.921572
1425162184550,r,-0.050456673,-0.08900402,-0.016372288
1425162184563,a,-0.11492168,-0.15322891,9.921572
1425162184567,r,-0.051678397,-0.05113037,-0.056689397
1425162184583,a,-0.038307227,-0.11492168,9.883265
1425162184588,r,-0.052900128,-0.0047046104,-0.08234573
1425162184603,a,0.076614454,0.038307227,9.921572
1425162184607,r,-0.050456673,0.02095173,-0.1568713
1425162184622,a,-0.11492168,-0.30645782,9.883265
1425162184625,r,-0.060230516,0.057603642,-0.21184917
1425162184642,a,0.0,-0.11492168,9.883265
1425162184648,r,-0.060230516,0.014843077,-0.15198438
1425162184663,a,-0.19153613,-0.22984336,9.883265
1425162184667,r,-0.0638957,-0.019365378,-0.02614613
1425162184689,a,-0.15322891,-0.11492168,9.921572
1425162184693,r,-0.037017636,-0.015700184,0.023944817
1425162184707,a,-0.22984336,-0.22984336,9.883265
1425162184711,r,-0.045569748,-0.0034828791,0.05082289
1425162184722,a,-0.30645782,-0.4213795,9.883265
1425162184725,r,-0.052900128,-0.049908638,0.14489613
1425162184742,a,-0.6895301,-0.45968673,9.883265
1425162184748,r,-0.06267397,-0.048686907,0.18276978
1425162184762,a,-0.8810662,-0.49799395,9.921572
1425162184767,r,-0.061452247,0.0087344255,0.11679634
1425162184788,a,-0.842759,-0.4213795,9.921572
1425162184793,r,-0.060230516,0.05271672,0.03494039
1425162184806,a,-0.80445176,-0.45968673,9.921572
1425162184813,r,-0.06267397,0.05271672,0.091139995
1425162184832,a,-0.61291564,-0.38307226,9.883265
1425162184843,r,-0.060230516,0.061268836,0.14000921
1425162184849,a,-0.80445176,-0.7661445,9.883265
1425162184851,r,-0.057787053,0.062490564,0.21697824
1425162184863,a,-0.9576807,-0.7661445,9.883265
1425162184866,r,-0.07244782,0.05149499,0.35381207
1425162184882,a,-0.8810662,-0.49799395,9.959879
1425162184885,r,-0.0638957,0.061268836,0.25485188
1425162184903,a,-0.9576807,-0.80445176,9.844957
1425162184906,r,-0.05534359,0.106472865,0.09724865
1425162184922,a,-0.80445176,-0.80445176,9.844957
1425162184925,r,-0.061452247,-0.020587109,0.107022494
1425162184942,a,-0.8810662,-0.6895301,9.883265
1425162184945,r,-0.05534359,-0.010813263,0.13023537
1425162184962,a,-0.38307226,-0.49799395,9.844957
1425162184967,r,-0.06511743,-0.08411709,0.11190941
1425162184982,a,-0.2681506,-0.38307226,9.883265
1425162184987,r,-0.04679148,-0.07678671,0.14856133
1425162185006,a,-0.38307226,-0.34476504,9.883265
1425162185012,r,-0.052900128,-0.09022575,0.33304265
1425162185023,a,-0.6512229,-0.7278373,9.730036
1425162185026,r,-0.060230516,-0.15742092,0.50286317
1425162185042,a,-0.15322891,-0.38307226,9.921572
1425162185045,r,-0.0638957,-0.21117707,0.5688366
1425162185062,a,0.076614454,-0.45968673,9.959879
1425162185065,r,-0.066339165,-0.23316821,0.34892514
1425162185082,a,0.076614454,-0.49799395,9.883265
1425162185086,r,-0.059008785,-0.041356526,0.12901364
1425162185104,a,-0.038307227,-0.38307226,9.998186
1425162185108,r,-0.06267397,0.046608068,-0.18374938
1425162185122,a,-0.61291564,-0.6512229,9.768343
1425162185125,r,-0.04801321,0.055160183,-0.3340222
1425162185142,a,-0.30645782,-0.4213795,9.883265
1425162185145,r,-0.052900128,0.050273262,-0.22528821
1425162185162,a,-0.19153613,-0.5363012,9.80665
1425162185165,r,-0.05412186,-0.007148071,0.02638828
1425162185182,a,-0.15322891,-0.4213795,9.844957
1425162185186,r,-0.052900128,-0.14520362,0.17910458
1425162185205,a,-0.22984336,-0.22984336,9.844957
1425162185208,r,-0.04801321,-0.08167363,0.1962088
1425162185222,a,-0.34476504,-0.30645782,9.844957
1425162185226,r,-0.07122609,-0.038913064,0.23408246
1425162185242,a,-0.19153613,-0.30645782,9.844957
1425162185246,r,-0.043126285,-0.0010394184,0.28906035
1425162185262,a,-0.076614454,-0.076614454,9.959879
1425162185266,r,-0.056565322,0.009956155,0.19865227
1425162185282,a,-0.6895301,-0.15322891,9.844957
1425162185287,r,-0.066339165,-0.02791749,0.023944817
1425162185302,a,-0.6512229,-0.45968673,9.883265
1425162185305,r,-0.05412186,-0.019365378,-0.081124
1425162185322,a,-0.38307226,-0.2681506,9.883265
1425162185325,r,-0.061452247,-0.07312152,0.1595569
1425162185344,a,0.38307226,0.11492168,9.844957
1425162185346,r,-0.05534359,0.0014040424,0.34037304
1425162185363,a,0.7661445,0.15322891,9.844957
1425162185366,r,-0.073669545,-0.021808837,0.31349495
1425162185383,a,-0.15322891,-0.15322891,9.883265
1425162185386,r,-0.045569748,-0.06701287,0.12901364
1425162185402,a,-0.30645782,-0.34476504,9.80665
1425162185406,r,-0.066339165,-0.07678671,0.15466997
1425162185422,a,0.038307227,-0.11492168,9.844957
1425162185426,r,-0.052900128,-0.1720817,0.38802052
1425162185443,a,0.34476504,0.19153613,9.921572
1425162185446,r,-0.04801321,-0.1769686,0.57738876
1425162185463,a,0.15322891,0.076614454,9.921572
1425162185466,r,-0.07000436,-0.054795563,0.42833763
1425162185483,a,0.076614454,-0.19153613,9.921572
1425162185486,r,-0.0675609,0.04538634,0.21453477
1425162185504,a,-0.19153613,-0.45968673,9.921572
1425162185506,r,-0.045569748,-0.026695762,0.22308688
1425162185527,a,0.038307227,-0.19153613,9.80665
1425162185533,r,-0.041904554,-0.13542977,0.3073863
1425162185545,a,0.4213795,0.30645782,9.921572
1425162185548,r,-0.05534359,-0.14520362,0.30982977
1425162185566,a,0.19153613,0.4213795,9.844957
1425162185570,r,-0.033352442,-0.10122132,0.18887843
1425162185582,a,0.34476504,0.19153613,9.921572
1425162185586,r,-0.03090898,-0.115882084,0.05815327
1425162185603,a,0.6895301,0.2681506,9.768343
1425162185606,r,-0.07244782,-0.16597304,-0.04202863
1425162185625,a,0.9959879,0.7278373,9.844957
1425162185642,a,0.5746084,0.7278373,9.80665
1425162185645,r,-0.052900128,-0.16230784,-0.16420168
1425162185648,r,-0.06267397,-0.09755613,-0.3987739
1425162185662,a,0.34476504,0.49799395,9.921572
1425162185666,r,-0.05412186,-0.057239026,-0.53316426
1425162185682,a,0.19153613,0.22984336,9.883265
1425162185686,r,-0.051678397,-0.0682346,-0.31203106
1425162185702,a,0.22984336,0.2681506,9.844957
1425162185724,a,0.11492168,0.30645782,9.883265
1425162185727,r,-0.06878263,-0.06701287,-0.08723266
1425162185742,a,0.076614454,0.19153613,9.883265
1425162185747,r,-0.04923494,-0.031582683,-0.032254785
1425162185750,r,-0.051678397,-0.04379999,-0.033476517
1425162185762,a,0.30645782,0.34476504,9.844957
1425162185766,r,-0.060230516,-0.04746518,-0.053024203
1425162185782,a,0.076614454,0.22984336,9.921572
1425162185802,a,0.076614454,0.34476504,9.80665
1425162185805,r,-0.05412186,-0.030360952,0.025166549
1425162185825,a,0.34476504,0.61291564,9.921572
1425162185829,r,-0.045569748,-0.07556498,0.13634402
1425162185843,a,-0.038307227,0.34476504,9.883265
1425162185846,r,-0.04679148,-0.041356526,0.06426193
1425162185848,r,-0.056565322,-0.064569406,-0.100671686
1425162185862,a,0.30645782,0.2681506,9.883265
1425162185882,a,0.842759,0.49799395,9.921572
1425162185885,r,-0.066339165,-0.036469605,-0.20329706
1425162185902,a,1.1875241,0.7661445,9.80665
1425162185907,r,-0.04801321,-0.019365378,-0.12632804
1425162185922,a,0.7661445,0.4213795,9.921572
1425162185928,r,-0.041904554,-0.023030568,0.02761001
1425162185951,a,0.6512229,-0.11492168,9.844957
1425162185954,r,-0.043126285,-0.013256724,0.17421766
1425162185972,a,1.1109096,0.6512229,9.844957
1425162185980,r,-0.059008785,0.0014040424,0.23774765
1425162185986,r,-0.04923494,-0.053573832,0.22186515
1425162185993,a,1.2641385,0.91937345,9.883265
1425162185998,r,-0.044348016,-0.10122132,0.09724865
1425162186022,a,1.4939818,0.842759,9.80665
1425162186026,r,-0.061452247,-0.10122132,0.016614435
1425162186046,r,-0.04801321,-0.09755613,0.045935966
1425162186050,a,1.4556746,0.842759,9.80665
1425162186062,a,1.3790601,0.91937345,9.80665
1425162186067,r,-0.035795905,-0.060904212,0.15466997
1425162186082,a,1.6472107,0.7661445,9.80665
1425162186085,r,-0.057787053,-0.040134795,0.199874
1425162186102,a,1.9153614,0.7661445,9.80665
1425162186108,r,-0.050456673,-0.05846075,0.27806476
1425162186122,a,1.3024458,0.45968673,9.80665
1425162186127,r,-0.044348016,-0.016921915,0.25240842
1425162186143,a,1.1875241,0.7278373,9.844957
1425162186147,r,-0.051678397,0.060047105,0.34892514
1425162186169,a,1.4939818,0.45968673,10.228029
1425162186175,r,-0.061452247,0.6562516,0.26951265
1425162186184,a,0.6512229,0.15322891,8.925584
1425162186189,r,-0.08833031,1.2536778,0.02761001
1425162186215,a,-0.2681506,0.0,9.500193
1425162186218,r,-0.05534359,-0.3492326,-0.0029332526
1425162186222,a,0.22984336,0.0,10.534488
1425162186225,r,-0.037017636,-0.65222174,-0.011485366
1425162186242,a,-0.19153613,0.0,9.423578
1425162186246,r,-0.07122609,0.6599168,0.017836165
1425162186262,a,-0.15322891,0.0,9.423578
1425162186266,r,-0.057787053,0.19810265,0.011727514
1425162186282,a,0.11492168,0.0,10.189722
1425162186285,r,-0.037017636,-0.61801326,-0.02125921
1425162186302,a,0.22984336,0.0,10.342952
1425162186305,r,-0.073669545,0.29950628,0.012949244
1425162186323,a,-0.11492168,0.0,9.500193
1425162186327,r,-0.066339165,0.27262822,0.011727514
1425162186343,a,-0.038307227,0.0,9.80665
1425162186346,r,-0.043126285,-0.37855414,-0.009041905
1425162186364,a,0.19153613,0.0,10.342952
1425162186367,r,-0.04801321,-0.39565837,-0.0065984437
1425162186388,a,-0.038307227,0.0,9.844957
1425162186394,r,-0.059008785,0.27873686,0.0068405913
1425162186413,a,-0.076614454,0.0,9.730036
1425162186419,r,-0.04801321,-0.11343862,-0.0029332526
1425162186422,a,0.076614454,0.0,10.0748005
1425162186429,r,-0.04679148,-0.37488896,-0.0065984437
1425162186443,a,0.15322891,0.038307227,10.113108
1425162186448,r,-0.0675609,0.2799586,0.005618861
1425162186467,a,-0.038307227,0.0,9.691729
1425162186471,r,-0.061452247,0.05271672,0.005618861
1425162186482,a,0.076614454,0.0,10.036493
1425162186485,r,-0.04801321,-0.28692436,7.31939E-4
1425162186503,r,-0.061452247,0.16389419,0.011727514
1425162186522,a,-0.076614454,0.0,9.691729
1425162186528,r,-0.0638957,-0.0034828791,0.005618861
1425162186543,a,-0.038307227,0.0,9.768343
1425162186546,r,-0.056565322,-0.22828129,7.31939E-4
1425162186566,a,0.038307227,0.0,9.883265
1425162186571,r,-0.06267397,0.12479882,0.009284053
1425162186584,a,0.0,0.0,9.768343
1425162186589,r,-0.05534359,-0.054795563,0.0043971306
1425162186602,a,0.076614454,0.0,9.959879
1425162186605,r,-0.05534359,-0.09022575,0.005618861
1425162186623,r,-0.06878263,0.0637123,0.0031754
1425162186642,a,0.0,0.0,9.883265
1425162186645,r,-0.052900128,-0.13542977,-0.0029332526
1425162186662,a,0.038307227,0.0,9.998186
1425162186666,r,-0.06511743,0.027060382,-0.004154983
1425162186682,a,-0.038307227,0.038307227,9.768343
1425162186686,r,-0.040682822,-0.02791749,-0.0029332526
1425162186702,a,0.0,0.0,9.883265
1425162186707,r,-0.057787053,-0.060904212,7.31939E-4
1425162186722,a,0.038307227,0.0,9.80665
1425162186727,r,-0.052900128,0.01973,0.005618861
1425162186743,a,0.038307227,-0.038307227,9.883265
1425162186768,a,0.076614454,0.0,9.921572
1425162186774,r,-0.044348016,-0.08167363,0.008062322
1425162186785,r,-0.050456673,0.033169035,0.005618861
1425162186793,a,0.0,0.0,9.844957
1425162186797,r,-0.051678397,-0.046243448,0.005618861
1425162186806,a,0.0,0.0,11.18571
1425162186814,r,-0.051678397,1.983051,0.059375003
1425162186842,a,-0.80445176,0.038307227,7.5848308
1425162186850,r,-0.057787053,0.13335094,0.012949244
1425162186853,a,-0.7661445,0.038307227,7.393295
