1425147294692,a,-0.49799395,0.0,8.082825
1425147294694,r,-3.657192E-4,-0.91978073,-0.023702672
1425147294712,a,0.5746084,0.038307227,10.726024
1425147294714,r,0.006964663,-0.9906411,-0.023702672
1425147294732,a,0.30645782,0.0,10.802638
1425147294734,r,-0.0052526407,1.3220947,0.03371866
1425147294752,a,-0.38307226,-0.038307227,8.887277
1425147294755,r,-0.006474372,0.33493647,0.011727514
1425147294772,a,0.22984336,0.038307227,10.91756
1425147294774,r,0.0057429336,-1.2753043,-0.031033052
1425147294792,a,0.49799395,0.038307227,10.611102
1425147294794,r,-0.0052526407,-0.20140322,-0.0017115222
1425147294811,a,-0.038307227,0.038307227,10.151415
1425147294814,r,-0.019913409,1.2866646,0.0312752
1425147294832,a,-0.4213795,0.038307227,8.504205
1425147294834,r,0.006964663,-0.5263835,-0.013928827
1425147294852,a,0.45968673,0.0,10.726024
1425147294855,r,0.0057429336,-0.85258555,-0.02614613
1425147294877,a,0.22984336,0.0,10.496181
1425147294879,r,-0.0113612935,0.7283337,0.020279627
1425147294892,a,-0.34476504,0.0,9.078813
1425147294894,r,-0.0015874505,0.49864835,0.019057896
1425147294912,a,-0.30645782,0.11492168,9.346964
1425147294914,r,-0.0015874505,-1.0431755,-0.034698248
1425147294932,a,0.34476504,-0.038307227,10.496181
1425147294934,r,-0.012583025,0.27507168,0.0031754
1425147294952,a,-0.11492168,-0.076614454,9.461885
1425147294954,r,-0.016248215,0.64892125,0.020279627
1425147294972,a,-0.2681506,0.038307227,9.11712
1425147294975,r,-3.657192E-4,-0.4775143,-0.010263635
1425147294997,a,0.11492168,0.11492168,10.496181
1425147294999,r,-3.657192E-4,-0.45674488,-0.0029332526
1425147295012,a,-0.038307227,-0.038307227,9.844957
1425147295014,r,-0.018691678,0.7796464,0.016614435
1425147295032,a,-0.22984336,0.0,9.11712
1425147295034,r,-0.0028091818,-0.26126802,-0.009041905
1425147295052,a,0.038307227,0.038307227,10.228029
1425147295059,r,-0.0052526407,-0.46651873,-0.0053767134
1425147295075,a,0.2681506,0.038307227,10.457873
1425147295077,r,-0.012583025,0.46077472,0.0068405913
1425147295092,a,-0.19153613,0.0,9.232041
1425147295094,r,-0.006474372,0.1761115,0.0043971306
1425147295112,a,0.038307227,0.038307227,10.0748005
1425147295114,r,0.0045212023,-0.5886918,-0.013928827
1425147295132,a,0.22984336,0.038307227,10.419566
1425147295134,r,-0.0028091818,0.38258395,0.010505782
1425147295152,a,0.0,0.0,9.998186
1425147295173,a,0.038307227,0.038307227,10.0748005
1425147295175,r,0.006964663,0.1480117,0.008062322
1425147295176,r,-0.0015874505,-0.50805753,-0.0053767134
1425147295194,a,0.19153613,0.038307227,10.381259
1425147295196,r,8.560121E-4,0.13823786,0.0019536694
1425147295212,a,0.0,0.0,9.921572
1425147295214,r,-0.010139562,0.3117236,0.005618861
1425147295232,a,-0.11492168,0.0,9.461885
1425147295252,a,0.19153613,0.038307227,10.342952
1425147295254,r,0.0020777415,-0.4371972,-0.012707096
1425147295272,a,0.0,0.038307227,9.883265
1425147295274,r,0.0020777415,0.15412036,-0.0029332526
1425147295276,r,-0.0076961033,0.35448414,0.019057896
1425147295294,a,-0.11492168,0.038307227,9.5385
1425147295295,r,-0.0015874505,-0.2966982,-0.0053767134
1425147295315,a,0.038307227,0.0,9.959879
1425147295332,a,0.0,0.038307227,9.921572
1425147295334,r,0.0057429336,-0.086560555,0.0019536694
1425147295352,a,-0.11492168,0.0,9.653421
1425147295361,r,-0.008917835,0.30928013,0.009284053
1425147295372,a,0.0,0.0,9.921572
1425147295374,r,0.0020777415,-0.20384668,-0.0017115222
1425147295376,r,0.0045212023,-0.26004627,-0.0065984437
1425147295392,a,0.15322891,0.0,10.189722
1425147295412,a,-0.076614454,0.038307227,9.691729
1425147295414,r,-0.010139562,0.28362378,0.0068405913
1425147295432,a,0.0,0.038307227,9.921572
1425147295434,r,-0.0040309094,-0.026695762,0.0031754
1425147295452,a,0.038307227,0.038307227,10.036493
1425147295454,r,0.008186394,-0.17574687,-4.897914E-4
1425147295472,a,0.076614454,0.0,10.036493
1425147295474,r,-0.0028091818,0.09914248,-4.897914E-4
1425147295492,a,0.038307227,0.0,9.921572
1425147295494,r,-0.0076961033,0.084481716,-0.0029332526
1425147295513,a,0.076614454,0.038307227,10.0748005
1425147295515,r,0.003299471,-0.14276016,0.0068405913
1425147295532,a,0.0,0.038307227,9.921572
1425147295534,r,-0.0076961033,0.10891633,0.005618861
1425147295552,a,0.076614454,0.038307227,9.998186
1425147295555,r,-0.008917835,-0.02913922,0.0019536694
1425147295572,a,0.038307227,0.0,9.998186
1425147295574,r,0.003299471,-0.05846075,-4.897914E-4
1425147295592,a,-0.038307227,0.038307227,9.80665
1425147295594,r,-0.0052526407,0.09914248,0.0019536694
1425147295614,a,0.0,0.0,9.844957
1425147295616,r,-3.657192E-4,-0.10488651,-0.004154983
1425147295632,a,0.076614454,0.038307227,9.959879
1425147295634,r,0.0020777415,-0.19407284,-0.0053767134
1425147295652,a,0.038307227,0.038307227,9.921572
1425147295656,r,-0.008917835,-0.054795563,0.0019536694
1425147295672,a,0.11492168,0.0,9.998186
1425147295674,r,-3.657192E-4,-0.08289536,-4.897914E-4
1425147295692,a,0.15322891,0.0,10.036493
1425147295695,r,0.0020777415,0.09303383,0.0019536694
1425147295715,a,-0.038307227,0.038307227,9.730036
1425147295718,r,-0.012583025,0.31905398,0.012949244
1425147295733,a,0.0,0.038307227,9.844957
1425147295735,r,-3.657192E-4,-0.09877786,-0.0029332526
1425147295754,a,0.11492168,0.038307227,10.113108
1425147295756,r,0.009408124,-0.09144747,-0.0017115222
1425147295772,a,0.076614454,0.0,9.998186
1425147295775,r,-0.013804756,0.14312477,-4.897914E-4
1425147295792,a,0.038307227,0.038307227,9.921572
1425147295795,r,-3.657192E-4,-0.02791749,0.0019536694
1425147295812,a,0.038307227,0.038307227,9.998186
1425147295819,r,0.003299471,-0.09511267,7.31939E-4
1425147295832,a,0.038307227,0.038307227,9.844957
1425147295835,r,-0.0028091818,-0.11099516,-0.004154983
1425147295852,a,0.11492168,0.0,9.959879
1425147295855,r,-0.0028091818,-0.17819034,-0.0029332526
1425147295873,a,0.11492168,0.038307227,9.921572
1425147295876,r,-0.0076961033,0.036834225,0.0068405913
1425147295892,a,0.076614454,0.038307227,9.921572
1425147295895,r,-0.010139562,0.013621347,-0.0017115222
1425147295912,a,0.11492168,0.038307227,9.998186
1425147295915,r,-0.0040309094,-0.07189979,7.31939E-4
1425147295933,a,0.11492168,0.0,9.998186
1425147295936,r,-0.0076961033,0.1040294,0.0031754
1425147295952,a,0.076614454,0.0,9.883265
1425147295955,r,-0.0040309094,-0.07434325,0.0019536694
1425147295972,a,0.15322891,0.0,10.036493
1425147295976,r,-0.0076961033,-0.046243448,-0.004154983
1425147296002,a,0.11492168,0.038307227,9.998186
1425147296004,r,-0.0015874505,0.15534209,0.0019536694
1425147296012,a,0.038307227,0.0,9.80665
1425147296013,r,-0.0040309094,-0.06579114,-4.897914E-4
1425147296031,a,0.15322891,0.0,9.998186
1425147296035,r,-0.0076961033,-0.07189979,0.0043971306
1425147296053,r,-0.0113612935,0.030725572,-0.004154983
1425147296062,a,0.11492168,0.0,9.921572
1425147296073,r,8.560121E-4,0.013621347,7.31939E-4
1425147296084,a,0.076614454,0.0,9.921572
1425147296093,r,0.006964663,-0.10488651,-0.0029332526
1425147296102,a,0.11492168,0.038307227,9.921572
1425147296112,r,-0.0015874505,-0.20995533,-4.897914E-4
1425147296122,a,0.11492168,0.0,9.921572
1425147296134,r,-0.021135136,-0.31135896,-0.0017115222
1425147296142,a,0.2681506,0.0,10.0748005
1425147296153,r,-0.006474372,0.07470787,0.0019536694
1425147296162,a,0.15322891,0.0,9.921572
1425147296173,r,-0.0076961033,-0.0804519,0.0019536694
1425147296184,a,0.22984336,0.0,9.998186
1425147296192,r,-0.008917835,0.08570345,0.0068405913
1425147296202,a,0.19153613,0.0,9.921572
1425147296213,r,-0.0015874505,0.024616921,0.0031754
1425147296234,r,-0.0028091818,-0.056017295,-0.0053767134
1425147296242,a,0.22984336,0.038307227,9.998186
1425147296253,r,-0.0028091818,-0.02913922,0.07281404
1425147296262,a,0.2681506,0.30645782,9.921572
1425147296273,r,8.560121E-4,-0.0523521,0.34648168
1425147296284,a,0.38307226,0.34476504,9.921572
1425147296292,r,-0.0040309094,0.003847503,0.4466636
1425147296302,a,0.38307226,-0.15322891,9.921572
1425147296313,r,0.0057429336,0.003847503,0.42833763
1425147296323,a,0.038307227,-0.15322891,9.959879
1425147296337,r,-0.0040309094,0.011177886,0.2707344
1425147296342,a,-0.11492168,-0.038307227,9.921572
1425147296362,a,-0.038307227,0.0,9.921572
1425147296373,r,-0.0015874505,-0.14276016,0.09480519
1425147296382,a,0.2681506,-0.076614454,9.998186
1425147296392,r,0.0045212023,-0.14276016,0.076479234
1425147296396,r,-0.0028091818,-0.0047046104,0.044714235
1425147296404,a,0.38307226,-0.038307227,9.959879
1425147296413,r,-0.0052526407,0.09669902,0.0043971306
1425147296422,a,0.19153613,0.038307227,9.883265
1425147296442,a,0.22984336,0.0,9.959879
1425147296455,r,-0.0028091818,-0.11221689,0.0019536694
1425147296462,a,0.30645782,1.8387469,9.959879
1425147296474,r,-0.0015874505,0.053938452,0.060596734
1425147296482,a,0.19153613,1.6472107,9.921572
1425147296492,r,0.0020777415,-0.17819034,0.21209131
1425147296494,r,0.006964663,-0.2368334,0.18154804
1425147296506,a,0.45968673,0.22984336,9.959879
1425147296521,a,0.0,0.7661445,9.998186
1425147296532,r,0.003299471,-0.013256724,0.108244225
1425147296541,a,0.30645782,1.1492168,9.959879
1425147296555,r,-0.012583025,0.1443465,0.067927115
1425147296562,a,0.30645782,1.2258313,9.921572
1425147296572,r,-0.0028091818,0.06615576,0.060596734
1425147296582,a,0.22984336,1.3024458,9.959879
1425147296592,r,-0.006474372,-0.020587109,0.04837943
1425147296606,a,0.34476504,1.4173675,9.959879
1425147296612,r,-0.0028091818,-0.07189979,0.08747481
1425147296622,a,0.2681506,1.8387469,9.921572
1425147296632,r,-0.0076961033,-0.026695762,0.11190941
1425147296642,a,0.4213795,1.7621324,9.921572
1425147296654,r,0.006964663,0.062490564,0.05815327
1425147296662,a,0.5363012,2.030283,9.921572
1425147296673,r,-0.008917835,0.083259985,0.10091384
1425147296681,a,0.49799395,2.2218192,9.921572
1425147296693,r,-0.0113612935,0.09914248,0.08258788
1425147296704,a,0.5363012,1.532289,9.883265
1425147296713,r,-0.0015874505,0.22986764,0.039827317
1425147296722,a,0.80445176,1.2258313,9.998186
1425147296732,r,8.560121E-4,-0.038913064,-0.046915554
1425147296742,a,0.7278373,0.61291564,9.844957
1425147296752,r,-0.010139562,-0.13176458,-0.12632804
1425147296762,a,-0.4213795,1.5705963,10.036493
1425147296772,r,-0.006474372,-0.0963344,-0.19230148
1425147296781,a,-0.45968673,2.030283,9.959879
1425147296792,r,-0.0040309094,0.14068131,-0.07990227
1425147296801,a,0.15322891,1.6472107,9.883265
1425147296812,r,-3.657192E-4,-0.021808837,0.011727514
1425147296823,a,0.7661445,0.8810662,9.883265
1425147296832,r,-0.010139562,-0.020587109,0.069148846
1425147296842,a,-0.5363012,-0.19153613,10.036493
1425147296852,r,-0.015026484,-0.046243448,-0.04935901
1425147296862,a,-1.2641385,0.22984336,9.998186
1425147296873,r,-0.008917835,-0.07556498,-0.068906695
1425147296882,a,-1.340753,0.6895301,10.0748005
1425147296892,r,-0.017469946,0.1199119,0.13390055
1425147296908,a,-0.38307226,0.842759,9.921572
1425147296917,r,8.560121E-4,1.8231105E-4,0.17666112
1425147296925,a,1.2641385,0.22984336,9.768343
1425147296932,r,-0.006474372,0.0050692335,0.3684728
1425147296942,a,0.9959879,-0.11492168,9.959879
1425147296952,r,-3.657192E-4,0.007512694,0.530963
1425147296962,a,0.22984336,0.11492168,9.959879
1425147296973,r,-0.0076961033,0.031947304,0.17055248
1425147296989,a,-0.61291564,0.6895301,10.036493
1425147296994,r,-0.0028091818,-0.0010394184,-0.14587572
1425147297002,a,0.038307227,0.0,10.036493
1425147297012,r,-0.008917835,-0.048686907,0.13756575
1425147297028,a,0.5746084,0.38307226,9.959879
1425147297032,r,-0.026022062,0.01728654,-0.031033052
1425147297045,a,0.9576807,-0.7661445,9.921572
1425147297053,r,-0.018691678,0.0050692335,-0.48918197
1425147297062,a,0.7278373,-0.7278373,9.998186
1425147297075,r,-0.013804756,-0.041356526,-0.61624193
1425147297082,a,-0.4213795,0.38307226,9.998186
1425147297094,r,-0.026022062,-0.010813263,-0.37067413
1425147297102,a,-0.15322891,0.076614454,10.0748005
1425147297115,r,-0.012583025,-0.009591532,-0.093341306
1425147297127,a,0.4213795,-0.076614454,9.844957
1425147297132,r,-3.657192E-4,0.007512694,0.18154804
1425147297146,a,0.8810662,0.038307227,10.036493
1425147297153,r,-0.0015874505,1.8231105E-4,0.2035392
1425147297163,a,0.30645782,-0.2681506,9.998186
1425147297176,r,0.0045212023,-0.0059263417,0.09724865
1425147297182,a,0.076614454,-0.34476504,9.921572
1425147297195,r,-0.0052526407,-0.049908638,0.21209131
1425147297202,a,-0.19153613,-0.9959879,10.113108
1425147297212,r,-0.0040309094,-0.02547403,0.22430861
1425147297222,a,-0.22984336,-0.91937345,9.921572
1425147297232,r,-0.013804756,0.006290964,-0.040806897
1425147297243,a,-0.15322891,0.0,9.921572
1425147297253,r,0.0020777415,-0.05113037,0.038605586
1425147297263,a,0.15322891,0.4213795,9.998186
1425147297273,r,-0.017469946,-0.08411709,0.23286073
1425147297282,a,0.91937345,0.49799395,9.998186
1425147297294,r,-0.013804756,-0.042578258,0.09358346
1425147297302,a,1.0342951,0.22984336,9.921572
1425147297312,r,-0.03090898,0.0050692335,-0.1324367
1425147297322,a,0.4213795,0.19153613,9.883265
1425147297333,r,-0.0052526407,-0.009591532,-0.13488016
1425147297346,a,0.22984336,-0.7278373,9.998186
1425147297353,r,-0.013804756,0.060047105,-0.21429263
1425147297363,a,0.15322891,-1.7621324,9.998186
1425147297373,r,-0.010139562,-0.042578258,-0.61624193
1425147297383,a,-0.5746084,-1.0726024,9.959879
1425147297396,r,-0.013804756,-0.015700184,-0.33890912
1425147297404,a,-2.336741,-0.61291564,10.0748005
1425147297415,r,-3.657192E-4,-0.04746518,0.10457903
1425147297422,a,-1.0342951,-0.45968673,10.036493
1425147297433,r,8.560121E-4,-0.04746518,0.55661935
1425147297447,a,1.340753,-0.038307227,9.921572
1425147297453,r,-0.017469946,-0.0034828791,0.20109573
1425147297463,a,1.8387469,-0.038307227,9.921572
1425147297473,r,-0.0052526407,-0.018143646,-0.034698248
1425147297482,a,-0.22984336,-0.19153613,9.998186
1425147297496,r,0.0057429336,0.0014040424,0.13512228
1425147297502,a,-1.1875241,-0.34476504,9.959879
1425147297516,r,0.0045212023,0.023395192,0.45399395
1425147297522,a,-0.6895301,0.38307226,9.998186
1425147297533,r,0.003299471,-0.056017295,0.7362137
1425147297542,a,1.685518,0.038307227,9.844957
1425147297553,r,-0.0028091818,0.014843077,0.3305992
1425147297562,a,1.6472107,-1.8004397,9.883265
1425147297573,r,-0.029687252,-0.0059263417,-0.2778226
1425147297583,a,1.0726024,-2.0685902,9.921572
1425147297594,r,-0.02724379,0.031947304,-0.5747031
1425147297603,a,-0.19153613,-2.030283,10.036493
1425147297613,r,-0.010139562,-0.14520362,-0.28026608
1425147297622,a,-0.9576807,-3.0262709,9.998186
1425147297633,r,-0.0076961033,-0.013256724,-0.06524151
1425147297642,a,-0.22984336,-2.7964275,9.959879
1425147297653,r,-0.006474372,0.0087344255,-0.07990227
1425147297664,a,0.61291564,-1.8770541,9.844957
1425147297673,r,-0.022356868,-0.2490507,-0.02003748
1425147297684,a,-0.22984336,-2.2601264,10.0748005
1425147297693,r,-0.015026484,-0.02791749,-0.14831918
1425147297702,a,0.4213795,-1.3790601,9.959879
1425147297717,r,-0.019913409,-0.007148071,-0.08967611
1425147297723,a,0.49799395,-0.91937345,9.921572
1425147297736,r,-0.0235786,-0.036469605,0.036162123
1425147297743,a,0.6512229,-0.9576807,9.921572
1425147297753,r,-0.026022062,-0.02791749,0.02761001
1425147297766,a,0.5363012,-1.0726024,9.921572
1425147297774,r,-0.019913409,-0.020587109,0.011727514
1425147297783,a,0.34476504,-0.30645782,9.921572
1425147297802,a,0.22984336,0.038307227,9.921572
1425147297815,r,-0.013804756,-0.018143646,0.008062322
1425147297818,r,-0.015026484,-0.018143646,0.0031754
1425147297822,a,0.2681506,0.0,9.921572
1425147297833,r,-0.013804756,-0.0034828791,0.0043971306
1425147297842,a,0.2681506,0.038307227,9.921572
1425147297853,r,-0.010139562,0.036834225,-4.897914E-4
1425147297862,a,0.22984336,0.0,9.959879
1425147297874,r,-0.018691678,0.089368634,0.0019536694
1425147297883,a,0.2681506,0.0,9.959879
1425147297902,a,0.30645782,0.0,10.151415
1425147297916,r,-0.0040309094,0.46077472,0.009284053
1425147297921,r,-0.013804756,0.9482452,0.03249693
1425147297928,a,0.11492168,0.0,10.228029
1425147297934,r,-0.0052526407,-0.014478455,-0.0017115222
1425147297945,a,-0.076614454,0.038307227,9.730036
1425147297966,a,0.22984336,0.0,10.457873
1425147297983,r,-0.013804756,-0.5508181,-0.0029332526
1425147297988,a,0.11492168,0.0,10.189722
1425147298004,r,-0.0076961033,0.52552646,0.023944817
1425147298007,r,-0.015026484,-0.034026142,-0.0029332526
1425147298015,a,-0.076614454,0.038307227,9.768343
1425147298022,r,-0.0028091818,-0.5227183,-0.012707096
1425147298034,a,0.22984336,0.038307227,10.342952
1425147298042,r,-0.016248215,0.27873686,0.0043971306
1425147298052,a,-0.11492168,0.038307227,9.5385
1425147298063,r,-0.0028091818,0.13701613,7.31939E-4
1425147298075,a,-0.038307227,0.0,9.80665
1425147298084,r,-0.012583025,-0.42009297,-0.007820174
1425147298092,a,0.19153613,0.0,10.266336
1425147298104,r,-0.008917835,0.23108937,0.0068405913
1425147298112,a,0.076614454,0.0,10.0748005
1425147298122,r,-0.015026484,0.23841976,0.0031754
1425147298138,a,0.0,0.0,9.844957
1425147298143,r,-0.017469946,-0.2966982,-0.0065984437
1425147298161,a,0.15322891,0.0,10.189722
1425147298169,r,-0.012583025,0.06615576,-0.0029332526
1425147298174,a,0.038307227,0.0,9.959879
1425147298188,r,-0.008917835,0.04538634,-0.0029332526
1425147298195,a,-0.038307227,0.038307227,9.691729
1425147298204,r,-0.017469946,-0.23316821,-0.013928827
1425147298212,a,-0.15322891,-0.038307227,9.998186
1425147298223,r,-0.016248215,0.01728654,0.12046153
1425147298232,a,-0.11492168,-0.038307227,9.883265
1425147298243,r,-0.021135136,1.8231105E-4,0.2756213
1425147298252,a,0.11492168,0.0,9.921572
1425147298263,r,-0.0040309094,-0.035247874,0.23652592
1425147298272,a,0.34476504,0.076614454,9.959879
1425147298283,r,-0.0015874505,-0.015700184,0.0068405913
1425147298292,a,0.038307227,0.0,9.921572
1425147298303,r,-0.015026484,-0.016921915,-0.0053767134
1425147298323,r,-0.0015874505,0.013621347,7.31939E-4
1425147298332,a,0.11492168,0.038307227,9.921572
1425147298343,r,-0.0113612935,-0.010813263,0.091139995
1425147298352,a,0.15322891,0.15322891,9.921572
1425147298363,r,-0.010139562,-0.012034993,0.1436744
1425147298372,a,0.038307227,-0.038307227,9.921572
1425147298385,r,-3.657192E-4,-0.009591532,0.044714235
1425147298392,a,0.076614454,0.0,9.921572
1425147298404,r,-0.008917835,-0.018143646,0.07159231
1425147298412,a,0.49799395,0.038307227,9.883265
1425147298424,r,-0.012583025,-0.038913064,0.2035392
1425147298432,a,0.80445176,0.11492168,9.883265
1425147298443,r,-0.006474372,-0.060904212,0.20109573
1425147298454,a,1.1109096,-0.22984336,9.921572
1425147298463,r,-0.012583025,0.003847503,0.045935966
1425147298472,a,1.3024458,-0.076614454,9.883265
1425147298483,r,-0.013804756,-0.035247874,0.11190941
1425147298492,a,1.4173675,0.11492168,9.883265
1425147298505,r,-0.012583025,0.003847503,0.06426193
1425147298512,a,1.8004397,0.076614454,9.921572
1425147298523,r,-0.0113612935,0.0050692335,-0.012707096
1425147298532,a,2.2218192,-0.076614454,9.921572
1425147298543,r,-0.0076961033,-0.030360952,-0.048137277
1425147298553,a,2.030283,-0.038307227,9.883265
1425147298563,r,-0.018691678,0.009956155,-0.081124
1425147298572,a,2.030283,-0.34476504,9.883265
1425147298583,r,-3.657192E-4,-0.035247874,-0.077458814
1425147298592,a,2.1068976,-0.11492168,9.921572
1425147298612,a,1.9919758,-0.038307227,9.844957
1425147298623,r,-0.019913409,0.0050692335,-0.15198438
1425147298627,r,-3.657192E-4,-0.056017295,-0.122662835
1425147298632,a,1.7238252,0.038307227,9.921572
1425147298643,r,-0.0015874505,-0.0010394184,-0.23750551
1425147298652,a,1.7621324,0.076614454,9.80665
1425147298663,r,-0.0040309094,-0.009591532,-0.32058316
1425147298678,a,1.685518,-0.2681506,9.959879
1425147298692,a,1.4556746,-0.2681506,9.844957
1425147298709,r,0.0045212023,-0.04379999,-0.3657872
1425147298715,a,1.1109096,-0.2681506,9.959879
1425147298725,r,8.560121E-4,-0.063347675,-0.34746125
1425147298733,r,-0.0028091818,-0.048686907,-0.33035702
1425147298737,a,0.6895301,-0.5746084,9.768343
1425147298747,r,8.560121E-4,-0.0083698025,-0.25216627
1425147298752,a,0.30645782,-0.4213795,9.959879
1425147298772,a,0.6895301,-0.5746084,9.883265
1425147298782,r,-0.037017636,-0.020587109,-0.32424837
1425147298792,a,0.842759,-0.15322891,9.921572
1425147298802,r,-0.016248215,-0.057239026,-0.053024203
1425147298813,a,0.80445176,-0.45968673,9.959879
1425147298825,r,-0.0040309094,-0.014478455,-0.3181397
1425147298830,r,-0.0052526407,-0.020587109,-0.43542585
1425147298833,a,0.5746084,-0.34476504,9.959879
1425147298852,a,0.80445176,-0.5363012,9.998186
1425147298862,r,-0.006474372,-0.054795563,-0.5392729
1425147298877,a,0.61291564,-0.61291564,9.844957
1425147298882,r,-0.013804756,-0.02547403,-0.6064681
1425147298894,a,0.30645782,-0.5746084,9.921572
1425147298902,r,-0.0040309094,-0.0022611497,-0.597916
1425147298912,a,0.2681506,-0.45968673,10.036493
1425147298923,r,-0.012583025,-0.049908638,-0.6064681
1425147298932,a,0.2681506,-0.49799395,9.883265
1425147298942,r,-0.0113612935,-0.018143646,-0.6186854
1425147298952,a,0.4213795,-0.6512229,9.80665
1425147298962,r,-0.0040309094,0.006290964,-0.65900254
1425147298972,a,0.49799395,-0.6895301,9.959879
1425147298983,r,-0.0076961033,0.009956155,-0.66022426
1425147298995,a,0.5363012,-0.7661445,9.883265
1425147299009,r,-0.017469946,0.033169035,-0.6712198
1425147299016,a,0.80445176,-0.7661445,9.883265
1425147299027,r,-0.0235786,-0.020587109,-0.7261977
1425147299032,a,0.8810662,-0.7278373,10.036493
1425147299043,r,-0.019913409,-0.034026142,-0.7591844
1425147299052,a,0.6512229,-0.6895301,9.883265
1425147299062,r,-0.022356868,-0.021808837,-0.83370996
1425147299072,a,0.61291564,-0.9959879,9.959879
1425147299082,r,-0.0028091818,-0.018143646,-0.83981866
1425147299095,a,0.7661445,-0.80445176,9.844957
1425147299102,r,-0.015026484,-0.016921915,-0.76529306
1425147299117,a,0.80445176,-0.6895301,9.998186
1425147299122,r,-0.013804756,-0.009591532,-0.8593663
1425147299132,a,0.45968673,-1.0342951,9.959879
1425147299143,r,-0.0040309094,-0.007148071,-0.8581446
1425147299152,a,0.30645782,-0.91937345,9.80665
1425147299162,r,-0.0113612935,-0.02791749,-0.92167455
1425147299172,a,-0.038307227,-0.6512229,9.998186
1425147299183,r,-0.02846552,-0.040134795,-0.90945727
1425147299194,a,-0.11492168,-0.7661445,9.998186
1425147299203,r,-3.657192E-4,-0.24416378,-0.87036186
1425147299222,a,-0.38307226,-0.80445176,9.883265
1425147299226,r,0.003299471,-0.045021717,-0.7946146
1425147299242,r,-0.0113612935,-0.0083698025,-0.7433019
1425147299252,a,-0.4213795,-0.4213795,9.959879
1425147299263,r,-3.657192E-4,-0.026695762,-0.7689583
1425147299272,a,-0.076614454,-0.5363012,9.921572
1425147299283,r,-0.0113612935,-0.019365378,-0.7628496
1425147299292,a,0.038307227,-0.80445176,9.998186
1425147299302,r,-0.0235786,-0.030360952,-0.81782746
1425147299312,a,-0.38307226,-0.49799395,9.921572
1425147299323,r,-0.0113612935,-0.030360952,-0.7982798
1425147299332,a,-0.49799395,-0.22984336,10.036493
1425147299350,r,-0.008917835,-0.03280441,-0.8263796
1425147299356,a,0.11492168,-0.19153613,9.844957
1425147299371,r,-0.013804756,-0.0010394184,-0.85692286
1425147299378,a,-0.4213795,-0.2681506,9.883265
1425147299392,a,-1.1492168,-0.22984336,9.883265
1425147299397,r,-0.021135136,-0.015700184,-0.9497744
1425147299416,r,-0.015026484,-0.018143646,-0.92411804
1425147299419,a,-0.9576807,-0.11492168,10.0748005
1425147299433,a,-1.2258313,-0.076614454,9.883265
1425147299437,r,-0.0028091818,-0.023030568,-0.8618098
1425147299445,r,-0.008917835,-0.026695762,-0.85692286
1425147299453,a,-1.1875241,0.11492168,9.959879
1425147299456,r,-0.0076961033,-0.026695762,-0.8459273
1425147299472,a,-1.8387469,0.22984336,9.959879
1425147299492,a,-1.9153614,0.038307227,9.959879
1425147299500,r,-0.012583025,-0.013256724,-0.8630315
1425147299518,a,-2.3750482,0.2681506,9.998186
1425147299520,r,-0.0040309094,-0.031582683,-0.70909345
1425147299523,r,-0.0052526407,-0.026695762,-0.5392729
1425147299532,a,-2.566584,0.34476504,9.959879
1425147299534,r,-0.0113612935,-0.040134795,-0.34013087
1425147299552,a,-1.4939818,0.45968673,9.959879
1425147299572,a,-1.4173675,0.38307226,9.959879
1425147299575,r,-0.0113612935,-0.049908638,-0.33280048
1425147299592,a,-1.532289,0.4213795,9.921572
1425147299594,r,-0.018691678,-0.031582683,-0.3340222
1425147299613,a,-1.6472107,0.61291564,9.959879
1425147299615,r,-0.012583025,-0.020587109,-0.35967854
1425147299633,a,-2.030283,0.61291564,9.998186
1425147299637,r,-0.017469946,-0.023030568,-0.27171394
1425147299640,r,-0.015026484,-0.049908638,-0.19841014
1425147299663,a,-1.7238252,0.38307226,9.959879
1425147299672,a,-1.9919758,0.4213795,9.959879
1425147299674,r,-0.022356868,-0.036469605,-0.10311515
1425147299692,a,-1.2258313,0.61291564,9.959879
1425147299701,r,-0.006474372,-0.0242523,0.009284053
1425147299712,a,-1.2258313,0.6512229,9.921572
1425147299715,r,-0.008917835,0.003847503,0.043492503
1425147299733,a,-1.0342951,0.5363012,9.959879
1425147299742,r,-0.010139562,0.0014040424,0.044714235
1425147299746,r,-0.010139562,0.003847503,0.020279627
1425147299752,a,-1.3024458,0.4213795,9.959879
1425147299764,r,-0.018691678,-0.016921915,0.10946596
1425147299774,a,-0.11492168,0.2681506,9.921572
1425147299783,r,-0.0028091818,1.8231105E-4,0.069148846
1425147299792,a,0.076614454,0.19153613,9.921572
1425147299803,r,-0.0040309094,-0.0034828791,0.021501357
1425147299812,a,0.19153613,0.19153613,9.921572
1425147299824,r,-0.015026484,-0.0059263417,-0.0053767134
1425147299834,a,0.15322891,0.038307227,9.921572
1425147299843,r,-0.0076961033,-0.009591532,0.0019536694
1425147299852,a,0.15322891,0.076614454,9.883265
1425147299864,r,-0.015026484,-0.018143646,-4.897914E-4
1425147299872,a,0.15322891,0.038307227,9.921572
1425147299883,r,-0.021135136,-0.019365378,0.005618861
1425147299892,a,0.15322891,0.038307227,9.883265
1425147299904,r,-0.006474372,0.0026257727,-0.0053767134
1425147299912,a,0.15322891,0.038307227,9.921572
1425147299924,r,-0.016248215,-0.0010394184,7.31939E-4
1425147299943,r,-0.0113612935,-0.0059263417,7.31939E-4
1425147299952,a,0.15322891,0.076614454,9.921572
1425147299963,r,-0.017469946,-0.009591532,-0.009041905
1425147299972,a,0.15322891,0.038307227,9.921572
1425147299986,r,-0.0113612935,-0.0034828791,7.31939E-4
1425147300006,r,-0.0113612935,0.0026257727,-0.0029332526
1425147300023,r,-0.015026484,-0.0047046104,7.31939E-4
1425147300042,a,0.19153613,0.038307227,9.921572
1425147300046,r,-0.015026484,-0.007148071,0.005618861
1425147300062,a,0.15322891,0.038307227,9.921572
1425147300068,r,-0.012583025,-0.0010394184,0.0019536694
1425147300084,a,0.19153613,0.038307227,9.921572
1425147300086,r,-0.016248215,-0.0083698025,7.31939E-4
1425147300102,a,0.15322891,0.038307227,9.921572
1425147300107,r,-0.018691678,-0.0059263417,-4.897914E-4
1425147300142,r,-0.0113612935,-0.0022611497,0.008062322
1425147300146,r,-0.013804756,-0.012034993,-0.0029332526
1425147300163,r,-0.015026484,-0.009591532,-4.897914E-4
1425147300183,a,0.15322891,0.038307227,9.883265
1425147300187,r,-0.018691678,-0.0010394184,-0.0029332526
1425147300207,a,0.076614454,0.038307227,9.883265
1425147300222,a,0.19153613,0.038307227,9.921572
1425147300225,r,-0.021135136,0.013621347,0.05693154
1425147300242,a,0.15322891,0.0,9.921572
1425147300246,r,-0.0235786,-0.0022611497,0.05693154
1425147300248,r,-0.019913409,-0.0059263417,0.042270772
1425147300262,a,0.15322891,0.038307227,9.921572
1425147300268,r,-0.015026484,-0.0059263417,0.039827317
1425147300282,a,0.19153613,0.038307227,9.921572
1425147300302,a,0.15322891,0.038307227,9.883265
1425147300305,r,-0.018691678,-0.010813263,-0.0017115222
1425147300323,a,0.15322891,0.038307227,9.921572
1425147300327,r,-0.0076961033,-0.010813263,-4.897914E-4
1425147300342,a,0.15322891,0.076614454,9.921572
1425147300346,r,-0.016248215,-0.0047046104,0.0068405913
1425147300349,r,-0.016248215,-0.0010394184,0.0031754
1425147300362,a,0.038307227,-0.15322891,9.921572
1425147300382,a,0.15322891,0.11492168,9.921572
1425147300389,r,-0.017469946,-0.0083698025,-0.004154983
1425147300404,a,0.30645782,0.19153613,9.921572
1425147300408,r,-0.013804756,0.0014040424,0.021501357
1425147300427,a,0.15322891,0.038307227,9.921572
1425147300432,r,-0.0052526407,-0.0083698025,-0.0017115222
1425147300444,r,-0.0076961033,-0.0022611497,-0.004154983
1425147300463,r,-3.657192E-4,-0.0022611497,7.31939E-4
1425147300483,a,0.038307227,-0.076614454,9.921572
1425147300488,r,-0.015026484,-0.0034828791,0.0019536694
1425147300504,a,0.15322891,0.038307227,9.921572
1425147300507,r,-0.017469946,-0.0010394184,0.04837943
1425147300528,a,0.0,-0.076614454,9.921572
1425147300531,r,-0.012583025,-0.0022611497,0.039827317
1425147300543,a,-0.34476504,-0.15322891,9.959879
1425147300546,r,-0.010139562,-0.0059263417,0.0312752
1425147300562,a,-0.45968673,-0.038307227,9.959879
1425147300565,r,-0.02724379,0.0014040424,0.008062322
1425147300583,a,-0.45968673,-0.11492168,9.921572
1425147300588,r,-0.016248215,-0.0047046104,-0.012707096
1425147300604,a,-1.1875241,-0.11492168,9.959879
1425147300607,r,-0.013804756,-0.0047046104,0.10213557
1425147300628,a,-1.685518,-0.11492168,9.959879
1425147300631,r,-0.016248215,0.013621347,0.07281404
1425147300643,a,-1.6089035,0.0,9.959879
1425147300646,r,-0.017469946,0.006290964,0.11313114
1425147300663,r,-0.010139562,-0.0047046104,0.21453477
1425147300682,a,-2.0685902,0.038307227,9.883265
1425147300685,r,-0.019913409,0.0026257727,0.3110515
1425147300702,a,-2.7581203,-0.4213795,10.0748005
1425147300707,r,-0.008917835,-0.24538553,0.4271159
1425147300723,a,-2.1452048,0.19153613,9.959879
1425147300726,r,-0.0076961033,-0.019365378,0.3635859
1425147300742,a,-2.030283,0.0,9.998186
1425147300747,r,-0.0113612935,0.0014040424,0.60671026
1425147300762,a,-2.4133554,-0.4213795,9.998186
1425147300766,r,-0.013804756,-0.0010394184,0.62625796
1425147300782,a,-2.3750482,-0.49799395,9.959879
1425147300785,r,-0.0076961033,-0.023030568,0.6995618
1425147300802,a,-2.1068976,-0.45968673,9.998186
1425147300808,r,-0.015026484,-0.023030568,0.6861228
1425147300823,a,-2.0685902,-0.19153613,9.998186
1425147300827,r,-0.006474372,0.018508269,0.76553524
1425147300846,a,-2.2218192,-0.49799395,9.959879
1425147300853,r,-0.0015874505,-0.038913064,0.84128255
1425147300872,a,-2.2601264,-0.842759,10.036493
1425147300875,r,0.0057429336,-0.0804519,0.8596085
1425147300882,a,-1.6472107,-0.8810662,9.883265
1425147300884,r,-0.0028091818,-0.041356526,0.80463064
1425147300902,a,-1.3024458,-0.4213795,9.959879
1425147300907,r,-0.0113612935,0.003847503,0.8266218
1425147300924,a,-0.9959879,-1.4556746,10.151415
1425147300929,r,0.011851585,-0.36633682,1.2126886
1425147300951,a,-0.38307226,-0.7661445,9.844957
1425147300954,r,-0.010139562,0.062490564,0.8681606
1425147300963,a,-0.30645782,-0.7278373,9.998186
1425147300967,r,-0.0040309094,-0.034026142,0.7716439
1425147300982,a,-0.15322891,-0.5363012,9.883265
1425147300985,r,-0.008917835,0.046608068,0.703227
1425147301008,a,-0.6895301,-0.7278373,9.844957
1425147301013,r,0.003299471,0.009956155,0.7789743
1425147301027,a,-0.7661445,-0.7661445,10.113108
1425147301037,r,-0.013804756,0.0026257727,0.8681606
1425147301058,a,-0.22984336,-0.7661445,9.80665
1425147301061,r,-0.008917835,0.028282113,0.9048125
1425147301064,r,0.0020777415,0.011177886,0.78752637
1425147301067,a,-0.38307226,-0.5363012,10.036493
1425147301082,a,-0.34476504,-0.7278373,9.80665
1425147301092,r,0.0045212023,0.0050692335,0.76675695
1425147301102,a,-0.076614454,-1.0342951,9.959879
1425147301112,r,0.0020777415,0.01728654,0.7117791
1425147301122,a,-0.2681506,-0.6512229,9.959879
1425147301134,r,-0.0028091818,-0.012034993,0.7753091
1425147301152,a,-0.15322891,-0.15322891,9.844957
1425147301155,r,8.560121E-4,0.0050692335,0.8339521
1425147301161,r,-0.006474372,-0.20995533,0.9744511
1425147301173,a,-0.34476504,-0.61291564,10.151415
1425147301192,a,0.49799395,-0.5363012,9.959879
1425147301195,r,-0.02724379,-0.0010394184,0.9048125
1425147301213,a,0.45968673,-0.842759,9.959879
1425147301216,r,-0.015026484,-0.0083698025,0.970786
1425147301232,a,0.34476504,-0.80445176,9.80665
1425147301235,r,0.009408124,-0.02547403,0.87549096
1425147301253,a,0.5363012,-0.45968673,9.80665
1425147301256,r,0.0020777415,-0.060904212,0.71666604
1425147301274,a,-0.4213795,-0.6512229,9.80665
1425147301279,r,-0.0076961033,-0.014478455,0.7447658
1425147301294,a,-0.19153613,-0.80445176,9.959879
1425147301296,r,0.0057429336,0.003847503,0.78630465
1425147301324,a,0.5363012,-0.842759,9.959879
1425147301330,r,-0.03090898,-0.046243448,0.8791562
1425147301334,a,0.22984336,-0.61291564,9.883265
1425147301335,r,0.0020777415,-0.0010394184,0.6568012
1425147301352,a,-0.34476504,-0.34476504,9.921572
1425147301355,r,0.0045212023,-0.05968248,0.43811145
1425147301372,a,0.076614454,-0.4213795,9.959879
1425147301374,r,-0.02846552,-0.041356526,0.5272978
1425147301392,a,0.45968673,-0.5363012,9.883265
1425147301398,r,-0.0113612935,-0.0034828791,0.78996986
1425147301414,a,0.4213795,-0.2681506,9.768343
1425147301417,r,-0.015026484,0.027060382,0.69834006
1425147301433,a,0.22984336,-0.15322891,10.036493
1425147301436,r,-0.008917835,0.023395192,0.47720683
1425147301452,a,-0.22984336,-0.49799395,9.844957
1425147301454,r,-0.0028091818,0.07837306,0.48575896
1425147301472,a,-0.7278373,-0.6512229,10.036493
1425147301474,r,-0.0028091818,-0.05968248,0.4466636
1425147301491,a,0.5746084,0.38307226,9.691729
1425147301494,r,-0.022356868,-0.038913064,0.4271159
1425147301512,a,0.80445176,0.15322891,9.844957
1425147301514,r,0.013073316,-0.12565593,0.7044487
1425147301532,a,0.80445176,-0.19153613,9.959879
1425147301534,r,-0.010139562,0.062490564,0.7630918
1425147301554,a,0.19153613,-0.45968673,10.036493
1425147301558,r,-0.0015874505,0.09303383,0.467433
1425147301576,a,-0.11492168,0.2681506,10.036493
1425147301587,r,-0.019913409,-0.2563811,0.47720683
1425147301595,a,0.30645782,0.038307227,9.844957
1425147301599,r,-3.657192E-4,0.01728654,0.748431
1425147301613,a,0.9576807,-0.34476504,9.959879
1425147301615,r,-0.008917835,0.04049942,0.89748216
1425147301636,a,1.0726024,-0.15322891,9.80665
1425147301641,r,-0.006474372,0.10036421,0.71788776
1425147301655,a,0.7661445,-0.5363012,9.844957
1425147301658,r,-0.021135136,0.12968574,0.66535336
1425147301672,a,1.1492168,-1.0342951,9.80665
1425147301674,r,0.015516777,0.077151336,0.7643135
1425147301701,r,-0.008917835,0.058825374,0.793635
1425147301705,a,1.1492168,-0.30645782,9.921572
1425147301723,r,-3.657192E-4,0.036834225,0.7606483
1425147301727,a,1.4173675,-0.45968673,9.844957
1425147301734,r,-0.033352442,-0.030360952,0.793635
1425147301742,a,1.8387469,0.11492168,9.844957
1425147301753,r,-0.006474372,0.077151336,0.83517385
1425147301762,a,2.336741,-0.61291564,9.844957
1425147301772,r,-0.021135136,-0.026695762,0.38924223
1425147301782,a,2.1068976,-0.076614454,9.653421
1425147301792,r,-0.02480033,0.003847503,0.17055248
1425147301802,a,1.9153614,-0.38307226,9.921572
1425147301812,r,-0.021135136,0.0026257727,0.30005592
1425147301822,a,2.0685902,-0.6512229,9.883265
1425147301833,r,-0.013804756,-0.037691336,0.39657262
1425147301841,a,2.9113493,-0.2681506,9.80665
1425147301852,r,-0.017469946,-0.32235453,0.38679877
1425147301861,a,3.4859576,0.22984336,9.883265
1425147301872,r,-0.0015874505,-0.22339436,0.42955935
1425147301887,a,3.6008794,-0.076614454,9.80665
1425147301893,r,-0.022356868,-0.17085996,0.28295168
1425147301902,a,4.0222588,-0.6895301,9.80665
1425147301912,r,-0.015026484,-0.21972919,0.108244225
1425147301922,a,3.6774938,-0.45968673,9.768343
1425147301934,r,-0.015026484,-0.060904212,-0.24850108
1425147301941,a,3.6391866,-0.22984336,9.730036
1425147301952,r,-0.029687252,-0.25393763,-0.2729357
1425147301961,a,3.2561142,0.038307227,9.768343
1425147301972,r,-0.026022062,-0.35900646,-0.17519726
1425147301992,a,2.9496565,0.038307227,9.768343
1425147301995,r,-0.02846552,-0.38221934,-0.19841014
1425147302004,a,2.566584,-0.2681506,9.768343
1425147302017,r,-0.019913409,-0.34312394,-0.19107975
1425147302024,a,1.9919758,-0.4213795,9.844957
1425147302039,r,-0.012583025,-0.31380242,-0.16297995
1425147302047,a,0.80445176,0.076614454,9.883265
1425147302056,r,-0.016248215,-0.29547647,-0.028589593
1425147302062,a,0.7278373,-0.076614454,9.883265
1425147302073,r,-0.02846552,-0.057239026,-0.010263635
1425147302082,a,0.9576807,-0.076614454,9.883265
1425147302093,r,-0.03090898,-0.013256724,-0.116554186
1425147302105,a,0.5363012,-0.19153613,9.883265
1425147302112,r,-0.018691678,-0.009591532,-0.086010925
1425147302122,a,0.49799395,-0.11492168,9.883265
1425147302136,r,-0.022356868,0.01973,-0.018815748
1425147302142,a,0.5746084,0.038307227,9.921572
1425147302155,r,-0.016248215,0.046608068,-0.010263635
1425147302162,a,0.5363012,-0.038307227,9.883265
1425147302173,r,-0.012583025,0.060047105,-0.012707096
1425147302182,a,0.45968673,0.2681506,9.921572
1425147302193,r,-0.0052526407,0.04049942,0.052044623
1425147302206,a,0.5363012,0.11492168,9.883265
1425147302213,r,-0.022356868,0.028282113,0.015392705
1425147302225,a,0.49799395,-0.038307227,9.921572
1425147302234,r,-0.013804756,0.33371472,0.047157697
1425147302244,a,0.6895301,0.0,10.0748005
1425147302258,r,-0.006474372,1.7362614,0.06670538
1425147302262,a,0.2681506,0.0,10.611102
1425147302276,r,-0.022356868,1.5126847,0.039827317
1425147302283,a,-0.34476504,0.0,9.155427
1425147302294,r,-0.008917835,-0.41887125,-0.007820174
1425147302304,a,-0.11492168,0.0,9.615114
1425147302313,r,-0.008917835,0.084481716,7.31939E-4
1425147302322,a,0.0,0.0,9.921572
1425147302333,r,-0.017469946,0.16389419,0.0019536694
1425147302342,a,-0.15322891,0.0,9.423578
1425147302362,a,0.11492168,0.0,10.228029
1425147302373,r,-0.016248215,-0.3284632,-0.0065984437
1425147302378,r,-0.012583025,0.2799586,0.0068405913
1425147302383,a,0.076614454,0.0,10.113108
1425147302396,r,-0.0076961033,-0.33457184,-0.0053767134
1425147302405,a,0.038307227,0.0,10.036493
1425147302413,r,-0.016248215,-0.29791993,-0.015150558
1425147302424,a,0.15322891,-0.038307227,10.0748005
1425147302442,a,-0.076614454,0.038307227,9.998186
1425147302452,r,-0.015026484,0.0918121,-0.02003748
1425147302462,a,-0.38307226,0.15322891,9.998186
1425147302476,r,-0.018691678,0.26163265,-0.24605761
1425147302482,r,-0.016248215,0.28240207,-0.32058316
1425147302486,a,0.5746084,-0.22984336,9.385271
1425147302495,r,-0.0040309094,-0.6632173,0.015392705
1425147302502,a,0.4213795,-0.038307227,10.189722
1425147302522,a,0.80445176,0.19153613,10.189722
1425147302532,r,-0.008917835,0.14556824,0.20598266
1425147302542,a,0.8810662,0.34476504,9.691729
1425147302552,r,-0.012583025,-0.012034993,0.3159384
1425147302562,a,-0.80445176,-0.2681506,9.998186
1425147302574,r,-0.006474372,-0.29425475,0.42589417
1425147302580,r,-0.008917835,-0.18796419,0.32204705
1425147302585,a,-0.6895301,0.0,10.036493
1425147302602,a,0.11492168,0.038307227,9.883265
1425147302612,r,-0.015026484,0.0050692335,0.0019536694
1425147302625,a,0.19153613,0.0,9.921572
1425147302632,r,-0.006474372,-0.042578258,0.011727514
1425147302652,r,-0.018691678,-0.057239026,-0.004154983
1425147302662,a,0.15322891,0.0,9.959879
1425147302678,r,-0.016248215,0.0087344255,-0.004154983
1425147302681,r,-0.0235786,-0.053573832,-0.0017115222
1425147302703,a,0.19153613,0.0,9.959879
1425147302713,r,-0.0076961033,-0.007148071,7.31939E-4
1425147302725,a,0.4213795,-0.038307227,9.921572
1425147302732,r,-0.0113612935,0.0087344255,0.0068405913
1425147302745,a,0.5746084,-0.038307227,9.921572
1425147302752,r,-0.006474372,-0.0963344,0.24141283
1425147302762,a,0.0,0.038307227,9.921572
1425147302780,r,-0.0113612935,-0.11466035,0.23774765
1425147302787,a,0.2681506,-0.038307227,9.921572
1425147302797,r,-0.012583025,-0.015700184,0.10580076
1425147302802,a,0.45968673,-0.038307227,9.921572
1425147302812,r,-0.013804756,-0.042578258,0.15833516
1425147302825,a,0.038307227,0.0,9.959879
1425147302832,r,-0.010139562,-0.023030568,0.21453477
1425147302843,a,0.19153613,0.038307227,9.921572
1425147302853,r,-0.016248215,-0.031582683,0.15711343
1425147302862,a,0.9959879,0.076614454,9.844957
1425147302878,r,-0.015026484,-0.060904212,0.14611787
1425147302882,a,0.80445176,0.038307227,9.921572
1425147302894,r,-0.0076961033,-0.15253401,0.39412916
1425147302902,a,0.8810662,-0.2681506,9.883265
1425147302917,r,-0.0028091818,-0.031582683,0.32815573
1425147302924,a,1.4556746,-0.5363012,9.883265
1425147302934,r,-0.006474372,0.011177886,0.17055248
1425147302948,a,1.9153614,-0.076614454,9.844957
1425147302963,r,-0.0040309094,-0.036469605,0.19498709
1425147302970,a,2.2601264,-0.45968673,9.844957
1425147302982,r,-0.006474372,0.01728654,0.30860803
1425147302986,a,2.6048915,-0.34476504,9.844957
1425147303000,r,-0.0015874505,0.018508269,0.39657262
1425147303003,a,2.2984335,0.15322891,9.80665
1425147303012,r,-0.010139562,0.023395192,0.13634402
1425147303022,a,3.0262709,-0.2681506,9.844957
1425147303032,r,-0.013804756,0.031947304,0.011727514
1425147303045,a,2.4899697,0.038307227,9.80665
1425147303052,r,-0.021135136,0.02583865,-0.011485366
1425147303062,a,2.6048915,-0.2681506,9.80665
1425147303072,r,-0.013804756,-0.019365378,-0.08723266
1425147303082,a,2.834735,-0.2681506,9.80665
1425147303096,r,-0.0076961033,0.0014040424,-0.13610189
1425147303102,a,2.528277,-0.45968673,9.730036
1425147303113,r,-0.0028091818,-0.009591532,-0.18130592
1425147303122,a,2.030283,-0.49799395,9.844957
1425147303132,r,-0.017469946,-0.026695762,-0.27171394
1425147303149,a,1.1492168,-0.34476504,9.998186
1425147303153,r,-0.02480033,0.012399617,-0.31936145
1425147303164,a,1.4556746,-0.6895301,9.844957
1425147303173,r,-0.021135136,-0.0083698025,-0.25216627
1425147303182,a,1.685518,-0.22984336,9.921572
1425147303195,r,-0.010139562,0.02095173,-0.25583145
1425147303202,a,1.8770541,-0.076614454,9.844957
1425147303213,r,-0.021135136,-0.03280441,-0.38289142
1425147303223,a,1.3790601,0.22984336,9.844957
1425147303233,r,-0.02480033,-0.0059263417,-0.36700892
1425147303242,a,0.5363012,0.22984336,9.959879
1425147303254,r,-0.0028091818,0.007512694,-0.28515297
1425147303262,a,0.7661445,-0.15322891,9.80665
1425147303275,r,-0.010139562,-0.0059263417,-0.23994897
1425147303286,a,1.4939818,-0.076614454,9.883265
1425147303294,r,-0.012583025,-0.070678055,-0.39266527
1425147303305,a,1.1875241,-0.11492168,9.844957
1425147303314,r,-0.013804756,-0.010813263,-0.6382331
1425147303322,a,0.49799395,-0.038307227,9.959879
1425147303335,r,-0.0113612935,-0.042578258,-0.6785502
1425147303342,a,-0.91937345,-0.15322891,10.036493
1425147303353,r,-0.016248215,-0.049908638,-0.5783683
1425147303365,a,-0.8810662,-0.11492168,10.036493
1425147303373,r,-0.02480033,-0.06701287,-0.4500866
1425147303388,a,-0.30645782,-0.038307227,9.80665
1425147303395,r,-0.013804756,-0.060904212,-0.4610822
1425147303405,a,0.30645782,-0.19153613,10.036493
1425147303414,r,-0.0235786,-0.0682346,-0.5820335
1425147303422,a,-0.5363012,-0.076614454,9.959879
1425147303433,r,-0.026022062,-0.031582683,-0.4818516
1425147303442,a,-0.7661445,-0.076614454,9.959879
1425147303462,a,-0.49799395,-0.4213795,9.883265
1425147303466,r,-0.021135136,-0.053573832,-0.3743393
1425147303483,a,-0.19153613,-0.45968673,10.036493
1425147303486,r,-0.017469946,-0.045021717,-0.35112643
1425147303503,a,-0.5363012,-0.30645782,9.921572
1425147303507,r,-0.037017636,0.003847503,-0.5893639
1425147303522,a,-0.9959879,-0.2681506,10.0748005
1425147303525,r,-0.038239367,-0.0083698025,-0.6809937
1425147303542,a,-1.4173675,0.038307227,9.998186
1425147303548,r,-0.02846552,-0.037691336,-0.64067656
1425147303562,a,-1.4173675,-0.34476504,9.998186
1425147303566,r,-0.018691678,-0.023030568,-0.5380512
1425147303583,a,-1.9536686,0.0,9.959879
1425147303586,r,-0.040682822,-0.020587109,-0.80072325
1425147303603,a,-2.2601264,0.11492168,10.036493
1425147303606,r,-0.041904554,-0.048686907,-0.86791843
1425147303623,a,-2.3750482,-0.11492168,9.998186
1425147303628,r,-0.026022062,-0.02913922,-0.8776923
1425147303643,a,-3.371036,-0.11492168,10.0748005
1425147303647,r,-0.022356868,-0.04746518,-0.67366326
1425147303664,a,-3.4859576,0.15322891,10.0748005
1425147303667,r,-0.0076961033,-0.037691336,-0.38533488
1425147303683,a,-3.2561142,0.15322891,10.0748005
1425147303687,r,-0.0113612935,-0.018143646,-0.07868054
1425147303704,a,-2.2601264,0.076614454,9.998186
1425147303708,r,-0.0113612935,-0.05846075,-0.0053767134
1425147303723,a,-1.8004397,0.15322891,9.998186
1425147303728,r,-0.02480033,-0.064569406,-0.053024203
1425147303743,a,-1.5705963,0.076614454,9.998186
1425147303746,r,-0.015026484,-0.0682346,-0.23750551
1425147303763,a,-1.1109096,-0.2681506,9.998186
1425147303766,r,-0.018691678,-0.04379999,-0.12754977
1425147303787,a,0.2681506,-0.038307227,9.921572
1425147303791,r,-0.019913409,-0.038913064,0.0031754
1425147303803,a,0.0,0.2681506,9.921572
1425147303806,r,-0.026022062,-0.016921915,-0.0053767134
1425147303823,a,0.34476504,-0.2681506,9.921572
1425147303825,r,-0.02724379,-0.0010394184,-0.1251063
1425147303842,a,0.2681506,0.038307227,9.921572
1425147303846,r,-0.0235786,-0.009591532,-0.13732362
1425147303862,a,0.38307226,-0.15322891,9.921572
1425147303870,r,-0.021135136,-0.015700184,-0.1214411
1425147303882,a,0.38307226,-0.11492168,9.921572
1425147303885,r,-0.017469946,0.0026257727,-0.055467665
1425147303903,r,-0.019913409,0.007512694,-0.023702672
1425147303912,a,0.5363012,-0.19153613,9.921572
1425147303922,r,-0.017469946,1.8231105E-4,0.0031754
1425147303932,a,0.2681506,0.0,9.921572
1425147303942,r,-0.019913409,-0.013256724,-0.0017115222
1425147303963,r,-0.015026484,-0.014478455,7.31939E-4
1425147303983,r,-0.019913409,-0.0083698025,-0.0017115222
1425147304006,a,0.11492168,-0.5363012,9.921572
1425147304009,r,-0.013804756,-0.0083698025,-0.037141703
1425147304023,a,0.076614454,-0.6895301,9.921572
1425147304028,r,-0.012583025,0.003847503,0.05082289
1425147304042,a,-0.11492168,-0.6895301,9.921572
1425147304045,r,-0.016248215,0.016064808,0.06670538
1425147304062,a,-0.30645782,-1.1492168,9.959879
1425147304065,r,-0.018691678,0.02095173,0.022723088
1425147304082,a,-0.5746084,-1.3024458,9.959879
1425147304087,r,-0.02480033,-0.016921915,-0.0029332526
1425147304102,a,-0.6895301,-1.4939818,9.959879
1425147304105,r,-0.026022062,-0.02913922,0.03005347
1425147304130,a,-0.8810662,-1.9919758,9.959879
1425147304132,r,-0.026022062,0.01728654,0.04960116
1425147304142,a,-0.9576807,-1.7621324,9.998186
1425147304145,r,-0.015026484,0.009956155,0.12290499
1425147304162,a,-0.80445176,-1.8770541,9.959879
1425147304174,r,-0.008917835,0.038055956,0.24019112
1425147304182,a,-0.38307226,-2.183512,9.959879
1425147304193,r,-0.012583025,0.006290964,0.42589417
1425147304197,r,-0.026022062,0.003847503,0.36602935
1425147304205,a,0.5363012,-2.2984335,9.883265
1425147304223,a,0.8810662,-2.2984335,9.883265
1425147304232,r,-0.006474372,-0.020587109,0.28295168
1425147304242,a,0.8810662,-2.2601264,9.921572
1425147304255,r,-0.008917835,-0.0083698025,0.11068769
1425147304262,a,0.5746084,-2.183512,9.921572
1425147304272,r,-0.019913409,-0.0034828791,0.0141709745
1425147304282,a,0.2681506,-1.6089035,9.921572
1425147304292,r,-0.0076961033,-0.063347675,0.21086958
1425147304302,a,0.8810662,-1.8004397,9.883265
1425147304312,r,-0.018691678,-0.02791749,0.107022494
1425147304327,a,0.7661445,-0.6895301,9.921572
1425147304332,r,-0.016248215,-0.18429899,0.358699
1425147304346,a,1.3024458,-2.336741,9.921572
1425147304352,r,-3.657192E-4,-0.046243448,0.11313114
1425147304363,a,1.5705963,-0.38307226,9.844957
1425147304372,r,-0.018691678,-0.042578258,-0.13610189
1425147304382,a,1.3024458,-0.8810662,9.883265
1425147304393,r,-0.018691678,-0.063347675,-0.28881818
1425147304413,a,0.5746084,-0.038307227,9.883265
1425147304416,r,-0.019913409,0.030725572,-0.16420168
1425147304436,a,0.80445176,-0.38307226,9.883265
1425147304439,r,-0.016248215,0.028282113,-0.13732362
1425147304453,a,0.9576807,-0.076614454,9.921572
1425147304455,r,-0.02724379,0.031947304,-0.29981375
1425147304472,a,0.61291564,0.5746084,9.921572
1425147304475,r,-0.0235786,0.053938452,-0.23384032
1425147304492,a,0.22984336,0.45968673,9.921572
1425147304495,r,-0.015026484,0.06859922,-0.28637472
1425147304512,a,-0.15322891,0.4213795,9.883265
1425147304515,r,-0.018691678,0.018508269,-0.19474494
1425147304532,a,0.842759,-0.038307227,9.883265
1425147304535,r,-0.0235786,0.14556824,-0.068906695
1425147304552,a,-0.30645782,-0.842759,9.921572
1425147304555,r,-0.008917835,0.028282113,0.15222651
1425147304572,a,-0.61291564,-0.11492168,9.959879
1425147304575,r,-0.02480033,0.031947304,-0.19474494
1425147304592,a,-0.38307226,0.9959879,9.844957
1425147304596,r,-0.02724379,-0.019365378,-0.32424837
1425147304612,a,-0.2681506,1.4173675,10.036493
1425147304615,r,-0.017469946,0.016064808,-0.18008418
1425147304633,a,0.076614454,0.30645782,9.959879
1425147304636,r,-0.018691678,-0.069456324,-0.18130592
1425147304653,a,0.038307227,0.34476504,9.883265
1425147304656,r,-0.018691678,-0.009591532,-0.34013087
1425147304673,a,-0.49799395,0.80445176,9.998186
1425147304676,r,-0.012583025,-0.062125944,-0.23261859
1425147304695,a,-0.30645782,0.80445176,9.921572
1425147304699,r,-0.012583025,-0.016921915,-0.17641899
1425147304713,a,0.30645782,0.9576807,9.844957
1425147304718,r,-0.008917835,-0.048686907,-0.116554186
1425147304733,a,-0.038307227,1.4173675,9.921572
1425147304738,r,-0.010139562,-0.07556498,-0.07501535
1425147304752,a,0.11492168,1.7238252,9.921572
1425147304758,r,-0.016248215,-0.040134795,-0.16175823
1425147304772,a,-0.076614454,1.4556746,9.883265
1425147304776,r,-0.016248215,-0.04379999,0.045935966
1425147304797,a,-0.19153613,-0.038307227,9.921572
1425147304800,r,-0.015026484,-0.035247874,0.13878748
1425147304815,a,-0.30645782,-0.22984336,9.959879
1425147304820,r,-0.018691678,0.0087344255,0.08014442
1425147304835,a,-0.8810662,0.49799395,9.959879
1425147304842,r,-0.015026484,-0.042578258,-0.093341306
1425147304852,a,-0.4213795,0.9959879,9.921572
1425147304855,r,-0.0076961033,-0.04746518,-0.14465399
1425147304872,a,0.7278373,0.5746084,9.883265
1425147304875,r,-0.010139562,-0.010813263,-0.023702672
1425147304892,a,0.842759,1.3790601,9.921572
1425147304895,r,-0.013804756,-0.06701287,0.09602692
1425147304912,a,0.91937345,2.2218192,9.844957
1425147304916,r,-0.021135136,-0.15253401,-0.14709745
1425147304932,a,0.38307226,2.4133554,9.883265
1425147304936,r,-0.022356868,-0.18429899,-0.48429507
1425147304952,a,-0.15322891,2.528277,9.921572
1425147304958,r,-0.03090898,-0.20018148,-0.566151
1425147304973,a,0.30645782,2.834735,9.921572
1425147304978,r,-0.02724379,-0.079230174,-0.49162543
1425147304999,a,0.9959879,2.4516625,9.844957
1425147305002,r,-0.033352442,-0.1965163,-0.35845682
1425147305014,a,0.9576807,2.2218192,9.844957
1425147305019,r,-0.018691678,-0.09755613,-0.34746125
1425147305033,a,1.1109096,1.8770541,9.883265
1425147305038,r,-0.010139562,-0.037691336,-0.23017512
1425147305052,a,1.2641385,1.3790601,9.844957
1425147305055,r,-0.015026484,-0.0242523,0.0630402
1425147305072,a,0.6895301,0.80445176,9.883265
1425147305076,r,-0.021135136,-0.013256724,0.005618861
1425147305092,a,0.7661445,0.80445176,9.883265
1425147305095,r,-0.021135136,-0.019365378,-0.0017115222
1425147305113,a,0.61291564,0.9576807,9.883265
1425147305116,r,-0.021135136,-0.049908638,-0.123884566
1425147305132,a,0.2681506,-0.15322891,9.921572
1425147305136,r,-0.022356868,0.01973,-0.23384032
1425147305152,a,0.0,-0.45968673,9.921572
1425147305156,r,-0.029687252,0.08203825,-0.29859203
1425147305172,a,0.30645782,-0.38307226,9.998186
1425147305177,r,-0.03090898,0.47054854,-0.17641899
1425147305193,a,0.45968673,0.038307227,10.342952
1425147305196,r,-0.02480033,1.1290613,-0.21062744
1425147305218,a,0.45968673,-0.076614454,10.036493
1425147305223,r,-0.0113612935,1.2377954,-0.038363434
1425147305234,a,-0.34476504,0.0,8.963891
1425147305237,r,-0.013804756,-0.22217263,-0.004154983
1425147305252,a,0.30645782,0.0,10.572795
1425147305255,r,-0.016248215,-0.85014206,-0.02125921
1425147305273,a,0.22984336,0.0,10.419566
1425147305278,r,-0.0235786,0.68068624,0.021501357
1425147305293,a,-0.19153613,0.0,9.500193
1425147305298,r,-0.019913409,0.25796744,0.011727514
1425147305317,a,-0.19153613,0.038307227,9.308656
1425147305321,r,-0.019913409,-0.61556983,-0.013928827
1425147305338,a,0.30645782,0.038307227,10.457873
1425147305343,r,-0.0076961033,-0.19162938,-0.0053767134
1425147305359,a,0.0,0.0,9.959879
1425147305364,r,-0.02480033,0.6476995,0.0141709745
1425147305378,a,-0.19153613,0.038307227,9.346964
1425147305382,r,-0.018691678,-0.26982012,-0.0065984437
1425147305393,a,-0.076614454,0.0,9.844957
1425147305399,r,-0.0076961033,-0.41398433,-0.0053767134
1425147305413,a,0.11492168,0.0,10.151415
1425147305418,r,-0.017469946,0.34226686,0.0068405913
1425147305436,a,-0.15322891,0.0,9.500193
1425147305442,r,-0.021135136,0.18955053,0.010505782
1425147305462,a,-0.11492168,0.038307227,9.615114
1425147305469,r,-0.019913409,-0.5068358,-0.010263635
1425147305477,a,0.15322891,0.0,10.228029
1425147305483,r,-0.013804756,0.12846401,-4.897914E-4
1425147305500,a,-0.076614454,0.0,9.691729
1425147305512,a,-0.11492168,0.0,9.615114
1425147305515,r,-0.021135136,0.2518588,0.0068405913
1425147305518,r,-0.02724379,-0.3211328,-0.007820174
1425147305532,a,0.11492168,0.0,10.189722
1425147305535,r,-0.022356868,-0.040134795,-0.0029332526
1425147305552,a,0.11492168,0.0,10.151415
1425147305555,r,-0.015026484,0.27384993,0.009284053
1425147305573,a,-0.038307227,0.0,9.80665
1425147305576,r,-0.022356868,-0.29914165,-0.004154983
1425147305592,a,0.11492168,0.038307227,10.189722
1425147305612,a,0.038307227,0.0,9.959879
1425147305618,r,-0.0113612935,0.09914248,0.0031754
1425147305620,r,-0.019913409,0.17366804,0.0031754
1425147305638,a,-0.076614454,0.0,9.653421
1425147305644,r,-0.008917835,-0.21484226,0.0019536694
1425147305658,a,0.076614454,0.038307227,10.0748005
1425147305674,a,-0.038307227,0.0,9.768343
1425147305679,r,-0.022356868,0.14678997,0.008062322
1425147305692,a,0.038307227,0.0,9.883265
1425147305704,r,-0.018691678,-0.08411709,-0.0053767134
1425147305719,a,0.076614454,0.0,10.036493
1425147305723,r,-0.02724379,-0.012034993,-0.0065984437
1425147305725,r,-0.019913409,0.11746844,-4.897914E-4
1425147305738,a,0.0,0.0,9.844957
1425147305752,a,0.076614454,0.0,10.036493
1425147305756,r,-0.012583025,-0.12199074,-4.897914E-4
1425147305772,a,0.0,0.0,9.883265
1425147305776,r,-0.029687252,0.075929604,-4.897914E-4
1425147305792,a,0.076614454,0.0,9.998186
1425147305795,r,-0.016248215,-0.060904212,0.0019536694
1425147305812,a,0.0,0.038307227,9.883265
1425147305817,r,-0.016248215,1.8231105E-4,0.0019536694
1425147305833,r,-0.02480033,0.033169035,-4.897914E-4
1425147305853,a,0.038307227,0.0,9.998186
1425147305858,r,-0.02724379,-0.064569406,-0.0017115222
1425147305872,a,0.0,0.0,9.883265
1425147305876,r,-0.018691678,0.04416461,0.0068405913
1425147305892,a,0.038307227,0.0,9.998186
1425147305895,r,-0.0113612935,-0.054795563,7.31939E-4
1425147305912,a,0.038307227,0.0,9.921572
1425147305918,r,-0.021135136,0.014843077,-4.897914E-4
1425147305933,a,0.0,0.038307227,9.921572
1425147305936,r,-0.012583025,-0.013256724,0.0068405913
1425147305957,a,0.0,0.0,9.921572
1425147305960,r,-0.019913409,-0.018143646,0.0043971306
1425147305973,r,-0.013804756,1.8231105E-4,0.0031754
1425147305993,r,-0.02480033,-0.014478455,-0.0017115222
1425147306014,a,0.038307227,0.0,9.921572
1425147306022,r,-0.008917835,0.006290964,-0.0017115222
1425147306026,a,0.30645782,0.038307227,11.683704
1425147306032,r,-0.018691678,0.14312477,0.008062322
1425147306044,a,-0.2681506,0.0,9.576807
1425147306056,r,-0.038239367,1.6507403,0.042270772
1425147306062,a,-0.91937345,0.076614454,6.5122285
