0,N,0,0,0
1429728643453211024,a,-0.022507783,0.03485331,0.0397556
1429728643473221348,a,0.03523181,0.020885805,0.050103586
1429728643493231672,a,0.017944265,-0.031016897,0.049552627
1429728643513241996,a,0.002684013,-0.017314935,0.049432952
1429728643533252320,a,-5.699463E-4,-0.03781749,0.056393433
1429728643553262644,a,-0.04025343,-0.007025361,0.032094564
1429728642212455988,a,0.0047911457,-0.023766778,-0.017783782
1429728642232470020,a,0.006031988,-0.009843388,-0.024833474
1429728642252484052,a,-0.0018904682,-0.014126244,0.08037107
1429728642272498084,a,0.03243584,0.024843639,0.038114958
1429728655117874971,a,0.0032688123,-0.0013485001,0.015900074
1429728655137874971,a,-0.019245852,0.05693763,0.020855308
1429728655157874971,a,0.021467917,0.045538265,0.064452335
1429728655177874971,a,0.018561017,0.008765663,0.061705094
1429728655197874971,a,-0.044304475,-0.007517722,-0.03752703
1429728655217874971,a,-0.01069323,-0.031316675,0.10643199
1429728655237874971,a,0.029473696,-0.0153624695,0.0065840897
1429728655257874971,a,0.026242608,0.004866139,0.030655758
1429728655277874971,a,0.05621415,0.030963134,0.0025826422
1429728655297874971,a,0.0141991135,0.00405891,-0.04136287
1429728655317874971,a,-0.012641888,0.016530778,-9.413746E-4
1429728655337874971,a,-0.056606486,-0.009265523,0.02692639
1429728655357874971,a,-0.02435789,-0.005736861,-0.034827396
1429728655377874971,a,0.043986525,-0.06249828,0.037519563
1429728655397874971,a,0.060804036,0.019504108,0.021712787
1429728655417874971,a,0.0137205515,0.046240084,0.05238245
1429728655437874971,a,-0.025049068,-0.0032841493,0.022650316
1429728655457874971,a,-0.004605575,-0.044145215,0.07527971
1429728655477874971,a,-8.960993E-4,0.012148734,0.042294994
1429728655497874971,a,0.058462728,0.00783235,0.012002872
1429728655517874971,a,0.025751278,0.05266884,0.05980027
1429728655537874971,a,0.0029304987,0.010484137,-0.015130865
1429728655557874971,a,-0.050430823,-0.049598135,0.04342404
1429728655577874971,a,-0.07239004,-0.06340377,0.050170995
1429728655597874971,a,-0.008619736,0.026658392,0.06864656
1429728655617874971,a,0.035175566,0.04693292,0.0766445
1429728655637874971,a,0.07260738,0.012328454,0.014641795
1429728655657874971,a,0.06209639,-0.014247214,0.026232984
1429728655677874971,a,-0.05139236,-0.021600222,0.07239105
1429728655697874971,a,-0.067095995,0.0056917025,0.026895989
1429728655717874971,a,-0.0451533,0.041742675,0.041892767
1429728655737874971,a,-0.0027717059,-0.012250517,0.0109302625
1429728655757874971,a,0.13246696,-0.05795585,0.08676172
1429728655777874971,a,0.049574908,-0.059583634,0.044829693
1429728655797874971,a,-0.044107527,0.038259204,0.020318577
1429728655817874971,a,-0.06740809,0.05836166,0.0033803587
1429728655837874971,a,-0.0010364848,0.054445677,0.01870274
1429728655857874971,a,0.065489076,-0.07037711,0.061735366
1429728655877874971,a,0.054406263,-0.07012809,-0.0964632
1429728655897874971,a,0.061461065,0.041940156,0.029104283
1429728655917874971,a,-0.026675545,0.0687425,0.051964488
1429728655937874971,a,-0.033343576,0.01621401,-0.0036525775
1429728655957874971,a,0.0026631467,-0.08922558,0.022331528
1429728655977874971,a,0.029264757,-0.0017727782,-0.04357971
1429728643453211024,a,-0.022507783,0.03485331,0.0397556
1429728643473221348,a,0.03523181,0.020885805,0.050103586
1429728643493231672,a,0.017944265,-0.031016897,0.049552627
1429728643513241996,a,0.002684013,-0.017314935,0.049432952
1429728643533252320,a,-5.699463E-4,-0.03781749,0.056393433
1429728643553262644,a,-0.04025343,-0.007025361,0.032094564
1429728642212455988,a,0.0047911457,-0.023766778,-0.017783782
1429728642232470020,a,0.006031988,-0.009843388,-0.024833474
1429728642252484052,a,-0.0018904682,-0.014126244,0.08037107
1429728642272498084,a,0.03243584,0.024843639,0.038114958
0,N,0,0,0
1429728655997874971,a,0.024243563,0.030637166,0.059581712
1429728656017874971,a,0.038707446,0.032749996,0.08376073
1429728656037874971,a,0.01776684,-0.040373664,0.037339497
1429728656057874971,a,0.011957154,-0.0025529917,0.008837152
1429728656077874971,a,-0.025895743,0.010263512,0.06824329
1429728656097874971,a,-0.019627588,-0.005184873,0.04665709
1429728656117874971,a,0.025297074,-0.003230019,0.061710298
1429728656137874971,a,0.016882082,0.016912747,-0.04600235
1429728656157874971,a,0.009061181,0.06680519,-0.007391182
1429728656177874971,a,0.0071370713,0.051764578,0.052321985
1429728655117874971,a,0.0032688123,-0.0013485001,0.015900074
1429728655137874971,a,-0.019245852,0.05693763,0.020855308
1429728655157874971,a,0.021467917,0.045538265,0.064452335
1429728655177874971,a,0.018561017,0.008765663,0.061705094
1429728655197874971,a,-0.044304475,-0.007517722,-0.03752703
1429728655217874971,a,-0.01069323,-0.031316675,0.10643199
1429728655237874971,a,0.029473696,-0.0153624695,0.0065840897
1429728655257874971,a,0.026242608,0.004866139,0.030655758
1429728655277874971,a,0.05621415,0.030963134,0.0025826422
1429728655297874971,a,0.0141991135,0.00405891,-0.04136287
1429728655317874971,a,-0.012641888,0.016530778,-9.413746E-4
1429728655337874971,a,-0.056606486,-0.009265523,0.02692639
1429728655357874971,a,-0.02435789,-0.005736861,-0.034827396
1429728655377874971,a,0.043986525,-0.06249828,0.037519563
1429728655397874971,a,0.060804036,0.019504108,0.021712787
1429728655417874971,a,0.0137205515,0.046240084,0.05238245
1429728655437874971,a,-0.025049068,-0.0032841493,0.022650316
1429728655457874971,a,-0.004605575,-0.044145215,0.07527971
1429728655477874971,a,-8.960993E-4,0.012148734,0.042294994
1429728655497874971,a,0.058462728,0.00783235,0.012002872
1429728655517874971,a,0.025751278,0.05266884,0.05980027
1429728655537874971,a,0.0029304987,0.010484137,-0.015130865
1429728655557874971,a,-0.050430823,-0.049598135,0.04342404
1429728655577874971,a,-0.07239004,-0.06340377,0.050170995
1429728655597874971,a,-0.008619736,0.026658392,0.06864656
1429728655617874971,a,0.035175566,0.04693292,0.0766445
1429728655637874971,a,0.07260738,0.012328454,0.014641795
1429728655657874971,a,0.06209639,-0.014247214,0.026232984
1429728655677874971,a,-0.05139236,-0.021600222,0.07239105
1429728655697874971,a,-0.067095995,0.0056917025,0.026895989
1429728655717874971,a,-0.0451533,0.041742675,0.041892767
1429728655737874971,a,-0.0027717059,-0.012250517,0.0109302625
1429728655757874971,a,0.13246696,-0.05795585,0.08676172
1429728655777874971,a,0.049574908,-0.059583634,0.044829693
1429728655797874971,a,-0.044107527,0.038259204,0.020318577
1429728655817874971,a,-0.06740809,0.05836166,0.0033803587
1429728655837874971,a,-0.0010364848,0.054445677,0.01870274
1429728655857874971,a,0.065489076,-0.07037711,0.061735366
1429728655877874971,a,0.054406263,-0.07012809,-0.0964632
1429728655897874971,a,0.061461065,0.041940156,0.029104283
1429728655917874971,a,-0.026675545,0.0687425,0.051964488
1429728655937874971,a,-0.033343576,0.01621401,-0.0036525775
1429728655957874971,a,0.0026631467,-0.08922558,0.022331528
1429728655977874971,a,0.029264757,-0.0017727782,-0.04357971
1429728643453211024,a,-0.022507783,0.03485331,0.0397556
1429728643473221348,a,0.03523181,0.020885805,0.050103586
1429728643493231672,a,0.017944265,-0.031016897,0.049552627
1429728643513241996,a,0.002684013,-0.017314935,0.049432952
1429728643533252320,a,-5.699463E-4,-0.03781749,0.056393433
1429728643553262644,a,-0.04025343,-0.007025361,0.032094564
1429728642212455988,a,0.0047911457,-0.023766778,-0.017783782
1429728642232470020,a,0.006031988,-0.009843388,-0.024833474
1429728642252484052,a,-0.0018904682,-0.014126244,0.08037107
1429728642272498084,a,0.03243584,0.024843639,0.038114958
1429728656197874971,a,-0.18691307,0.15033285,0.016728632
1429728656217874971,a,-0.051605295,0.27313834,-0.068778805
1429728656237874971,a,0.070998006,-0.28026265,-0.06933072
1429728656257874971,a,0.20112307,-0.83616894,-0.026522204
1429728656277874971,a,0.08124559,-0.22071046,0.029701073
1429728656297874971,a,-0.12983872,0.70709944,0.048189882
1429728656317874971,a,-0.17393336,0.75391287,0.031541806
1429728656337874971,a,0.05346413,-0.12638618,0.025114981
1429728656357874971,a,0.0555075,-0.54868346,0.08847417
1429728656377874971,a,-0.06932666,-0.2158155,0.034555115
1429728656397874971,a,-0.077653326,0.11273606,0.030020317
1429728656417874971,a,0.04980886,0.088879086,-0.047299016
1429728656437874971,a,0.1036151,0.037372,0.04885084
1429728656457874971,a,0.056517135,0.12607346,0.034558788
1429728656477874971,a,0.010089204,0.0064138733,0.020860253
1429728656497874971,a,-0.061855935,-0.20335032,-0.09459427
1429728656517874971,a,-0.07196164,-0.13203068,0.095069304
1429728656537874971,a,0.028754294,0.07703116,0.033714745
1429728656557874971,a,0.09157229,0.09280983,0.09465927
1429728656577874971,a,0.1613127,-0.008645161,0.022989728
1429728656597874971,a,-0.01023898,-0.0490456,0.017676726
1429728656617874971,a,-0.14571396,-0.003237965,0.07350755
1429728656637874971,a,-0.13905543,0.06454517,0.033500325
1429728656657874971,a,0.0035054462,-5.1157374E-5,0.020704731
1429728656677874971,a,0.13732494,0.015626013,0.051572002
1429728656697874971,a,0.20726627,-0.04472131,-0.019739138
1429728656717874971,a,0.030198388,-0.13343993,0.024728272
1429728656737874971,a,-0.15482025,-0.010126404,0.0062533226
1429728656757874971,a,-0.19156526,0.12899281,-2.5519577E-4
1429728656777874971,a,-0.067292616,0.11373477,0.023050323
1429728656797874971,a,0.16630512,0.015332781,0.08791195
1429728656817874971,a,0.12708867,-0.1554312,0.09300358
1429728656837874971,a,0.04497248,-0.01899771,0.07863167
1429728656857874971,a,-0.068335176,0.0061515113,0.09390851
1429728656877874971,a,-0.008023398,-0.08971929,-0.0042074565
1429728656897874971,a,-0.046269033,-0.04756654,3.7997332E-4
1429728656917874971,a,-0.026540002,0.18604808,0.07459306
1429728656937874971,a,0.0015455658,0.24244167,0.0014747566
1429728656957874971,a,0.04241783,-0.05656716,0.02810045
1429728656977874971,a,0.028076453,-0.26894605,0.06903314
1429728656997874971,a,-0.07191075,-0.13847916,0.06635494
1429728657017874971,a,0.0023084346,0.13039203,0.06496102
1429728657037874971,a,-0.009059366,0.14239943,-0.11213412
1429728657057874971,a,0.055253573,0.041822642,0.22555462
1429728657077874971,a,0.03926722,-0.028305478,0.0067629674
1429728657097874971,a,0.018206842,-0.02548459,0.03281458
1429728657117874971,a,-0.029626142,-0.08852559,0.12729521
1429728657137874971,a,0.01979939,-0.09463124,-0.008504034
1429728657157874971,a,0.040589526,-0.023874134,-0.014724549
1429728657177874971,a,-0.032344654,0.110746935,-0.021772867
1429728657197874971,a,0.0150118815,0.17999372,0.10171371
1429728657217874971,a,0.010384275,-0.022833489,-0.06785403
1429728657237874971,a,0.021113336,-0.17914025,-0.030836487
1429728657257874971,a,0.029689021,-0.11402504,0.04654059
1429728657277874971,a,7.78899E-4,0.012095996,-0.03415036
1429728657297874971,a,-0.015843328,0.1243633,0.021704055
1429728657317874971,a,0.011523246,0.07550608,0.028859016
1429728657337874971,a,0.013298731,0.016072065,-0.012371559
1429728657357874971,a,-0.016552994,-0.11291906,-0.016421089
1429728657377874971,a,-0.029114343,-0.029828662,0.08234884
1429728657397874971,a,-0.028703986,-0.013506382,0.032220025
1429728657417874971,a,0.025518691,0.04644017,0.07908936
1429728657437874971,a,0.11029854,0.020217706,0.017854767
1429728657457874971,a,0.023136122,-0.017507572,0.025773944
1429728656957874971,a,0.04241783,-0.05656716,0.02810045
1429728656977874971,a,0.028076453,-0.26894605,0.06903314
1429728656997874971,a,-0.07191075,-0.13847916,0.06635494
1429728657017874971,a,0.0023084346,0.13039203,0.06496102
1429728657037874971,a,-0.009059366,0.14239943,-0.11213412
1429728657057874971,a,0.055253573,0.041822642,0.22555462
1429728657077874971,a,0.03926722,-0.028305478,0.0067629674
1429728657097874971,a,0.018206842,-0.02548459,0.03281458
1429728657117874971,a,-0.029626142,-0.08852559,0.12729521
1429728657137874971,a,0.01979939,-0.09463124,-0.008504034
1429728657157874971,a,0.040589526,-0.023874134,-0.014724549
1429728657177874971,a,-0.032344654,0.110746935,-0.021772867
1429728657197874971,a,0.0150118815,0.17999372,0.10171371
1429728657217874971,a,0.010384275,-0.022833489,-0.06785403
1429728657237874971,a,0.021113336,-0.17914025,-0.030836487
1429728657257874971,a,0.029689021,-0.11402504,0.04654059
1429728657277874971,a,7.78899E-4,0.012095996,-0.03415036
1429728657297874971,a,-0.015843328,0.1243633,0.021704055
1429728657317874971,a,0.011523246,0.07550608,0.028859016
1429728657337874971,a,0.013298731,0.016072065,-0.012371559
1429728657357874971,a,-0.016552994,-0.11291906,-0.016421089
1429728657377874971,a,-0.029114343,-0.029828662,0.08234884
1429728657397874971,a,-0.028703986,-0.013506382,0.032220025
1429728657417874971,a,0.025518691,0.04644017,0.07908936
1429728657437874971,a,0.11029854,0.020217706,0.017854767
1429728657457874971,a,0.023136122,-0.017507572,0.025773944
1429728657997874971,a,0.030557815,-0.08501757,0.015658919
1429728658017874971,a,0.054234315,-0.004427855,-0.0047739106
1429728658037874971,a,-0.013744604,0.013828147,0.05664794
1429728658057874971,a,-0.025435774,0.05893199,0.020983815
1429728658077874971,a,-0.028274467,-0.03782955,-0.030265098
1429728658097874971,a,-0.06751861,-0.06931852,0.079005316
1429728658117874971,a,0.03840037,-0.035509758,0.011453488
1429728658137874971,a,0.07816792,0.04190524,0.046302497
1429728658157874971,a,0.032211386,0.025688646,0.040682085
1429728658177874971,a,-0.013105962,-0.01737914,0.03720356
1429728658197874971,a,-0.019033834,-0.042089045,0.04166778
1429728658217874971,a,-0.058168437,-0.014058312,0.03417312
1429728656957874971,a,0.04241783,-0.05656716,0.02810045
1429728656977874971,a,0.028076453,-0.26894605,0.06903314
1429728656997874971,a,-0.07191075,-0.13847916,0.06635494
1429728657017874971,a,0.0023084346,0.13039203,0.06496102
1429728657037874971,a,-0.009059366,0.14239943,-0.11213412
1429728657057874971,a,0.055253573,0.041822642,0.22555462
1429728657077874971,a,0.03926722,-0.028305478,0.0067629674
1429728657097874971,a,0.018206842,-0.02548459,0.03281458
1429728657117874971,a,-0.029626142,-0.08852559,0.12729521
1429728657137874971,a,0.01979939,-0.09463124,-0.008504034
1429728657157874971,a,0.040589526,-0.023874134,-0.014724549
1429728657177874971,a,-0.032344654,0.110746935,-0.021772867
1429728657197874971,a,0.0150118815,0.17999372,0.10171371
1429728657217874971,a,0.010384275,-0.022833489,-0.06785403
1429728657237874971,a,0.021113336,-0.17914025,-0.030836487
1429728657257874971,a,0.029689021,-0.11402504,0.04654059
1429728657277874971,a,7.78899E-4,0.012095996,-0.03415036
1429728657297874971,a,-0.015843328,0.1243633,0.021704055
1429728657317874971,a,0.011523246,0.07550608,0.028859016
1429728657337874971,a,0.013298731,0.016072065,-0.012371559
1429728657357874971,a,-0.016552994,-0.11291906,-0.016421089
1429728657377874971,a,-0.029114343,-0.029828662,0.08234884
1429728657397874971,a,-0.028703986,-0.013506382,0.032220025
1429728657417874971,a,0.025518691,0.04644017,0.07908936
1429728657437874971,a,0.11029854,0.020217706,0.017854767
1429728657457874971,a,0.023136122,-0.017507572,0.025773944
0,N,0,0,0
1429728658237874971,a,-0.029410044,0.006226166,0.10184367
1429728658257874971,a,0.018709524,-0.0067226808,0.059327416
1429728658277874971,a,0.064882435,0.030652681,0.0076911016
1429728658297874971,a,0.044173915,-0.0043815686,0.050149273
1429728658317874971,a,0.012841286,-0.0070470045,0.040081892
1429728658337874971,a,-0.06601671,-0.042667687,0.050536748
1429728658357874971,a,-0.0736753,-0.079254046,0.054860625
1429728658377874971,a,-0.0011677401,-0.03046959,0.07796192
1429728658397874971,a,0.034488816,0.020302096,0.033482857
1429728658417874971,a,0.04551298,0.025809761,-0.011795036
1429728658437874971,a,-0.0146115525,0.026813807,-0.0030979922
1429728658457874971,a,-0.015151115,-0.022629179,0.099378705
1429728658477874971,a,-0.044756766,-0.07853205,0.067264654
1429728658497874971,a,-0.023300312,-0.02669309,0.08964115
1429728658517874971,a,0.04193705,0.0051903115,0.08133651
1429728658537874971,a,0.024349412,0.022999495,0.09082724
1429728658557874971,a,0.013213407,0.025039207,0.045186732
1429728658577874971,a,-0.023044718,-0.04775258,-0.032681867
1429728658597874971,a,-0.054212246,-0.03991028,-0.021092558
1429728658617874971,a,-0.018471215,-0.07515075,-0.078378156
1429728658637874971,a,-0.009241109,0.0078081037,0.0135588525
1429728658657874971,a,0.0038584743,0.0116652,0.06886452
1429728658677874971,a,-0.0075588175,0.013880175,0.0327994
1429728658697874971,a,-0.043734353,0.013640233,0.07536634
1429728658717874971,a,0.022034252,-0.025130063,0.0017246179
1429728658737874971,a,-0.020570438,-0.081910476,-0.032974623
1429728657997874971,a,0.030557815,-0.08501757,0.015658919
1429728658017874971,a,0.054234315,-0.004427855,-0.0047739106
1429728658037874971,a,-0.013744604,0.013828147,0.05664794
1429728658057874971,a,-0.025435774,0.05893199,0.020983815
1429728658077874971,a,-0.028274467,-0.03782955,-0.030265098
1429728658097874971,a,-0.06751861,-0.06931852,0.079005316
1429728658117874971,a,0.03840037,-0.035509758,0.011453488
1429728658137874971,a,0.07816792,0.04190524,0.046302497
1429728658157874971,a,0.032211386,0.025688646,0.040682085
1429728658177874971,a,-0.013105962,-0.01737914,0.03720356
1429728658197874971,a,-0.019033834,-0.042089045,0.04166778
1429728658217874971,a,-0.058168437,-0.014058312,0.03417312
1429728656957874971,a,0.04241783,-0.05656716,0.02810045
1429728656977874971,a,0.028076453,-0.26894605,0.06903314
1429728656997874971,a,-0.07191075,-0.13847916,0.06635494
1429728657017874971,a,0.0023084346,0.13039203,0.06496102
1429728657037874971,a,-0.009059366,0.14239943,-0.11213412
1429728657057874971,a,0.055253573,0.041822642,0.22555462
1429728657077874971,a,0.03926722,-0.028305478,0.0067629674
1429728657097874971,a,0.018206842,-0.02548459,0.03281458
1429728657117874971,a,-0.029626142,-0.08852559,0.12729521
1429728657137874971,a,0.01979939,-0.09463124,-0.008504034
1429728657157874971,a,0.040589526,-0.023874134,-0.014724549
1429728657177874971,a,-0.032344654,0.110746935,-0.021772867
1429728657197874971,a,0.0150118815,0.17999372,0.10171371
1429728657217874971,a,0.010384275,-0.022833489,-0.06785403
1429728657237874971,a,0.021113336,-0.17914025,-0.030836487
1429728657257874971,a,0.029689021,-0.11402504,0.04654059
1429728657277874971,a,7.78899E-4,0.012095996,-0.03415036
1429728657297874971,a,-0.015843328,0.1243633,0.021704055
1429728657317874971,a,0.011523246,0.07550608,0.028859016
1429728657337874971,a,0.013298731,0.016072065,-0.012371559
1429728657357874971,a,-0.016552994,-0.11291906,-0.016421089
1429728657377874971,a,-0.029114343,-0.029828662,0.08234884
1429728657397874971,a,-0.028703986,-0.013506382,0.032220025
1429728657417874971,a,0.025518691,0.04644017,0.07908936
1429728657437874971,a,0.11029854,0.020217706,0.017854767
1429728657457874971,a,0.023136122,-0.017507572,0.025773944
1429728657037874971,a,-0.009059366,0.14239943,-0.11213412
1429728657057874971,a,0.055253573,0.041822642,0.22555462
1429728657077874971,a,0.03926722,-0.028305478,0.0067629674
1429728657097874971,a,0.018206842,-0.02548459,0.03281458
1429728657117874971,a,-0.029626142,-0.08852559,0.12729521
1429728657137874971,a,0.01979939,-0.09463124,-0.008504034
1429728657157874971,a,0.040589526,-0.023874134,-0.014724549
1429728657177874971,a,-0.032344654,0.110746935,-0.021772867
1429728657197874971,a,0.0150118815,0.17999372,0.10171371
1429728657217874971,a,0.010384275,-0.022833489,-0.06785403
1429728657237874971,a,0.021113336,-0.17914025,-0.030836487
1429728657257874971,a,0.029689021,-0.11402504,0.04654059
1429728657277874971,a,7.78899E-4,0.012095996,-0.03415036
1429728657297874971,a,-0.015843328,0.1243633,0.021704055
1429728657317874971,a,0.011523246,0.07550608,0.028859016
1429728657337874971,a,0.013298731,0.016072065,-0.012371559
1429728657357874971,a,-0.016552994,-0.11291906,-0.016421089
1429728657377874971,a,-0.029114343,-0.029828662,0.08234884
1429728657397874971,a,-0.028703986,-0.013506382,0.032220025
1429728657417874971,a,0.025518691,0.04644017,0.07908936
1429728657437874971,a,0.11029854,0.020217706,0.017854767
1429728657457874971,a,0.023136122,-0.017507572,0.025773944
1429728659197874971,a,0.02561192,-0.035101056,0.015913727
1429728659217874971,a,-0.012797948,-0.0036888348,0.02761355
1429728659237874971,a,0.002345783,0.001767449,0.08296293
1429728659257874971,a,0.04141725,0.006011583,0.05244939
1429728659277874971,a,0.019726204,-0.047713503,-0.03696591
1429728659297874971,a,0.030578185,0.004700662,-0.031532016
1429728659317874971,a,0.0021819915,0.0033847068,0.08297493
1429728659337874971,a,-0.01202472,0.020465562,0.06855332
1429728659357874971,a,-0.032942634,0.047925364,0.025389815
1429728659377874971,a,0.012883764,0.02830708,0.018704891
1429728659397874971,a,0.020171572,0.051349036,0.023807686
1429728659417874971,a,0.023204265,-0.028440656,0.030314958
1429728659437874971,a,-0.0066124112,-0.044191737,0.04170479
1429728659457874971,a,-0.030119367,-0.034836758,0.02707591
1429728659477874971,a,-0.002541998,0.006786641,-0.008057468
1429728659497874971,a,0.002284754,0.011954189,0.030373428
1429728659517874971,a,0.032990303,-0.013118035,0.08806662
1429728659537874971,a,-0.012797655,-0.036909845,0.008154514
1429728659557874971,a,-0.046230383,-0.02219149,0.05568477
1429728659577874971,a,-0.05627432,-0.022331545,0.02919604
1429728657037874971,a,-0.009059366,0.14239943,-0.11213412
1429728657057874971,a,0.055253573,0.041822642,0.22555462
1429728657077874971,a,0.03926722,-0.028305478,0.0067629674
1429728657097874971,a,0.018206842,-0.02548459,0.03281458
1429728657117874971,a,-0.029626142,-0.08852559,0.12729521
1429728657137874971,a,0.01979939,-0.09463124,-0.008504034
1429728657157874971,a,0.040589526,-0.023874134,-0.014724549
1429728657177874971,a,-0.032344654,0.110746935,-0.021772867
1429728657197874971,a,0.0150118815,0.17999372,0.10171371
1429728657217874971,a,0.010384275,-0.022833489,-0.06785403
1429728657237874971,a,0.021113336,-0.17914025,-0.030836487
1429728657257874971,a,0.029689021,-0.11402504,0.04654059
1429728657277874971,a,7.78899E-4,0.012095996,-0.03415036
1429728657297874971,a,-0.015843328,0.1243633,0.021704055
1429728657317874971,a,0.011523246,0.07550608,0.028859016
1429728657337874971,a,0.013298731,0.016072065,-0.012371559
1429728657357874971,a,-0.016552994,-0.11291906,-0.016421089
1429728657377874971,a,-0.029114343,-0.029828662,0.08234884
1429728657397874971,a,-0.028703986,-0.013506382,0.032220025
1429728657417874971,a,0.025518691,0.04644017,0.07908936
1429728657437874971,a,0.11029854,0.020217706,0.017854767
1429728657457874971,a,0.023136122,-0.017507572,0.025773944
0,N,0,0,0
1429728659597874971,a,0.012508304,0.008215087,0.116695516
1429728659617874971,a,0.054621972,0.02214295,0.08631517
1429728659637874971,a,0.09895183,0.020865308,0.04625135
1429728659657874971,a,0.0049539083,-0.006567166,0.025455076
1429728659677874971,a,-0.008429106,-0.04623488,-0.018211763
1429728659697874971,a,-0.0712139,-0.019666925,0.031394932
1429728659717874971,a,-0.0427467,-0.007912675,0.07502659
1429728659737874971,a,-0.020465966,0.009049769,0.010858114
1429728659757874971,a,0.05960088,0.039993584,-0.06670302
1429728659777874971,a,0.07635499,0.015937483,-0.030757813
1429728659797874971,a,-0.017726744,-0.014704276,0.029832762
1429728659817874971,a,-0.02867642,-0.09343174,0.08401248
1429728659837874971,a,0.01516289,-0.03499324,0.02055053
1429728659857874971,a,0.040164873,0.015918357,-0.009736287
1429728659877874971,a,0.058209613,0.060470603,0.079544194
1429728659897874971,a,0.051880367,0.053932868,-0.009053424
1429728659917874971,a,-0.01963209,0.03007622,0.01121694
1429728659937874971,a,4.896372E-4,-1.6617065E-5,0.06136789
1429728659957874971,a,-0.0044289557,-0.059168223,-0.015884854
1429728659977874971,a,0.0127524445,-0.06589923,-0.015691508
1429728659997874971,a,-0.009465506,0.011936781,0.0014678917
1429728660017874971,a,-0.007792447,0.042216647,0.08318968
1429728659197874971,a,0.02561192,-0.035101056,0.015913727
1429728659217874971,a,-0.012797948,-0.0036888348,0.02761355
1429728659237874971,a,0.002345783,0.001767449,0.08296293
1429728659257874971,a,0.04141725,0.006011583,0.05244939
1429728659277874971,a,0.019726204,-0.047713503,-0.03696591
1429728659297874971,a,0.030578185,0.004700662,-0.031532016
1429728659317874971,a,0.0021819915,0.0033847068,0.08297493
1429728659337874971,a,-0.01202472,0.020465562,0.06855332
1429728659357874971,a,-0.032942634,0.047925364,0.025389815
1429728659377874971,a,0.012883764,0.02830708,0.018704891
1429728659397874971,a,0.020171572,0.051349036,0.023807686
1429728659417874971,a,0.023204265,-0.028440656,0.030314958
1429728659437874971,a,-0.0066124112,-0.044191737,0.04170479
1429728659457874971,a,-0.030119367,-0.034836758,0.02707591
1429728659477874971,a,-0.002541998,0.006786641,-0.008057468
1429728659497874971,a,0.002284754,0.011954189,0.030373428
1429728659517874971,a,0.032990303,-0.013118035,0.08806662
1429728659537874971,a,-0.012797655,-0.036909845,0.008154514
1429728659557874971,a,-0.046230383,-0.02219149,0.05568477
1429728659577874971,a,-0.05627432,-0.022331545,0.02919604
1429728657037874971,a,-0.009059366,0.14239943,-0.11213412
1429728657057874971,a,0.055253573,0.041822642,0.22555462
1429728657077874971,a,0.03926722,-0.028305478,0.0067629674
1429728657097874971,a,0.018206842,-0.02548459,0.03281458
1429728657117874971,a,-0.029626142,-0.08852559,0.12729521
1429728657137874971,a,0.01979939,-0.09463124,-0.008504034
1429728657157874971,a,0.040589526,-0.023874134,-0.014724549
1429728657177874971,a,-0.032344654,0.110746935,-0.021772867
1429728657197874971,a,0.0150118815,0.17999372,0.10171371
1429728657217874971,a,0.010384275,-0.022833489,-0.06785403
1429728657237874971,a,0.021113336,-0.17914025,-0.030836487
1429728657257874971,a,0.029689021,-0.11402504,0.04654059
1429728657277874971,a,7.78899E-4,0.012095996,-0.03415036
1429728657297874971,a,-0.015843328,0.1243633,0.021704055
1429728657317874971,a,0.011523246,0.07550608,0.028859016
1429728657337874971,a,0.013298731,0.016072065,-0.012371559
1429728657357874971,a,-0.016552994,-0.11291906,-0.016421089
1429728657377874971,a,-0.029114343,-0.029828662,0.08234884
1429728657397874971,a,-0.028703986,-0.013506382,0.032220025
1429728657417874971,a,0.025518691,0.04644017,0.07908936
1429728657437874971,a,0.11029854,0.020217706,0.017854767
1429728657457874971,a,0.023136122,-0.017507572,0.025773944
1429728659357874971,a,-0.032942634,0.047925364,0.025389815
1429728659377874971,a,0.012883764,0.02830708,0.018704891
1429728659397874971,a,0.020171572,0.051349036,0.023807686
1429728659417874971,a,0.023204265,-0.028440656,0.030314958
1429728659437874971,a,-0.0066124112,-0.044191737,0.04170479
1429728659457874971,a,-0.030119367,-0.034836758,0.02707591
1429728659477874971,a,-0.002541998,0.006786641,-0.008057468
1429728659497874971,a,0.002284754,0.011954189,0.030373428
1429728659517874971,a,0.032990303,-0.013118035,0.08806662
1429728659537874971,a,-0.012797655,-0.036909845,0.008154514
1429728659557874971,a,-0.046230383,-0.02219149,0.05568477
1429728659577874971,a,-0.05627432,-0.022331545,0.02919604
1429728657037874971,a,-0.009059366,0.14239943,-0.11213412
1429728657057874971,a,0.055253573,0.041822642,0.22555462
1429728657077874971,a,0.03926722,-0.028305478,0.0067629674
1429728657097874971,a,0.018206842,-0.02548459,0.03281458
1429728657117874971,a,-0.029626142,-0.08852559,0.12729521
1429728657137874971,a,0.01979939,-0.09463124,-0.008504034
1429728657157874971,a,0.040589526,-0.023874134,-0.014724549
1429728657177874971,a,-0.032344654,0.110746935,-0.021772867
1429728657197874971,a,0.0150118815,0.17999372,0.10171371
1429728657217874971,a,0.010384275,-0.022833489,-0.06785403
1429728657237874971,a,0.021113336,-0.17914025,-0.030836487
1429728657257874971,a,0.029689021,-0.11402504,0.04654059
1429728657277874971,a,7.78899E-4,0.012095996,-0.03415036
1429728657297874971,a,-0.015843328,0.1243633,0.021704055
1429728657317874971,a,0.011523246,0.07550608,0.028859016
1429728657337874971,a,0.013298731,0.016072065,-0.012371559
1429728657357874971,a,-0.016552994,-0.11291906,-0.016421089
1429728657377874971,a,-0.029114343,-0.029828662,0.08234884
1429728657397874971,a,-0.028703986,-0.013506382,0.032220025
1429728657417874971,a,0.025518691,0.04644017,0.07908936
1429728657437874971,a,0.11029854,0.020217706,0.017854767
1429728657457874971,a,0.023136122,-0.017507572,0.025773944
1429728659437874971,a,-0.0066124112,-0.044191737,0.04170479
1429728659457874971,a,-0.030119367,-0.034836758,0.02707591
1429728659477874971,a,-0.002541998,0.006786641,-0.008057468
1429728659497874971,a,0.002284754,0.011954189,0.030373428
1429728659517874971,a,0.032990303,-0.013118035,0.08806662
1429728659537874971,a,-0.012797655,-0.036909845,0.008154514
1429728659557874971,a,-0.046230383,-0.02219149,0.05568477
1429728659577874971,a,-0.05627432,-0.022331545,0.02919604
1429728657037874971,a,-0.009059366,0.14239943,-0.11213412
1429728657057874971,a,0.055253573,0.041822642,0.22555462
1429728657077874971,a,0.03926722,-0.028305478,0.0067629674
1429728657097874971,a,0.018206842,-0.02548459,0.03281458
1429728657117874971,a,-0.029626142,-0.08852559,0.12729521
1429728657137874971,a,0.01979939,-0.09463124,-0.008504034
1429728657157874971,a,0.040589526,-0.023874134,-0.014724549
1429728657177874971,a,-0.032344654,0.110746935,-0.021772867
1429728657197874971,a,0.0150118815,0.17999372,0.10171371
1429728657217874971,a,0.010384275,-0.022833489,-0.06785403
1429728657237874971,a,0.021113336,-0.17914025,-0.030836487
1429728657257874971,a,0.029689021,-0.11402504,0.04654059
1429728657277874971,a,7.78899E-4,0.012095996,-0.03415036
1429728657297874971,a,-0.015843328,0.1243633,0.021704055
1429728657317874971,a,0.011523246,0.07550608,0.028859016
1429728657337874971,a,0.013298731,0.016072065,-0.012371559
1429728657357874971,a,-0.016552994,-0.11291906,-0.016421089
1429728657377874971,a,-0.029114343,-0.029828662,0.08234884
1429728657397874971,a,-0.028703986,-0.013506382,0.032220025
1429728657417874971,a,0.025518691,0.04644017,0.07908936
1429728657437874971,a,0.11029854,0.020217706,0.017854767
1429728657457874971,a,0.023136122,-0.017507572,0.025773944
0,N,0,0,0
1429728661318181171,a,0.119192034,-0.0051961336,0.0512933
1429728660657979079,a,0.028817967,-0.023630042,0.011436235
1429728660677985203,a,0.05810349,-0.0025993076,0.007282612
1429728660697991327,a,0.010537329,0.0236885,0.028365957
1429728660717997451,a,-0.01820799,-0.029283263,0.020255744
1429728660738003575,a,0.016672213,-0.03283104,0.0063793915
1429728660758009699,a,-0.012350944,-0.042207897,0.09924703
1429728660778015823,a,-0.01831687,-0.012480166,0.03478014
1429728660798021947,a,-0.012989399,-0.017824609,0.051573038
1429728660818028071,a,0.0053539006,0.06464229,0.07176643
1429728660838034195,a,0.004968252,0.0748961,0.076647855
1429728660858040319,a,0.0031487409,-0.017959781,0.01589401
1429728660878046443,a,-0.0056133233,-0.09551276,0.055749673
1429728660898052567,a,-0.028435972,-0.12850632,0.04073855
1429728660918058691,a,-0.01947957,0.031107133,0.061502416
1429728660938064815,a,0.021205716,0.055172835,-0.035844687
1429728660958070939,a,0.055577558,-0.067629136,-0.06039767
1429728660978077063,a,0.063822806,-8.5937313E-4,0.064859465
1429728660998083187,a,-0.0029058354,-0.019348944,0.0852354
1429728661018089311,a,-0.04797355,-0.08601417,0.026474897
1429728661038095435,a,-0.048172664,0.06791967,0.08774434
1429728661058101559,a,0.0065318807,0.08478104,-0.0070512104
1429728661078107683,a,0.03997419,-0.0064817793,0.0021900795
1429728661098113807,a,-0.015781268,-0.06525951,-0.0231475
1429728661118119931,a,-0.022624051,0.03930693,0.020825932
1429728661138126055,a,-0.01572153,0.0044227885,0.02060603
1429728661158132179,a,0.044500764,-0.080601975,0.013534666
1429728661178138303,a,0.025828304,-0.048839845,0.025528783
1429728661198144427,a,-0.026535043,0.021252435,0.003836078
1429728661218150551,a,-0.057058517,0.048362587,0.0036262437
1429728661238156675,a,-0.06316411,-0.055194363,0.074409716
1429728661258162799,a,0.0050043273,-0.07537325,-0.36055925
1429728661278168923,a,0.018183311,0.0018002819,-0.053137835
1429728661298175047,a,0.023709157,0.061308578,0.14385034
1429728659437874971,a,-0.0066124112,-0.044191737,0.04170479
1429728659457874971,a,-0.030119367,-0.034836758,0.02707591
1429728659477874971,a,-0.002541998,0.006786641,-0.008057468
1429728659497874971,a,0.002284754,0.011954189,0.030373428
1429728659517874971,a,0.032990303,-0.013118035,0.08806662
1429728659537874971,a,-0.012797655,-0.036909845,0.008154514
1429728659557874971,a,-0.046230383,-0.02219149,0.05568477
1429728659577874971,a,-0.05627432,-0.022331545,0.02919604
1429728657037874971,a,-0.009059366,0.14239943,-0.11213412
1429728657057874971,a,0.055253573,0.041822642,0.22555462
1429728657077874971,a,0.03926722,-0.028305478,0.0067629674
1429728657097874971,a,0.018206842,-0.02548459,0.03281458
1429728657117874971,a,-0.029626142,-0.08852559,0.12729521
1429728657137874971,a,0.01979939,-0.09463124,-0.008504034
1429728657157874971,a,0.040589526,-0.023874134,-0.014724549
1429728657177874971,a,-0.032344654,0.110746935,-0.021772867
1429728657197874971,a,0.0150118815,0.17999372,0.10171371
1429728657217874971,a,0.010384275,-0.022833489,-0.06785403
1429728657237874971,a,0.021113336,-0.17914025,-0.030836487
1429728657257874971,a,0.029689021,-0.11402504,0.04654059
1429728657277874971,a,7.78899E-4,0.012095996,-0.03415036
1429728657297874971,a,-0.015843328,0.1243633,0.021704055
1429728657317874971,a,0.011523246,0.07550608,0.028859016
1429728657337874971,a,0.013298731,0.016072065,-0.012371559
1429728657357874971,a,-0.016552994,-0.11291906,-0.016421089
1429728657377874971,a,-0.029114343,-0.029828662,0.08234884
1429728657397874971,a,-0.028703986,-0.013506382,0.032220025
1429728657417874971,a,0.025518691,0.04644017,0.07908936
1429728657437874971,a,0.11029854,0.020217706,0.017854767
1429728657457874971,a,0.023136122,-0.017507572,0.025773944
1429728661138126055,a,-0.01572153,0.0044227885,0.02060603
1429728661158132179,a,0.044500764,-0.080601975,0.013534666
1429728661178138303,a,0.025828304,-0.048839845,0.025528783
1429728661198144427,a,-0.026535043,0.021252435,0.003836078
1429728661218150551,a,-0.057058517,0.048362587,0.0036262437
1429728661238156675,a,-0.06316411,-0.055194363,0.074409716
1429728661258162799,a,0.0050043273,-0.07537325,-0.36055925
1429728661278168923,a,0.018183311,0.0018002819,-0.053137835
1429728661298175047,a,0.023709157,0.061308578,0.14385034
1429728659437874971,a,-0.0066124112,-0.044191737,0.04170479
1429728659457874971,a,-0.030119367,-0.034836758,0.02707591
1429728659477874971,a,-0.002541998,0.006786641,-0.008057468
1429728659497874971,a,0.002284754,0.011954189,0.030373428
1429728659517874971,a,0.032990303,-0.013118035,0.08806662
1429728659537874971,a,-0.012797655,-0.036909845,0.008154514
1429728659557874971,a,-0.046230383,-0.02219149,0.05568477
1429728659577874971,a,-0.05627432,-0.022331545,0.02919604
1429728657037874971,a,-0.009059366,0.14239943,-0.11213412
1429728657057874971,a,0.055253573,0.041822642,0.22555462
1429728657077874971,a,0.03926722,-0.028305478,0.0067629674
1429728657097874971,a,0.018206842,-0.02548459,0.03281458
1429728657117874971,a,-0.029626142,-0.08852559,0.12729521
1429728657137874971,a,0.01979939,-0.09463124,-0.008504034
1429728657157874971,a,0.040589526,-0.023874134,-0.014724549
1429728657177874971,a,-0.032344654,0.110746935,-0.021772867
1429728657197874971,a,0.0150118815,0.17999372,0.10171371
1429728657217874971,a,0.010384275,-0.022833489,-0.06785403
1429728657237874971,a,0.021113336,-0.17914025,-0.030836487
1429728657257874971,a,0.029689021,-0.11402504,0.04654059
1429728657277874971,a,7.78899E-4,0.012095996,-0.03415036
1429728657297874971,a,-0.015843328,0.1243633,0.021704055
1429728657317874971,a,0.011523246,0.07550608,0.028859016
1429728657337874971,a,0.013298731,0.016072065,-0.012371559
1429728657357874971,a,-0.016552994,-0.11291906,-0.016421089
1429728657377874971,a,-0.029114343,-0.029828662,0.08234884
1429728657397874971,a,-0.028703986,-0.013506382,0.032220025
1429728657417874971,a,0.025518691,0.04644017,0.07908936
1429728657437874971,a,0.11029854,0.020217706,0.017854767
1429728657457874971,a,0.023136122,-0.017507572,0.025773944
1429728659537874971,a,-0.012797655,-0.036909845,0.008154514
1429728659557874971,a,-0.046230383,-0.02219149,0.05568477
1429728659577874971,a,-0.05627432,-0.022331545,0.02919604
1429728657037874971,a,-0.009059366,0.14239943,-0.11213412
1429728657057874971,a,0.055253573,0.041822642,0.22555462
1429728657077874971,a,0.03926722,-0.028305478,0.0067629674
1429728657097874971,a,0.018206842,-0.02548459,0.03281458
1429728657117874971,a,-0.029626142,-0.08852559,0.12729521
1429728657137874971,a,0.01979939,-0.09463124,-0.008504034
1429728657157874971,a,0.040589526,-0.023874134,-0.014724549
1429728657177874971,a,-0.032344654,0.110746935,-0.021772867
1429728657197874971,a,0.0150118815,0.17999372,0.10171371
1429728657217874971,a,0.010384275,-0.022833489,-0.06785403
1429728657237874971,a,0.021113336,-0.17914025,-0.030836487
1429728657257874971,a,0.029689021,-0.11402504,0.04654059
1429728657277874971,a,7.78899E-4,0.012095996,-0.03415036
1429728657297874971,a,-0.015843328,0.1243633,0.021704055
1429728657317874971,a,0.011523246,0.07550608,0.028859016
1429728657337874971,a,0.013298731,0.016072065,-0.012371559
1429728657357874971,a,-0.016552994,-0.11291906,-0.016421089
1429728657377874971,a,-0.029114343,-0.029828662,0.08234884
1429728657397874971,a,-0.028703986,-0.013506382,0.032220025
1429728657417874971,a,0.025518691,0.04644017,0.07908936
1429728657437874971,a,0.11029854,0.020217706,0.017854767
1429728657457874971,a,0.023136122,-0.017507572,0.025773944
0,N,0,0,0
1429728661818262051,a,0.05283172,0.08805452,0.11580473
1429728661838265035,a,0.012567722,0.09604498,-0.004453772
1429728661858268019,a,-0.018215304,-0.007338629,0.01327297
1429728661878271003,a,-0.05908233,-0.07972858,0.0550781
1429728661898273987,a,-0.01394434,-0.09942347,0.09389609
1429728661918276971,a,0.046584927,-0.06997911,0.08072455
1429728661938279955,a,0.03114054,0.027855001,0.045480564
1429728661958282939,a,0.033181604,0.07745824,0.108232126
1429728661978285923,a,0.011497046,0.060045194,0.11014086
1429728661998288907,a,-0.054015685,-0.050017726,0.021898683
1429728662018291891,a,-0.049204815,-0.123228535,0.08833516
1429728662038294875,a,3.0720473E-4,-0.015519195,-0.01525549
1429728662058297859,a,0.012764979,0.012429775,-0.0171999
1429728662078300843,a,3.2349594E-4,0.043642975,0.059527956
1429728662098303827,a,-0.005841472,0.034854904,0.056958023
1429728662118306811,a,-0.04934543,0.014499797,0.05371062
1429728662138309795,a,-0.0110642575,-0.07370866,0.046284027
1429728662158312779,a,-0.011560648,-0.049215917,-0.027724845
1429728662178315763,a,-0.015528423,-0.046044722,0.08718466
1429728662198318747,a,0.02976164,0.04010294,0.064730495
1429728662218321731,a,0.012311973,0.04441687,-0.0025416254
1429728662238324715,a,-0.021119982,-0.022042226,0.027459623
1429728662258327699,a,-0.05756077,-0.02258556,0.0819737
1429728662278330683,a,0.01634833,-0.032555785,0.049480945
1429728662298333667,a,-0.009233359,-0.057077795,0.060833625
1429728662318336651,a,0.0011917688,0.013260375,0.016156498
1429728662338339635,a,0.042164277,0.07239827,0.070014425
1429728662358342619,a,-0.008653207,0.05634898,0.049938396
1429728662378345603,a,-0.02622818,-0.055841453,0.06776758
1429728662398346923,a,0.0036701548,-0.0456304,0.0707135
1429728662418348243,a,0.010874994,0.015084032,0.033082753
1429728662438349563,a,0.026938595,0.0017736823,-0.017085835
1429728662458350883,a,0.02127303,-0.031137075,0.028014231
1429728662478352203,a,-0.0031536445,-0.005933066,0.04225024
1429728662498353523,a,0.021718342,-0.014311426,-0.0029491428
1429728662518354843,a,-0.050950576,-0.017377399,0.029443415
1429728662538356163,a,-0.05249596,0.008379567,-0.00864637
1429728662558357483,a,0.0016901135,-0.033717413,-0.005832876
1429728662578358803,a,0.04446362,0.040145516,-0.021244802
1429728659537874971,a,-0.012797655,-0.036909845,0.008154514
1429728659557874971,a,-0.046230383,-0.02219149,0.05568477
1429728659577874971,a,-0.05627432,-0.022331545,0.02919604
1429728657037874971,a,-0.009059366,0.14239943,-0.11213412
1429728657057874971,a,0.055253573,0.041822642,0.22555462
1429728657077874971,a,0.03926722,-0.028305478,0.0067629674
1429728657097874971,a,0.018206842,-0.02548459,0.03281458
1429728657117874971,a,-0.029626142,-0.08852559,0.12729521
1429728657137874971,a,0.01979939,-0.09463124,-0.008504034
1429728657157874971,a,0.040589526,-0.023874134,-0.014724549
1429728657177874971,a,-0.032344654,0.110746935,-0.021772867
1429728657197874971,a,0.0150118815,0.17999372,0.10171371
1429728657217874971,a,0.010384275,-0.022833489,-0.06785403
1429728657237874971,a,0.021113336,-0.17914025,-0.030836487
1429728657257874971,a,0.029689021,-0.11402504,0.04654059
1429728657277874971,a,7.78899E-4,0.012095996,-0.03415036
1429728657297874971,a,-0.015843328,0.1243633,0.021704055
1429728657317874971,a,0.011523246,0.07550608,0.028859016
1429728657337874971,a,0.013298731,0.016072065,-0.012371559
1429728657357874971,a,-0.016552994,-0.11291906,-0.016421089
1429728657377874971,a,-0.029114343,-0.029828662,0.08234884
1429728657397874971,a,-0.028703986,-0.013506382,0.032220025
1429728657417874971,a,0.025518691,0.04644017,0.07908936
1429728657437874971,a,0.11029854,0.020217706,0.017854767
1429728657457874971,a,0.023136122,-0.017507572,0.025773944
1429728662598360123,a,0.062638804,-0.040110167,0.042921867
1429728662618361443,a,0.064706534,-0.060126692,0.040370632
1429728662638362763,a,-0.010530049,-0.049928058,0.015378891
1429728662658364083,a,-0.041430652,0.028591674,0.049175672
1429728662678365403,a,-0.028725097,0.010788987,0.022861453
1429728662698366723,a,0.018046433,-0.034789536,-0.010380461
1429728662718368043,a,0.050341718,-0.02575375,0.038089324
1429728662738369363,a,0.026713664,-0.0326881,0.032875504
1429728662758370683,a,-0.022793068,-0.0011678794,0.046783548
1429728662778372003,a,-0.03602007,-0.010416684,0.029733708
1429728662798373323,a,-0.0179282,0.012191769,0.03740586
1429728662818374643,a,0.0077648866,0.028091582,0.07626036
1429728662838375963,a,0.0080820015,-0.033856172,0.06610644
1429728662858377283,a,0.047693007,-0.045150273,0.0019520447
1429728662878378603,a,-0.01627202,0.008143575,0.051759966
1429728662898379923,a,-0.026646739,-0.010724351,0.008324518
1429728662918381243,a,3.9573258E-4,-0.025831223,0.03014912
1429728662938382563,a,-0.0035330565,-0.024416298,0.097153105
1429728662958383883,a,0.010263545,-0.019766537,-0.022324186
1429728662978385203,a,0.022991626,0.011471177,0.0284384
1429728662998386523,a,0.013472223,-0.023242021,0.05192561
1429728663018387843,a,-0.01099274,-0.0034549506,0.06610176
1429728663038389163,a,-0.012698878,-0.012499324,0.10909585
1429728663058390483,a,0.0012504715,0.046685327,0.0523721
1429728663078391803,a,0.023434144,0.08766836,0.03392395
1429728663098393123,a,0.018833565,-0.0013088363,0.004314869
1429728663118394443,a,-0.031681776,-0.12156072,-0.002326555
1429728663138395763,a,-0.0315346,-0.023598997,0.032086145
1429728663158397083,a,-0.06569283,-0.049170583,-0.0069708335
1429728663178398403,a,5.533122E-4,-0.065376855,-0.008649009
1429728663198399723,a,0.01873191,0.012099901,0.05695986
1429728663218401043,a,0.034996737,0.09918077,-0.03542559
1429728663238402363,a,0.0027801977,0.08181662,-0.004928259
1429728663258403683,a,0.017563911,-0.037506193,0.09482023
1429728663278405003,a,-0.033823937,-0.06683078,0.04350562
1429728663298406323,a,-0.019728705,-0.026901176,0.06082932
1429728663318407643,a,0.015211802,0.013011368,-0.0029513494
1429728663338408963,a,0.01677035,-0.0052527054,-6.927175E-4
1429728663358410283,a,0.0092837075,0.04714049,0.08825123
1429728663378411603,a,-0.012279907,0.008445633,-0.0034021144
1429728663398418299,a,-0.011660422,-0.023656996,0.010693282
1429728663418424995,a,-0.061382964,-0.044451218,0.0696317
1429728663438431691,a,-0.0072194547,-0.010716889,0.02524091
1429728663458438387,a,0.022478582,0.051023502,0.052561034
1429728663478445083,a,0.010021961,0.014512324,0.006561335
1429728663498451779,a,2.039987E-4,0.03351349,0.018554557
1429728663518458475,a,-0.003925773,-0.014901698,0.020464556
1429728663538465171,a,0.007565649,-0.027861996,0.073201336
1429728663558471867,a,0.007944979,-0.03830785,0.08269477
1429728663578478563,a,0.02847941,-0.0032289997,0.037805278
1429728663598485259,a,0.0023187276,0.010434533,0.06148474
1429728663618491955,a,-0.0048964475,0.0011528363,0.0038294226
1429728663638498651,a,-6.1143166E-4,-0.0076069506,0.02776172
1429728663658505347,a,-0.0049805776,-0.020540046,0.044347916
1429728663678512043,a,-0.040128138,0.023778383,0.0011144737
1429728663698518739,a,0.04793396,0.010152529,0.023833048
1429728663718525435,a,0.032209802,0.039740384,0.038225226
1429728663738532131,a,-0.005824394,0.01697405,0.24819541
1429728663758538827,a,0.0070657614,-0.00862316,-0.010447348
1429728663778545523,a,0.0010591737,-0.024884304,-0.056169197
1429728663798552219,a,-0.020478712,0.02300681,0.06365434
1429728663818558915,a,0.046733107,-0.02018578,0.023549508
1429728663838565611,a,0.030099124,0.03314043,-0.033702932
1429728663858572307,a,0.028439794,0.053619027,0.059835974
1429728662598360123,a,0.062638804,-0.040110167,0.042921867
1429728662618361443,a,0.064706534,-0.060126692,0.040370632
1429728662638362763,a,-0.010530049,-0.049928058,0.015378891
1429728662658364083,a,-0.041430652,0.028591674,0.049175672
1429728662678365403,a,-0.028725097,0.010788987,0.022861453
1429728662698366723,a,0.018046433,-0.034789536,-0.010380461
1429728662718368043,a,0.050341718,-0.02575375,0.038089324
1429728662738369363,a,0.026713664,-0.0326881,0.032875504
1429728662758370683,a,-0.022793068,-0.0011678794,0.046783548
1429728662778372003,a,-0.03602007,-0.010416684,0.029733708
1429728662798373323,a,-0.0179282,0.012191769,0.03740586
1429728662818374643,a,0.0077648866,0.028091582,0.07626036
1429728662838375963,a,0.0080820015,-0.033856172,0.06610644
1429728662858377283,a,0.047693007,-0.045150273,0.0019520447
1429728662878378603,a,-0.01627202,0.008143575,0.051759966
1429728662898379923,a,-0.026646739,-0.010724351,0.008324518
1429728662918381243,a,3.9573258E-4,-0.025831223,0.03014912
1429728662938382563,a,-0.0035330565,-0.024416298,0.097153105
1429728662958383883,a,0.010263545,-0.019766537,-0.022324186
1429728662978385203,a,0.022991626,0.011471177,0.0284384
1429728662998386523,a,0.013472223,-0.023242021,0.05192561
1429728663018387843,a,-0.01099274,-0.0034549506,0.06610176
1429728663038389163,a,-0.012698878,-0.012499324,0.10909585
1429728663058390483,a,0.0012504715,0.046685327,0.0523721
1429728663078391803,a,0.023434144,0.08766836,0.03392395
1429728663098393123,a,0.018833565,-0.0013088363,0.004314869
1429728663118394443,a,-0.031681776,-0.12156072,-0.002326555
1429728663138395763,a,-0.0315346,-0.023598997,0.032086145
1429728663158397083,a,-0.06569283,-0.049170583,-0.0069708335
1429728663178398403,a,5.533122E-4,-0.065376855,-0.008649009
1429728663198399723,a,0.01873191,0.012099901,0.05695986
1429728663218401043,a,0.034996737,0.09918077,-0.03542559
1429728663238402363,a,0.0027801977,0.08181662,-0.004928259
1429728663258403683,a,0.017563911,-0.037506193,0.09482023
1429728663278405003,a,-0.033823937,-0.06683078,0.04350562
1429728663298406323,a,-0.019728705,-0.026901176,0.06082932
1429728663318407643,a,0.015211802,0.013011368,-0.0029513494
1429728663338408963,a,0.01677035,-0.0052527054,-6.927175E-4
1429728663358410283,a,0.0092837075,0.04714049,0.08825123
1429728663378411603,a,-0.012279907,0.008445633,-0.0034021144
1429728663398418299,a,-0.011660422,-0.023656996,0.010693282
1429728663418424995,a,-0.061382964,-0.044451218,0.0696317
1429728663438431691,a,-0.0072194547,-0.010716889,0.02524091
1429728663458438387,a,0.022478582,0.051023502,0.052561034
1429728663478445083,a,0.010021961,0.014512324,0.006561335
1429728663498451779,a,2.039987E-4,0.03351349,0.018554557
1429728663518458475,a,-0.003925773,-0.014901698,0.020464556
1429728663538465171,a,0.007565649,-0.027861996,0.073201336
1429728663558471867,a,0.007944979,-0.03830785,0.08269477
1429728663578478563,a,0.02847941,-0.0032289997,0.037805278
1429728663598485259,a,0.0023187276,0.010434533,0.06148474
1429728663618491955,a,-0.0048964475,0.0011528363,0.0038294226
1429728663638498651,a,-6.1143166E-4,-0.0076069506,0.02776172
1429728663658505347,a,-0.0049805776,-0.020540046,0.044347916
1429728663678512043,a,-0.040128138,0.023778383,0.0011144737
1429728663698518739,a,0.04793396,0.010152529,0.023833048
1429728663718525435,a,0.032209802,0.039740384,0.038225226
1429728663738532131,a,-0.005824394,0.01697405,0.24819541
1429728663758538827,a,0.0070657614,-0.00862316,-0.010447348
1429728663778545523,a,0.0010591737,-0.024884304,-0.056169197
1429728663798552219,a,-0.020478712,0.02300681,0.06365434
1429728663818558915,a,0.046733107,-0.02018578,0.023549508
1429728663838565611,a,0.030099124,0.03314043,-0.033702932
1429728663858572307,a,0.028439794,0.053619027,0.059835974
0,N,0,0,0
1429728663698518739,a,0.04793396,0.010152529,0.023833048
1429728663718525435,a,0.032209802,0.039740384,0.038225226
1429728663738532131,a,-0.005824394,0.01697405,0.24819541
1429728663758538827,a,0.0070657614,-0.00862316,-0.010447348
1429728663778545523,a,0.0010591737,-0.024884304,-0.056169197
1429728663798552219,a,-0.020478712,0.02300681,0.06365434
1429728663818558915,a,0.046733107,-0.02018578,0.023549508
1429728663838565611,a,0.030099124,0.03314043,-0.033702932
1429728663858572307,a,0.028439794,0.053619027,0.059835974
1429728664058639267,a,-4.2289367E-4,-0.0020299044,-0.046417817
1429728664078645963,a,-8.977528E-4,0.035056826,0.08798947
1429728664098652659,a,0.0538387,0.020131141,0.04315669
1429728664118659355,a,0.04991444,0.012902385,-0.0048506428
1429728664138666051,a,-0.0026293257,-0.03347675,0.027507845
1429728664158672747,a,-0.05219813,0.0030486183,0.07738853
1429728664178679443,a,-0.07080356,-0.009469741,0.014755492
1429728664198686139,a,0.020085009,0.029701129,0.028381778
1429728664218692835,a,0.062975116,0.02232107,0.08880193
1429728664238699531,a,0.05701871,0.030252764,0.024134133
1429728664258706227,a,0.0144368475,-0.019014634,0.0470381
1429728664278712923,a,-0.0073197237,-0.01942175,0.065875456
1429728664298719619,a,-0.0047146194,-0.023599982,0.034748036
1429728664318726315,a,0.008941438,0.050976526,0.10982123
1429728664338733011,a,0.012389566,0.020235438,0.07129312
1429728664358739707,a,0.012025944,0.011809297,0.037691433
1429728664378746403,a,-0.00985882,0.032795962,0.035161447
1429728664398753099,a,0.007337528,-0.031314813,0.03006539
1429728664418762275,a,0.022243606,-0.055796806,0.051620986
1429728664438771451,a,0.020676905,-0.023636723,-0.0031960402
1429728664458780627,a,-0.015522228,-0.007439384,0.008390405
1429728664478789803,a,1.3363227E-4,0.04390173,0.056952123
1429728664498798979,a,-0.0021742273,0.028908938,0.0041102148
1429728664518808155,a,0.0069441022,9.0494694E-4,0.018367007
1429728664538817331,a,-0.0042787204,-0.013045039,0.0061104638
1429728664558826507,a,0.0071689277,0.01742087,-0.0030377547
1429728664578835683,a,0.01182104,0.03314944,0.030689707
1429728664598844859,a,0.009100927,0.036948327,0.04265757
1429728664618854035,a,-0.017613757,0.0042255633,0.07311388
1429728664638863211,a,-0.029895354,0.003060828,0.058558937
1429728664658872387,a,0.013590323,-0.017229771,0.015911289
1429728664678881563,a,0.020687554,0.021794964,-0.0171695
1429728664698890739,a,0.0075099873,-0.023324002,0.05887129
1429728664718899915,a,0.025309278,-0.016761815,0.08792202
1429728664738909091,a,0.0142178,0.015458702,0.06170167
1429728664758918267,a,0.0041951425,-0.0038349857,-0.04397238
1429728664778927443,a,0.023962025,0.02784408,0.02603646
1429728664798936619,a,-0.0075176964,-0.010368449,0.022846514
1429728664818945795,a,0.00894784,-0.015249018,0.0014924975
1429728664838954971,a,-0.019123748,-0.027332548,0.103942364
1429728664858964147,a,0.021961762,0.005150035,0.061724957
1429728664878973323,a,0.017625049,-0.010560085,0.011238243
1429728664898982499,a,0.023516342,0.003286422,0.04018011
1429728664918991675,a,0.0026141864,-0.012816953,0.0014221125
1429728664939000851,a,0.010810306,-0.019369116,0.02542922
1429728664959010027,a,0.03490912,-0.012131428,-0.019651938
1429728663698518739,a,0.04793396,0.010152529,0.023833048
1429728663718525435,a,0.032209802,0.039740384,0.038225226
1429728663738532131,a,-0.005824394,0.01697405,0.24819541
1429728663758538827,a,0.0070657614,-0.00862316,-0.010447348
1429728663778545523,a,0.0010591737,-0.024884304,-0.056169197
1429728663798552219,a,-0.020478712,0.02300681,0.06365434
1429728663818558915,a,0.046733107,-0.02018578,0.023549508
1429728663838565611,a,0.030099124,0.03314043,-0.033702932
1429728663858572307,a,0.028439794,0.053619027,0.059835974
0,N,0,0,0
1429728664979019203,a,0.046330694,-0.0010269869,0.059632115
1429728664999028379,a,0.04261014,-0.029779509,0.032986067
1429728665019037555,a,-0.005986359,0.01504508,0.051827267
1429728665039046731,a,-0.017408857,9.835502E-4,0.04435206
1429728665059055907,a,-6.80371E-5,-0.011886494,0.02773018
1429728665079065083,a,0.0011493131,-0.019210353,0.04923461
1429728665099074259,a,0.008393286,0.0089034,0.03282752
1429728665119083435,a,0.031052034,0.03949874,0.016666744
1429728665139092611,a,0.045097005,-0.012883356,-0.019509071
1429728664058639267,a,-4.2289367E-4,-0.0020299044,-0.046417817
1429728664078645963,a,-8.977528E-4,0.035056826,0.08798947
1429728664098652659,a,0.0538387,0.020131141,0.04315669
1429728664118659355,a,0.04991444,0.012902385,-0.0048506428
1429728664138666051,a,-0.0026293257,-0.03347675,0.027507845
1429728664158672747,a,-0.05219813,0.0030486183,0.07738853
1429728664178679443,a,-0.07080356,-0.009469741,0.014755492
1429728664198686139,a,0.020085009,0.029701129,0.028381778
1429728664218692835,a,0.062975116,0.02232107,0.08880193
1429728664238699531,a,0.05701871,0.030252764,0.024134133
1429728664258706227,a,0.0144368475,-0.019014634,0.0470381
1429728664278712923,a,-0.0073197237,-0.01942175,0.065875456
1429728664298719619,a,-0.0047146194,-0.023599982,0.034748036
1429728664318726315,a,0.008941438,0.050976526,0.10982123
1429728664338733011,a,0.012389566,0.020235438,0.07129312
1429728664358739707,a,0.012025944,0.011809297,0.037691433
1429728664378746403,a,-0.00985882,0.032795962,0.035161447
1429728664398753099,a,0.007337528,-0.031314813,0.03006539
1429728664418762275,a,0.022243606,-0.055796806,0.051620986
1429728664438771451,a,0.020676905,-0.023636723,-0.0031960402
1429728664458780627,a,-0.015522228,-0.007439384,0.008390405
1429728664478789803,a,1.3363227E-4,0.04390173,0.056952123
1429728664498798979,a,-0.0021742273,0.028908938,0.0041102148
1429728664518808155,a,0.0069441022,9.0494694E-4,0.018367007
1429728664538817331,a,-0.0042787204,-0.013045039,0.0061104638
1429728664558826507,a,0.0071689277,0.01742087,-0.0030377547
1429728664578835683,a,0.01182104,0.03314944,0.030689707
1429728664598844859,a,0.009100927,0.036948327,0.04265757
1429728664618854035,a,-0.017613757,0.0042255633,0.07311388
1429728664638863211,a,-0.029895354,0.003060828,0.058558937
1429728664658872387,a,0.013590323,-0.017229771,0.015911289
1429728664678881563,a,0.020687554,0.021794964,-0.0171695
1429728664698890739,a,0.0075099873,-0.023324002,0.05887129
1429728664718899915,a,0.025309278,-0.016761815,0.08792202
1429728664738909091,a,0.0142178,0.015458702,0.06170167
1429728664758918267,a,0.0041951425,-0.0038349857,-0.04397238
1429728664778927443,a,0.023962025,0.02784408,0.02603646
1429728664798936619,a,-0.0075176964,-0.010368449,0.022846514
1429728664818945795,a,0.00894784,-0.015249018,0.0014924975
1429728664838954971,a,-0.019123748,-0.027332548,0.103942364
1429728664858964147,a,0.021961762,0.005150035,0.061724957
1429728664878973323,a,0.017625049,-0.010560085,0.011238243
1429728664898982499,a,0.023516342,0.003286422,0.04018011
1429728664918991675,a,0.0026141864,-0.012816953,0.0014221125
1429728664939000851,a,0.010810306,-0.019369116,0.02542922
1429728664959010027,a,0.03490912,-0.012131428,-0.019651938
1429728663698518739,a,0.04793396,0.010152529,0.023833048
1429728663718525435,a,0.032209802,0.039740384,0.038225226
1429728663738532131,a,-0.005824394,0.01697405,0.24819541
1429728663758538827,a,0.0070657614,-0.00862316,-0.010447348
1429728663778545523,a,0.0010591737,-0.024884304,-0.056169197
1429728663798552219,a,-0.020478712,0.02300681,0.06365434
1429728663818558915,a,0.046733107,-0.02018578,0.023549508
1429728663838565611,a,0.030099124,0.03314043,-0.033702932
1429728663858572307,a,0.028439794,0.053619027,0.059835974
1429728665159101787,a,-0.0021427735,-0.029361643,0.039516628
1429728665179110963,a,-0.011103013,0.022978866,0.07576834
1429728665199120139,a,-0.022988643,-0.0023378143,0.09931454
1429728665219129315,a,0.034131937,0.0030623097,0.0642848
1429728665239138491,a,0.03309258,0.007854625,0.11938735
1429728665259147667,a,0.02550666,0.006760923,-0.017223533
1429728665279156843,a,0.012864698,0.013438263,0.028146505
1429728665299166019,a,-0.011432077,0.016897196,0.0733159
1429728665319175195,a,0.004496382,0.020062082,0.011320207
1429728665339184371,a,0.014884821,-0.039602052,-0.048925105
1429728665359193547,a,-0.002905719,0.019077003,0.0016237434
1429728665379202723,a,0.009317537,0.014907497,0.07599674
1429728665399211899,a,-0.028082423,0.030689444,0.046851285
1429728665419221075,a,-0.019058252,-0.029480204,-0.051724754
1429728665439230251,a,0.020295462,-0.014407966,0.02082358
1429728665459240383,a,0.049550425,-0.028163832,0.02352764
1429728665479250515,a,0.01377328,0.024040964,0.035433445
1429728665499260647,a,0.012884675,0.034341276,0.07382375
1429728665519270779,a,-0.024776448,0.022743553,0.09950715
1429728665539280911,a,-0.052913874,0.021089239,0.0535828
1429728665559291043,a,0.015182324,0.0079560205,-0.022155903
1429728665579301175,a,0.0055663562,-0.015851595,0.018201387
1429728665599311307,a,0.01974167,0.02689707,-0.03629175
1429728665619321439,a,-0.011806893,0.018463498,0.015852205
1429728665639331571,a,0.016688067,-0.020687921,0.027900329
1429728665659341703,a,-0.011724712,-0.013594363,0.039519124
1429728665679351835,a,-0.0118759675,0.0028821563,0.030082092
1429728665699361967,a,0.0017262415,0.026274761,-0.048535984
1429728665719372099,a,-4.3304462E-4,0.005974987,0.044644013
1429728665739382231,a,0.0296914,0.0055051916,0.045081466
1429728665759392363,a,-0.010193942,-0.02319667,-0.025193049
1429728665779402495,a,-0.041860346,0.01962459,0.036972344
1429728665799412627,a,0.03333637,-0.05183871,0.035059307
1429728665819422759,a,-0.010076091,0.045243416,-0.02939258
1429728665839432891,a,0.04326308,-0.027374258,0.004287389
1429728665859443023,a,0.01937649,0.03099178,0.07388136
1429728665879453155,a,-0.021221355,0.031564277,0.07089699
1429728665899463287,a,-0.023710214,0.016436758,0.04918161
1429728665919473419,a,-0.01853537,0.0031211101,0.027592886
1429728665939483551,a,0.034154262,-0.021025473,0.042521548
1429728665959493683,a,-0.010148027,-7.057391E-4,-0.041759506
1429728665979503815,a,0.047153402,0.023693409,0.11014187
1429728665999513947,a,0.028360251,0.05174343,0.052637983
1429728666019524079,a,-0.018883059,0.024031471,0.039739985
1429728666039534211,a,-0.019912304,0.02029607,0.027721185
1429728666059544343,a,-0.015612679,-0.012530955,-0.015601225
1429728666079554475,a,0.02759385,-0.014300334,0.016143713
1429728666099564607,a,0.01809905,0.013151985,0.018637886
1429728666119574739,a,0.008652429,-0.013504282,-0.03920111
1429728666139584871,a,0.0068221875,-0.025038624,0.07082155
1429728666159595003,a,-0.01660053,-0.044472788,0.008053418
1429728666179605135,a,0.017334491,-0.015581496,-0.012748946
1429728666199615267,a,0.03331798,-0.023521483,0.08320053
1429728666219625399,a,0.0052342378,-0.0052527534,0.06378727
1429728666239635531,a,-0.03850925,0.044901054,-0.025028884
1429728666259645663,a,0.0059681735,0.0025587808,0.059075948
1429728666279655795,a,-0.00550017,-0.017114537,0.06592072
1429728666299665927,a,-0.035492204,0.021622758,0.020314852
1429728666319676059,a,-0.0036666258,0.01627496,0.047079135
1429728666339686191,a,0.016786069,-0.008491438,0.042378884
1429728666359696323,a,-0.0032535715,-0.0052569164,0.013375678
1429728666379706455,a,0.012875368,-0.00750291,0.05190839
1429728666399716587,a,-0.02646505,-0.022871086,0.108659305
1429728666419726719,a,0.0077245263,-0.024026645,0.039715208
1429728665699361967,a,0.0017262415,0.026274761,-0.048535984
1429728665719372099,a,-4.3304462E-4,0.005974987,0.044644013
1429728665739382231,a,0.0296914,0.0055051916,0.045081466
1429728665759392363,a,-0.010193942,-0.02319667,-0.025193049
1429728665779402495,a,-0.041860346,0.01962459,0.036972344
1429728665799412627,a,0.03333637,-0.05183871,0.035059307
1429728665819422759,a,-0.010076091,0.045243416,-0.02939258
1429728665839432891,a,0.04326308,-0.027374258,0.004287389
1429728665859443023,a,0.01937649,0.03099178,0.07388136
1429728665879453155,a,-0.021221355,0.031564277,0.07089699
1429728665899463287,a,-0.023710214,0.016436758,0.04918161
1429728665919473419,a,-0.01853537,0.0031211101,0.027592886
1429728665939483551,a,0.034154262,-0.021025473,0.042521548
1429728665959493683,a,-0.010148027,-7.057391E-4,-0.041759506
1429728665979503815,a,0.047153402,0.023693409,0.11014187
1429728665999513947,a,0.028360251,0.05174343,0.052637983
1429728666019524079,a,-0.018883059,0.024031471,0.039739985
1429728666039534211,a,-0.019912304,0.02029607,0.027721185
1429728666059544343,a,-0.015612679,-0.012530955,-0.015601225
1429728666079554475,a,0.02759385,-0.014300334,0.016143713
1429728666099564607,a,0.01809905,0.013151985,0.018637886
1429728666119574739,a,0.008652429,-0.013504282,-0.03920111
1429728666139584871,a,0.0068221875,-0.025038624,0.07082155
1429728666159595003,a,-0.01660053,-0.044472788,0.008053418
1429728666179605135,a,0.017334491,-0.015581496,-0.012748946
1429728666199615267,a,0.03331798,-0.023521483,0.08320053
1429728666219625399,a,0.0052342378,-0.0052527534,0.06378727
1429728666239635531,a,-0.03850925,0.044901054,-0.025028884
1429728666259645663,a,0.0059681735,0.0025587808,0.059075948
1429728666279655795,a,-0.00550017,-0.017114537,0.06592072
1429728666299665927,a,-0.035492204,0.021622758,0.020314852
1429728666319676059,a,-0.0036666258,0.01627496,0.047079135
1429728666339686191,a,0.016786069,-0.008491438,0.042378884
1429728666359696323,a,-0.0032535715,-0.0052569164,0.013375678
1429728666379706455,a,0.012875368,-0.00750291,0.05190839
1429728666399716587,a,-0.02646505,-0.022871086,0.108659305
1429728666419726719,a,0.0077245263,-0.024026645,0.039715208
1429728665899463287,a,-0.023710214,0.016436758,0.04918161
1429728665919473419,a,-0.01853537,0.0031211101,0.027592886
1429728665939483551,a,0.034154262,-0.021025473,0.042521548
1429728665959493683,a,-0.010148027,-7.057391E-4,-0.041759506
1429728665979503815,a,0.047153402,0.023693409,0.11014187
1429728665999513947,a,0.028360251,0.05174343,0.052637983
1429728666019524079,a,-0.018883059,0.024031471,0.039739985
1429728666039534211,a,-0.019912304,0.02029607,0.027721185
1429728666059544343,a,-0.015612679,-0.012530955,-0.015601225
1429728666079554475,a,0.02759385,-0.014300334,0.016143713
1429728666099564607,a,0.01809905,0.013151985,0.018637886
1429728666119574739,a,0.008652429,-0.013504282,-0.03920111
1429728666139584871,a,0.0068221875,-0.025038624,0.07082155
1429728666159595003,a,-0.01660053,-0.044472788,0.008053418
1429728666179605135,a,0.017334491,-0.015581496,-0.012748946
1429728666199615267,a,0.03331798,-0.023521483,0.08320053
1429728666219625399,a,0.0052342378,-0.0052527534,0.06378727
1429728666239635531,a,-0.03850925,0.044901054,-0.025028884
1429728666259645663,a,0.0059681735,0.0025587808,0.059075948
1429728666279655795,a,-0.00550017,-0.017114537,0.06592072
1429728666299665927,a,-0.035492204,0.021622758,0.020314852
1429728666319676059,a,-0.0036666258,0.01627496,0.047079135
1429728666339686191,a,0.016786069,-0.008491438,0.042378884
1429728666359696323,a,-0.0032535715,-0.0052569164,0.013375678
1429728666379706455,a,0.012875368,-0.00750291,0.05190839
1429728666399716587,a,-0.02646505,-0.022871086,0.108659305
1429728666419726719,a,0.0077245263,-0.024026645,0.039715208
0,N,0,0,0
1429728666980014735,a,0.03898984,0.028415417,0.052774824
1429728667000025027,a,1.1061318E-5,0.013257012,0.0759978
1429728667020035319,a,-2.5850628E-4,-0.011166958,0.051827755
1429728667040045611,a,-0.012350383,-0.017416531,-0.00827615
1429728667060055903,a,-0.006761003,-0.07683929,0.031977303
1429728667080066195,a,0.028080685,0.01160402,0.023728246
1429728667100076487,a,0.0030971784,-0.0020344495,-0.051005956
1429728667120086779,a,-0.012902767,0.011156047,-8.423626E-4
1429728667140097071,a,0.01326592,-0.040037338,0.027821423
1429728667160107363,a,-0.028372427,-0.0074541857,0.051432144
1429728667180117655,a,-0.04675684,-0.0332428,0.0317614
1429728667200127947,a,-0.016903445,-0.01746129,0.017991902
1429728667220138239,a,-0.038358778,0.03362763,0.018129935
1429728667240148531,a,0.014179416,-0.020318735,0.032806158
1429728667260158823,a,-0.026790416,0.026129555,0.049367685
1429728667280169115,a,0.0201845,-0.025232462,-0.012644317
1429728667300179407,a,0.05159938,-0.043599293,-0.014726987
1429728667320189699,a,-7.9553155E-4,-0.024463901,0.07085568
1429728667340199991,a,-0.025698772,-0.0047841636,0.13530728
1429728667360210283,a,0.011534023,0.020010328,0.023555111
1429728667380220575,a,0.0023281276,0.031039067,0.052250214
1429728667400230867,a,0.057163816,-0.027241386,0.03100779
1429728667420241159,a,0.060306035,-0.049421642,0.04761783
1429728667440251451,a,-0.006394752,-0.040175114,0.03470946
1429728667460261743,a,-0.023001518,-0.0110947015,0.0969754
1429728667480272035,a,7.8177E-4,0.017419405,0.037734903
1429728667500282087,a,0.022304676,0.0020952516,-0.07222395
1429728667520292139,a,0.05979377,-0.04591501,-0.00982163
1429728667540302191,a,-0.0056542666,0.0041159494,0.023147259
1429728667560312243,a,-0.04465627,-0.013543254,0.019992126
1429728667580322295,a,-0.04937978,-0.040472027,0.0053087478
1429728667600332347,a,0.007382745,0.0053347247,0.04012125
1429728667620342399,a,0.05633558,0.025499135,0.029084777
1429728667640352451,a,0.011511009,-5.461738E-4,-0.02931068
1429728667660362503,a,0.026815033,0.004361645,0.014072275
1429728667680372555,a,-0.043167174,0.0032827859,0.01298114
1429728667700382607,a,-0.028578067,-0.0025879191,-0.0060020313
1429728665899463287,a,-0.023710214,0.016436758,0.04918161
1429728665919473419,a,-0.01853537,0.0031211101,0.027592886
1429728665939483551,a,0.034154262,-0.021025473,0.042521548
1429728665959493683,a,-0.010148027,-7.057391E-4,-0.041759506
1429728665979503815,a,0.047153402,0.023693409,0.11014187
1429728665999513947,a,0.028360251,0.05174343,0.052637983
1429728666019524079,a,-0.018883059,0.024031471,0.039739985
1429728666039534211,a,-0.019912304,0.02029607,0.027721185
1429728666059544343,a,-0.015612679,-0.012530955,-0.015601225
1429728666079554475,a,0.02759385,-0.014300334,0.016143713
1429728666099564607,a,0.01809905,0.013151985,0.018637886
1429728666119574739,a,0.008652429,-0.013504282,-0.03920111
1429728666139584871,a,0.0068221875,-0.025038624,0.07082155
1429728666159595003,a,-0.01660053,-0.044472788,0.008053418
1429728666179605135,a,0.017334491,-0.015581496,-0.012748946
1429728666199615267,a,0.03331798,-0.023521483,0.08320053
1429728666219625399,a,0.0052342378,-0.0052527534,0.06378727
1429728666239635531,a,-0.03850925,0.044901054,-0.025028884
1429728666259645663,a,0.0059681735,0.0025587808,0.059075948
1429728666279655795,a,-0.00550017,-0.017114537,0.06592072
1429728666299665927,a,-0.035492204,0.021622758,0.020314852
1429728666319676059,a,-0.0036666258,0.01627496,0.047079135
1429728666339686191,a,0.016786069,-0.008491438,0.042378884
1429728666359696323,a,-0.0032535715,-0.0052569164,0.013375678
1429728666379706455,a,0.012875368,-0.00750291,0.05190839
1429728666399716587,a,-0.02646505,-0.022871086,0.108659305
1429728666419726719,a,0.0077245263,-0.024026645,0.039715208
1429728667480272035,a,7.8177E-4,0.017419405,0.037734903
1429728667500282087,a,0.022304676,0.0020952516,-0.07222395
1429728667520292139,a,0.05979377,-0.04591501,-0.00982163
1429728667540302191,a,-0.0056542666,0.0041159494,0.023147259
1429728667560312243,a,-0.04465627,-0.013543254,0.019992126
1429728667580322295,a,-0.04937978,-0.040472027,0.0053087478
1429728667600332347,a,0.007382745,0.0053347247,0.04012125
1429728667620342399,a,0.05633558,0.025499135,0.029084777
1429728667640352451,a,0.011511009,-5.461738E-4,-0.02931068
1429728667660362503,a,0.026815033,0.004361645,0.014072275
1429728667680372555,a,-0.043167174,0.0032827859,0.01298114
1429728667700382607,a,-0.028578067,-0.0025879191,-0.0060020313
1429728665899463287,a,-0.023710214,0.016436758,0.04918161
1429728665919473419,a,-0.01853537,0.0031211101,0.027592886
1429728665939483551,a,0.034154262,-0.021025473,0.042521548
1429728665959493683,a,-0.010148027,-7.057391E-4,-0.041759506
1429728665979503815,a,0.047153402,0.023693409,0.11014187
1429728665999513947,a,0.028360251,0.05174343,0.052637983
1429728666019524079,a,-0.018883059,0.024031471,0.039739985
1429728666039534211,a,-0.019912304,0.02029607,0.027721185
1429728666059544343,a,-0.015612679,-0.012530955,-0.015601225
1429728666079554475,a,0.02759385,-0.014300334,0.016143713
1429728666099564607,a,0.01809905,0.013151985,0.018637886
1429728666119574739,a,0.008652429,-0.013504282,-0.03920111
1429728666139584871,a,0.0068221875,-0.025038624,0.07082155
1429728666159595003,a,-0.01660053,-0.044472788,0.008053418
1429728666179605135,a,0.017334491,-0.015581496,-0.012748946
1429728666199615267,a,0.03331798,-0.023521483,0.08320053
1429728666219625399,a,0.0052342378,-0.0052527534,0.06378727
1429728666239635531,a,-0.03850925,0.044901054,-0.025028884
1429728666259645663,a,0.0059681735,0.0025587808,0.059075948
1429728666279655795,a,-0.00550017,-0.017114537,0.06592072
1429728666299665927,a,-0.035492204,0.021622758,0.020314852
1429728666319676059,a,-0.0036666258,0.01627496,0.047079135
1429728666339686191,a,0.016786069,-0.008491438,0.042378884
1429728666359696323,a,-0.0032535715,-0.0052569164,0.013375678
1429728666379706455,a,0.012875368,-0.00750291,0.05190839
1429728666399716587,a,-0.02646505,-0.022871086,0.108659305
1429728666419726719,a,0.0077245263,-0.024026645,0.039715208
1429728665939483551,a,0.034154262,-0.021025473,0.042521548
1429728665959493683,a,-0.010148027,-7.057391E-4,-0.041759506
1429728665979503815,a,0.047153402,0.023693409,0.11014187
1429728665999513947,a,0.028360251,0.05174343,0.052637983
1429728666019524079,a,-0.018883059,0.024031471,0.039739985
1429728666039534211,a,-0.019912304,0.02029607,0.027721185
1429728666059544343,a,-0.015612679,-0.012530955,-0.015601225
1429728666079554475,a,0.02759385,-0.014300334,0.016143713
1429728666099564607,a,0.01809905,0.013151985,0.018637886
1429728666119574739,a,0.008652429,-0.013504282,-0.03920111
1429728666139584871,a,0.0068221875,-0.025038624,0.07082155
1429728666159595003,a,-0.01660053,-0.044472788,0.008053418
1429728666179605135,a,0.017334491,-0.015581496,-0.012748946
1429728666199615267,a,0.03331798,-0.023521483,0.08320053
1429728666219625399,a,0.0052342378,-0.0052527534,0.06378727
1429728666239635531,a,-0.03850925,0.044901054,-0.025028884
1429728666259645663,a,0.0059681735,0.0025587808,0.059075948
1429728666279655795,a,-0.00550017,-0.017114537,0.06592072
1429728666299665927,a,-0.035492204,0.021622758,0.020314852
1429728666319676059,a,-0.0036666258,0.01627496,0.047079135
1429728666339686191,a,0.016786069,-0.008491438,0.042378884
1429728666359696323,a,-0.0032535715,-0.0052569164,0.013375678
1429728666379706455,a,0.012875368,-0.00750291,0.05190839
1429728666399716587,a,-0.02646505,-0.022871086,0.108659305
1429728666419726719,a,0.0077245263,-0.024026645,0.039715208
