0,N,0,0,0
1429728630767874980,a,0.03827288,-0.033824615,0.023094762
1429728630787874980,a,0.025628943,-0.07220794,0.015297364
1429728630807874980,a,0.06583679,-0.061675105,0.013516249
1429728630827874980,a,0.010122058,-0.0064371345,0.003935708
1429728630847874980,a,0.019347038,3.3613827E-4,-6.597484E-4
1429728630867874980,a,0.03435787,-0.015868308,-0.08208934
1429728630887874980,a,0.04087688,-0.087621756,-0.037381906
1429728630907874980,a,0.029515712,-0.044391535,-0.029809313
1429728630927874980,a,0.026668044,-0.02984901,-0.00572251
1429728630947874980,a,0.0014031045,0.013866903,-0.0055029364
1429728630967874980,a,0.03755875,-0.015886148,0.028103793
1429728630987874980,a,0.032162216,-0.042609356,0.042085458
1429728631007874980,a,0.034238458,-0.0974296,-0.0064340048
1429728631027874980,a,-0.0022346457,-0.053970512,0.03434905
1429728631047874980,a,0.055215515,-0.00856408,0.0068606487
1429728631067874980,a,0.004576555,-0.028344126,-0.044281982
1429728631087874980,a,0.072586,-0.0746453,0.03502135
1429728631107874980,a,-0.02125544,-0.05178055,-0.025719011
1429728631127874980,a,2.8351712E-4,-0.027806459,0.037088253
1429728631147874980,a,0.012552361,-0.050697826,0.053732138
1429728631167874980,a,0.008849067,-0.033647947,0.06346643
1429728631187874980,a,4.172448E-4,-0.02886763,-0.032360677
1429728631207874980,a,0.024181183,-0.017512873,0.087791495
1429728631227874980,a,0.0032873088,0.02040251,0.02093389
1429728631247874980,a,6.4406556E-4,-0.037849635,0.032186415
1429728631267874980,a,0.04330311,-0.04245152,0.044629924
1429728631287874980,a,0.02678635,-0.015487279,0.054324076
1429728631307874980,a,0.025844403,-0.023963014,0.0398459
1429728631327874980,a,0.031151988,-0.031252347,-0.036798827
1429728631347874980,a,0.025449272,-0.09130445,0.017500592
1429728631367874980,a,0.004394933,-0.028564146,0.008401032
1429728631387874980,a,0.024050474,-0.015784927,0.037528027
1429728631407874980,a,0.031042919,-0.044083796,0.025313478
1429728631427874980,a,0.034614448,-0.04749805,0.063632175
1429728631447874980,a,-0.008828841,-0.04490145,0.0032615587
1429728631467874980,a,0.00460181,-0.013735105,0.022945844
1429728631487874980,a,-0.002855085,-0.014517676,0.020450205
1429728631507874980,a,0.018317372,-0.057951286,0.08007518
1429728631527874980,a,0.028589536,-0.06010987,0.020315744
1429728631547874980,a,0.047156584,-0.007366343,0.018759923
1429728631567874980,a,0.059927624,-0.07610545,0.042074863
1429728631587874980,a,0.04027442,-0.07503175,0.06579173
1429728631607874980,a,0.017886976,-0.03468967,-0.005860531
1429728631627874980,a,0.019576026,-0.0071857367,0.013632159
1429728631647874980,a,0.07246766,-0.007042121,0.059792217
1429728631667874980,a,-0.007985006,-0.013422061,0.049133096
1429728631687874980,a,0.013463235,-0.034785368,0.06352439
1429728631707874980,a,0.045447648,-0.08514367,0.029826954
1429728631727874980,a,0.008915365,-0.0543992,-0.010982871
1429728631747874980,a,0.025825627,-0.018201506,-7.7906426E-4
1429728631767874980,a,0.016686449,-0.0066221463,0.008815424
1429728631787874980,a,0.0064359996,-0.038885407,0.029872933
1429728631807874980,a,0.0523035,-0.055768646,0.07336062
1429728631827874980,a,0.026175885,-0.06868867,0.08007421
1429728631847874980,a,0.013213955,-0.05880562,0.07044626
1429728631867874980,a,0.023882302,-0.025789447,0.042217363
1429728631887874980,a,0.018672707,-0.019492064,-0.0056674345
1429728631907874980,a,0.05139653,-0.016133493,0.023518944
1429728631927874980,a,0.012608846,-0.035500288,0.020420024
1429728631947874980,a,-0.017559312,-0.024038412,0.0153744705
1429728631967874980,a,-0.034558084,-1.9021827E-4,-0.008522835
1429728631987874980,a,0.057370223,-0.0043883445,0.11232481
1429728632007874980,a,0.07095153,-0.023471499,0.0332715
1429728632027874980,a,0.025175877,-0.04374721,-0.0034502824
1429728631627874980,a,0.019576026,-0.0071857367,0.013632159
1429728631647874980,a,0.07246766,-0.007042121,0.059792217
1429728631667874980,a,-0.007985006,-0.013422061,0.049133096
1429728631687874980,a,0.013463235,-0.034785368,0.06352439
1429728631707874980,a,0.045447648,-0.08514367,0.029826954
1429728631727874980,a,0.008915365,-0.0543992,-0.010982871
1429728631747874980,a,0.025825627,-0.018201506,-7.7906426E-4
1429728631767874980,a,0.016686449,-0.0066221463,0.008815424
1429728631787874980,a,0.0064359996,-0.038885407,0.029872933
1429728631807874980,a,0.0523035,-0.055768646,0.07336062
1429728631827874980,a,0.026175885,-0.06868867,0.08007421
1429728631847874980,a,0.013213955,-0.05880562,0.07044626
1429728631867874980,a,0.023882302,-0.025789447,0.042217363
1429728631887874980,a,0.018672707,-0.019492064,-0.0056674345
1429728631907874980,a,0.05139653,-0.016133493,0.023518944
1429728631927874980,a,0.012608846,-0.035500288,0.020420024
1429728631947874980,a,-0.017559312,-0.024038412,0.0153744705
1429728631967874980,a,-0.034558084,-1.9021827E-4,-0.008522835
1429728631987874980,a,0.057370223,-0.0043883445,0.11232481
1429728632007874980,a,0.07095153,-0.023471499,0.0332715
1429728632027874980,a,0.025175877,-0.04374721,-0.0034502824
1429728632467874980,a,0.08079451,-0.08653591,0.03993828
1429728632487874980,a,0.04199544,0.007248335,0.08353706
1429728632507874980,a,0.040906418,-0.0015225399,0.076246895
1429728632527874980,a,0.0042663305,0.012448233,0.0423923
1429728632547874980,a,0.036493804,-0.048961252,-0.02488391
1429728632567874980,a,0.0018230136,-0.093208276,-0.0066550933
1429728632587874980,a,0.020162,-0.04012488,0.0037338387
1429728632607874980,a,0.04541366,-0.021535605,0.023422824
1429728632627874980,a,0.026467305,0.0091004195,0.025890535
1429728632647874980,a,0.020133095,-0.010094007,0.018420156
1429728632667874980,a,0.018365264,-0.010973027,0.01120351
1429728632687874980,a,-0.045302335,-0.0596574,0.029002089
1429728632707874980,a,-0.018284217,-0.04067462,0.09660884
1429728632727874980,a,0.032701783,-0.008358309,-0.026893409
1429728632747874980,a,0.032384627,0.012949519,0.12657559
1429728632767874980,a,0.0154073555,0.025695678,0.100144565
1429728632787874980,a,0.059468158,-0.034807883,-0.031603698
1429728632807874980,a,0.04135081,-0.062762186,-0.032133706
1429728632827874980,a,-0.009415875,-0.023692304,0.056200974
1429728632847874980,a,0.052598488,-0.0026316578,0.04766269
1429728632867874980,a,0.0052426974,0.016419243,0.016103646
1429728632887874980,a,0.027487312,-0.034184597,0.05179388
1429728631627874980,a,0.019576026,-0.0071857367,0.013632159
1429728631647874980,a,0.07246766,-0.007042121,0.059792217
1429728631667874980,a,-0.007985006,-0.013422061,0.049133096
1429728631687874980,a,0.013463235,-0.034785368,0.06352439
1429728631707874980,a,0.045447648,-0.08514367,0.029826954
1429728631727874980,a,0.008915365,-0.0543992,-0.010982871
1429728631747874980,a,0.025825627,-0.018201506,-7.7906426E-4
1429728631767874980,a,0.016686449,-0.0066221463,0.008815424
1429728631787874980,a,0.0064359996,-0.038885407,0.029872933
1429728631807874980,a,0.0523035,-0.055768646,0.07336062
1429728631827874980,a,0.026175885,-0.06868867,0.08007421
1429728631847874980,a,0.013213955,-0.05880562,0.07044626
1429728631867874980,a,0.023882302,-0.025789447,0.042217363
1429728631887874980,a,0.018672707,-0.019492064,-0.0056674345
1429728631907874980,a,0.05139653,-0.016133493,0.023518944
1429728631927874980,a,0.012608846,-0.035500288,0.020420024
1429728631947874980,a,-0.017559312,-0.024038412,0.0153744705
1429728631967874980,a,-0.034558084,-1.9021827E-4,-0.008522835
1429728631987874980,a,0.057370223,-0.0043883445,0.11232481
1429728632007874980,a,0.07095153,-0.023471499,0.0332715
1429728632027874980,a,0.025175877,-0.04374721,-0.0034502824
0,N,0,0,0
1429728633327874980,a,-0.0060003386,-0.02860795,0.099308185
1429728632927874980,a,0.0046524988,-0.033824496,-0.03231313
1429728632947874980,a,0.016036315,0.009715803,0.054490373
1429728632967874980,a,-0.009376031,0.026502207,0.090240225
1429728632987874980,a,0.029431695,-0.010504888,0.00896618
1429728633007874980,a,0.05699525,-0.0394652,0.021011304
1429728633027874980,a,0.006257111,-0.051188886,0.025000885
1429728633047874980,a,0.006284414,-0.023926746,0.022887707
1429728633067874980,a,-0.021470712,-0.008640828,0.09929654
1429728633087874980,a,0.0017118438,0.012205375,0.03277203
1429728633107874980,a,0.0029311958,0.007217352,0.10457422
1429728633127874980,a,0.03306749,-0.014569472,-0.029336315
1429728633147874980,a,0.021694608,-0.026567256,0.16195324
1429728633167874980,a,-0.034186203,-0.03877906,0.022194203
1429728633187874980,a,0.034867346,-0.08098248,-0.15929149
1429728633207874980,a,-3.4181867E-5,-0.007129404,-0.036888316
1429728633227874980,a,0.011709717,-0.013809665,-0.16849735
1429728633247874980,a,-0.033311147,-0.015945386,0.015259431
1429728633267874980,a,-0.0028356903,-0.016568001,-0.005890949
1429728633287874980,a,-0.0048175403,-0.025368957,0.06343703
1429728633307874980,a,-0.021826996,0.0069275782,-0.03943228
1429728632467874980,a,0.08079451,-0.08653591,0.03993828
1429728632487874980,a,0.04199544,0.007248335,0.08353706
1429728632507874980,a,0.040906418,-0.0015225399,0.076246895
1429728632527874980,a,0.0042663305,0.012448233,0.0423923
1429728632547874980,a,0.036493804,-0.048961252,-0.02488391
1429728632567874980,a,0.0018230136,-0.093208276,-0.0066550933
1429728632587874980,a,0.020162,-0.04012488,0.0037338387
1429728632607874980,a,0.04541366,-0.021535605,0.023422824
1429728632627874980,a,0.026467305,0.0091004195,0.025890535
1429728632647874980,a,0.020133095,-0.010094007,0.018420156
1429728632667874980,a,0.018365264,-0.010973027,0.01120351
1429728632687874980,a,-0.045302335,-0.0596574,0.029002089
1429728632707874980,a,-0.018284217,-0.04067462,0.09660884
1429728632727874980,a,0.032701783,-0.008358309,-0.026893409
1429728632747874980,a,0.032384627,0.012949519,0.12657559
1429728632767874980,a,0.0154073555,0.025695678,0.100144565
1429728632787874980,a,0.059468158,-0.034807883,-0.031603698
1429728632807874980,a,0.04135081,-0.062762186,-0.032133706
1429728632827874980,a,-0.009415875,-0.023692304,0.056200974
1429728632847874980,a,0.052598488,-0.0026316578,0.04766269
1429728632867874980,a,0.0052426974,0.016419243,0.016103646
1429728632887874980,a,0.027487312,-0.034184597,0.05179388
1429728631627874980,a,0.019576026,-0.0071857367,0.013632159
1429728631647874980,a,0.07246766,-0.007042121,0.059792217
1429728631667874980,a,-0.007985006,-0.013422061,0.049133096
1429728631687874980,a,0.013463235,-0.034785368,0.06352439
1429728631707874980,a,0.045447648,-0.08514367,0.029826954
1429728631727874980,a,0.008915365,-0.0543992,-0.010982871
1429728631747874980,a,0.025825627,-0.018201506,-7.7906426E-4
1429728631767874980,a,0.016686449,-0.0066221463,0.008815424
1429728631787874980,a,0.0064359996,-0.038885407,0.029872933
1429728631807874980,a,0.0523035,-0.055768646,0.07336062
1429728631827874980,a,0.026175885,-0.06868867,0.08007421
1429728631847874980,a,0.013213955,-0.05880562,0.07044626
1429728631867874980,a,0.023882302,-0.025789447,0.042217363
1429728631887874980,a,0.018672707,-0.019492064,-0.0056674345
1429728631907874980,a,0.05139653,-0.016133493,0.023518944
1429728631927874980,a,0.012608846,-0.035500288,0.020420024
1429728631947874980,a,-0.017559312,-0.024038412,0.0153744705
1429728631967874980,a,-0.034558084,-1.9021827E-4,-0.008522835
1429728631987874980,a,0.057370223,-0.0043883445,0.11232481
1429728632007874980,a,0.07095153,-0.023471499,0.0332715
1429728632027874980,a,0.025175877,-0.04374721,-0.0034502824
1429728633327874980,a,-0.0060003386,-0.02860795,0.099308185
1429728633347874980,a,0.018484898,-0.024152746,0.10686175
1429728633367874980,a,0.0055388715,-0.024876513,0.09949963
1429728633387874980,a,0.02238599,-0.048244726,0.0083510205
1429728633407874980,a,-0.015578113,0.002003577,0.087362975
1429728633427874980,a,0.01853743,0.006227024,0.025599662
1429728633447874980,a,0.014506945,-0.039051127,0.025098389
1429728633467874980,a,0.019349419,-0.028161727,0.025271267
1429728633487874980,a,-0.007888146,-0.00686777,0.044275716
1429728633507874980,a,0.012666176,-0.0151367765,0.03488983
1429728633527874980,a,0.015185946,-0.0110869855,0.06848717
1429728633547874980,a,-0.008961977,-0.009777355,0.046627596
1429728633567874980,a,0.043012578,-0.020481065,0.052002497
1429728633587874980,a,0.07148273,-0.05188531,0.08320443
1429728633607874980,a,0.0046644877,0.0059532705,0.04696321
1429728633627874980,a,-0.015286912,-0.017816028,0.020124428
1429728633647881104,a,-0.038732316,0.029453903,-0.013249434
1429728633667887228,a,0.056501333,-0.010889835,0.057066254
1429728633687893352,a,0.0022757605,0.0043623657,0.056494262
1429728633707899476,a,0.0339178,-0.009435028,0.028046178
1429728633727905600,a,0.003088027,-0.038335864,0.022562267
1429728633747911724,a,0.029778501,0.024021814,0.052265465
1429728633767917848,a,0.035403173,-0.029776763,0.05675239
1429728633787923972,a,0.014705901,-0.034615662,-0.017802116
1429728633807930096,a,-0.04467996,-0.016772168,0.08932999
1429728633827936220,a,-0.020883983,-0.023071205,0.031971216
1429728633847942344,a,-0.021150297,0.02563046,0.0061022057
1429728633867948468,a,0.06678809,0.019156847,0.0958133
1429728633887954592,a,0.053134732,0.0020009717,-0.055237666
1429728633907960716,a,0.029790964,-0.0101843495,0.08081832
1429728633927966840,a,-0.033670414,-0.020804003,0.005627681
1429728633947972964,a,0.033738256,-0.034736022,-0.03430593
1429728633967979088,a,-0.029594375,-1.3405067E-4,0.094482586
1429728633987985212,a,0.04070854,-0.031153621,0.08076138
1429728634007991336,a,0.035703897,-0.030588357,0.04463315
1429728634027997460,a,0.018829778,-0.017451527,0.011010212
1429728634048003584,a,0.016503826,-0.018528197,0.030274611
1429728634068009708,a,-0.0105381375,2.2310257E-4,-0.027527295
1429728634088015832,a,0.013821094,0.0047180783,0.003972612
1429728634108021956,a,0.03602814,-0.019005312,0.05193352
1429728634128028080,a,0.060721174,-0.0037466118,0.021284029
1429728634148034204,a,0.034024224,0.063266456,0.026361749
1429728634168040328,a,-0.0128560895,-0.025919437,0.058540326
1429728634188046452,a,-0.0038170412,-0.034539197,-0.07312198
1429728634208052576,a,0.007375956,-0.03458055,0.06830663
1429728634228058700,a,-0.002627329,-0.017768167,-0.020262627
1429728634248064824,a,0.03558584,-0.014206546,-0.0029486248
1429728634268070948,a,0.045097988,0.049430214,0.02893026
1429728634288077072,a,0.015308214,0.007087146,0.03050818
1429728634308083196,a,0.027102116,-0.027290076,0.054277837
1429728634328089320,a,0.007315998,-0.077352725,0.019996192
1429728634348095444,a,0.015185084,-0.016639339,0.07577238
1429728634368101568,a,0.059568834,0.038541045,0.08409941
1429728634388107692,a,0.012431653,0.02240076,-0.019664107
1429728634408113816,a,-0.0020079403,-0.014901432,0.030057093
1429728634428119940,a,0.034946457,-0.04991008,0.020641139
1429728634448126064,a,0.028231405,-0.08778079,0.0058147386
1429728634468132188,a,0.042715624,-0.014554708,-0.014820103
1429728634488138312,a,0.05306583,0.01513791,0.047867816
1429728634508144436,a,0.0153766945,0.012322903,-0.026907636
1429728634528150560,a,0.04222965,-0.01196401,0.057037205
1429728634548156684,a,-0.020770859,-0.01190644,0.09687673
1429728634568162808,a,-0.030284293,0.004994394,-0.0012675876
1429728634588168932,a,0.023726547,0.027171882,-0.017071106
1429728633687893352,a,0.0022757605,0.0043623657,0.056494262
1429728633707899476,a,0.0339178,-0.009435028,0.028046178
1429728633727905600,a,0.003088027,-0.038335864,0.022562267
1429728633747911724,a,0.029778501,0.024021814,0.052265465
1429728633767917848,a,0.035403173,-0.029776763,0.05675239
1429728633787923972,a,0.014705901,-0.034615662,-0.017802116
1429728633807930096,a,-0.04467996,-0.016772168,0.08932999
1429728633827936220,a,-0.020883983,-0.023071205,0.031971216
1429728633847942344,a,-0.021150297,0.02563046,0.0061022057
1429728633867948468,a,0.06678809,0.019156847,0.0958133
1429728633887954592,a,0.053134732,0.0020009717,-0.055237666
1429728633907960716,a,0.029790964,-0.0101843495,0.08081832
1429728633927966840,a,-0.033670414,-0.020804003,0.005627681
1429728633947972964,a,0.033738256,-0.034736022,-0.03430593
1429728633967979088,a,-0.029594375,-1.3405067E-4,0.094482586
1429728633987985212,a,0.04070854,-0.031153621,0.08076138
1429728634007991336,a,0.035703897,-0.030588357,0.04463315
1429728634027997460,a,0.018829778,-0.017451527,0.011010212
1429728634048003584,a,0.016503826,-0.018528197,0.030274611
1429728634068009708,a,-0.0105381375,2.2310257E-4,-0.027527295
1429728634088015832,a,0.013821094,0.0047180783,0.003972612
1429728634108021956,a,0.03602814,-0.019005312,0.05193352
1429728634128028080,a,0.060721174,-0.0037466118,0.021284029
1429728634148034204,a,0.034024224,0.063266456,0.026361749
1429728634168040328,a,-0.0128560895,-0.025919437,0.058540326
1429728634188046452,a,-0.0038170412,-0.034539197,-0.07312198
1429728634208052576,a,0.007375956,-0.03458055,0.06830663
1429728634228058700,a,-0.002627329,-0.017768167,-0.020262627
1429728634248064824,a,0.03558584,-0.014206546,-0.0029486248
1429728634268070948,a,0.045097988,0.049430214,0.02893026
1429728634288077072,a,0.015308214,0.007087146,0.03050818
1429728634308083196,a,0.027102116,-0.027290076,0.054277837
1429728634328089320,a,0.007315998,-0.077352725,0.019996192
1429728634348095444,a,0.015185084,-0.016639339,0.07577238
1429728634368101568,a,0.059568834,0.038541045,0.08409941
1429728634388107692,a,0.012431653,0.02240076,-0.019664107
1429728634408113816,a,-0.0020079403,-0.014901432,0.030057093
1429728634428119940,a,0.034946457,-0.04991008,0.020641139
1429728634448126064,a,0.028231405,-0.08778079,0.0058147386
1429728634468132188,a,0.042715624,-0.014554708,-0.014820103
1429728634488138312,a,0.05306583,0.01513791,0.047867816
1429728634508144436,a,0.0153766945,0.012322903,-0.026907636
1429728634528150560,a,0.04222965,-0.01196401,0.057037205
1429728634548156684,a,-0.020770859,-0.01190644,0.09687673
1429728634568162808,a,-0.030284293,0.004994394,-0.0012675876
1429728634588168932,a,0.023726547,0.027171882,-0.017071106
1429728634248064824,a,0.03558584,-0.014206546,-0.0029486248
1429728634268070948,a,0.045097988,0.049430214,0.02893026
1429728634288077072,a,0.015308214,0.007087146,0.03050818
1429728634308083196,a,0.027102116,-0.027290076,0.054277837
1429728634328089320,a,0.007315998,-0.077352725,0.019996192
1429728634348095444,a,0.015185084,-0.016639339,0.07577238
1429728634368101568,a,0.059568834,0.038541045,0.08409941
1429728634388107692,a,0.012431653,0.02240076,-0.019664107
1429728634408113816,a,-0.0020079403,-0.014901432,0.030057093
1429728634428119940,a,0.034946457,-0.04991008,0.020641139
1429728634448126064,a,0.028231405,-0.08778079,0.0058147386
1429728634468132188,a,0.042715624,-0.014554708,-0.014820103
1429728634488138312,a,0.05306583,0.01513791,0.047867816
1429728634508144436,a,0.0153766945,0.012322903,-0.026907636
1429728634528150560,a,0.04222965,-0.01196401,0.057037205
1429728634548156684,a,-0.020770859,-0.01190644,0.09687673
1429728634568162808,a,-0.030284293,0.004994394,-0.0012675876
1429728634588168932,a,0.023726547,0.027171882,-0.017071106
0,N,0,0,0
1429728635888761800,a,0.0021797412,0.006711831,0.07581946
1429728634988343108,a,0.035736516,0.021057142,0.047690004
1429728635008352104,a,0.029779604,0.034432836,-1.5595031E-4
1429728635028361100,a,0.027815951,-0.036615774,0.037450533
1429728635048370096,a,-0.036607493,0.011692952,-0.008479378
1429728635068379092,a,0.016151853,0.022247933,0.06419032
1429728635088388088,a,-0.011625371,-0.010546686,0.020391712
1429728635108397084,a,0.026031109,0.001224373,0.0042630634
1429728635128406080,a,0.069452375,-0.011261783,0.04784868
1429728635148415076,a,0.026037142,0.0073783407,-0.038779333
1429728635168424072,a,0.04410801,-0.012965719,-0.033928707
1429728635188433068,a,-0.005275672,-0.027517173,0.118497185
1429728635208442064,a,0.00213966,0.0014553352,-0.010432812
1429728635228451060,a,0.036928136,0.022434011,0.009401387
1429728635248460056,a,0.030364899,0.0027608406,0.009129186
1429728635268469052,a,0.058115356,-0.025763165,0.02601454
1429728635288478048,a,-0.0064061945,0.008802854,0.092480466
1429728635308487044,a,-0.0082185855,-2.50667E-5,0.008565265
1429728635328496040,a,-0.020922935,-0.028034916,-0.0014488676
1429728635348505036,a,0.01192492,-0.011048881,0.087765135
1429728635368514032,a,0.042946428,-0.0082488805,0.07864692
1429728635388523028,a,0.039281104,-0.046881463,0.047117677
1429728635408532024,a,-0.020465918,0.006250256,0.041972566
1429728635428541020,a,0.037656598,-0.020160366,-0.031679973
1429728635448550016,a,0.042357564,-0.006876519,0.0906274
1429728635468559012,a,0.03025474,-0.034165423,0.03753341
1429728635488568008,a,0.04247455,-0.0032487935,-0.024274131
1429728635508577004,a,0.0100571625,0.034321494,-0.048340358
1429728635528586000,a,-0.009225869,-0.018773764,-0.0442986
1429728635548594996,a,0.0038554296,-0.02006927,0.0109494375
1429728635568603992,a,0.022338003,-0.024181508,-0.010376632
1429728635588612988,a,0.043330085,0.016758988,0.038179886
1429728635608621984,a,0.042556956,-0.010748129,-0.03870201
1429728635628630980,a,0.023947306,0.0011256983,0.028188013
1429728635648639976,a,0.02004365,0.012717724,0.044999063
1429728635668650128,a,0.024009774,-0.044667497,0.08285197
1429728635688660280,a,0.006473841,-0.010424237,0.0733318
1429728635708670432,a,0.016048761,0.02396188,0.040256627
1429728635728680584,a,0.011144871,0.02124403,0.061713587
1429728635748690736,a,0.03552507,-0.022807475,0.09039937
1429728635768700888,a,0.003919282,0.023231996,0.07838955
1429728635788711040,a,0.034615062,0.014945191,-0.038574923
1429728635808721192,a,-0.008728464,6.368604E-4,0.061239894
1429728635828731344,a,7.990522E-4,-0.037665516,0.0442679
1429728635848741496,a,-0.008660288,0.0065371953,0.07566146
1429728635868751648,a,0.012195547,-0.0069603976,0.05907901
1429728634248064824,a,0.03558584,-0.014206546,-0.0029486248
1429728634268070948,a,0.045097988,0.049430214,0.02893026
1429728634288077072,a,0.015308214,0.007087146,0.03050818
1429728634308083196,a,0.027102116,-0.027290076,0.054277837
1429728634328089320,a,0.007315998,-0.077352725,0.019996192
1429728634348095444,a,0.015185084,-0.016639339,0.07577238
1429728634368101568,a,0.059568834,0.038541045,0.08409941
1429728634388107692,a,0.012431653,0.02240076,-0.019664107
1429728634408113816,a,-0.0020079403,-0.014901432,0.030057093
1429728634428119940,a,0.034946457,-0.04991008,0.020641139
1429728634448126064,a,0.028231405,-0.08778079,0.0058147386
1429728634468132188,a,0.042715624,-0.014554708,-0.014820103
1429728634488138312,a,0.05306583,0.01513791,0.047867816
1429728634508144436,a,0.0153766945,0.012322903,-0.026907636
1429728634528150560,a,0.04222965,-0.01196401,0.057037205
1429728634548156684,a,-0.020770859,-0.01190644,0.09687673
1429728634568162808,a,-0.030284293,0.004994394,-0.0012675876
1429728634588168932,a,0.023726547,0.027171882,-0.017071106
1429728635248460056,a,0.030364899,0.0027608406,0.009129186
1429728635268469052,a,0.058115356,-0.025763165,0.02601454
1429728635288478048,a,-0.0064061945,0.008802854,0.092480466
1429728635308487044,a,-0.0082185855,-2.50667E-5,0.008565265
1429728635328496040,a,-0.020922935,-0.028034916,-0.0014488676
1429728635348505036,a,0.01192492,-0.011048881,0.087765135
1429728635368514032,a,0.042946428,-0.0082488805,0.07864692
1429728635388523028,a,0.039281104,-0.046881463,0.047117677
1429728635408532024,a,-0.020465918,0.006250256,0.041972566
1429728635428541020,a,0.037656598,-0.020160366,-0.031679973
1429728635448550016,a,0.042357564,-0.006876519,0.0906274
1429728635468559012,a,0.03025474,-0.034165423,0.03753341
1429728635488568008,a,0.04247455,-0.0032487935,-0.024274131
1429728635508577004,a,0.0100571625,0.034321494,-0.048340358
1429728635528586000,a,-0.009225869,-0.018773764,-0.0442986
1429728635548594996,a,0.0038554296,-0.02006927,0.0109494375
1429728635568603992,a,0.022338003,-0.024181508,-0.010376632
1429728635588612988,a,0.043330085,0.016758988,0.038179886
1429728635608621984,a,0.042556956,-0.010748129,-0.03870201
1429728635628630980,a,0.023947306,0.0011256983,0.028188013
1429728635648639976,a,0.02004365,0.012717724,0.044999063
1429728635668650128,a,0.024009774,-0.044667497,0.08285197
1429728635688660280,a,0.006473841,-0.010424237,0.0733318
1429728635708670432,a,0.016048761,0.02396188,0.040256627
1429728635728680584,a,0.011144871,0.02124403,0.061713587
1429728635748690736,a,0.03552507,-0.022807475,0.09039937
1429728635768700888,a,0.003919282,0.023231996,0.07838955
1429728635788711040,a,0.034615062,0.014945191,-0.038574923
1429728635808721192,a,-0.008728464,6.368604E-4,0.061239894
1429728635828731344,a,7.990522E-4,-0.037665516,0.0442679
1429728635848741496,a,-0.008660288,0.0065371953,0.07566146
1429728635868751648,a,0.012195547,-0.0069603976,0.05907901
1429728634248064824,a,0.03558584,-0.014206546,-0.0029486248
1429728634268070948,a,0.045097988,0.049430214,0.02893026
1429728634288077072,a,0.015308214,0.007087146,0.03050818
1429728634308083196,a,0.027102116,-0.027290076,0.054277837
1429728634328089320,a,0.007315998,-0.077352725,0.019996192
1429728634348095444,a,0.015185084,-0.016639339,0.07577238
1429728634368101568,a,0.059568834,0.038541045,0.08409941
1429728634388107692,a,0.012431653,0.02240076,-0.019664107
1429728634408113816,a,-0.0020079403,-0.014901432,0.030057093
1429728634428119940,a,0.034946457,-0.04991008,0.020641139
1429728634448126064,a,0.028231405,-0.08778079,0.0058147386
1429728634468132188,a,0.042715624,-0.014554708,-0.014820103
1429728634488138312,a,0.05306583,0.01513791,0.047867816
1429728634508144436,a,0.0153766945,0.012322903,-0.026907636
1429728634528150560,a,0.04222965,-0.01196401,0.057037205
1429728634548156684,a,-0.020770859,-0.01190644,0.09687673
1429728634568162808,a,-0.030284293,0.004994394,-0.0012675876
1429728634588168932,a,0.023726547,0.027171882,-0.017071106
1429728634328089320,a,0.007315998,-0.077352725,0.019996192
1429728634348095444,a,0.015185084,-0.016639339,0.07577238
1429728634368101568,a,0.059568834,0.038541045,0.08409941
1429728634388107692,a,0.012431653,0.02240076,-0.019664107
1429728634408113816,a,-0.0020079403,-0.014901432,0.030057093
1429728634428119940,a,0.034946457,-0.04991008,0.020641139
1429728634448126064,a,0.028231405,-0.08778079,0.0058147386
1429728634468132188,a,0.042715624,-0.014554708,-0.014820103
1429728634488138312,a,0.05306583,0.01513791,0.047867816
1429728634508144436,a,0.0153766945,0.012322903,-0.026907636
1429728634528150560,a,0.04222965,-0.01196401,0.057037205
1429728634548156684,a,-0.020770859,-0.01190644,0.09687673
1429728634568162808,a,-0.030284293,0.004994394,-0.0012675876
1429728634588168932,a,0.023726547,0.027171882,-0.017071106
0,N,0,0,0
1429728636168903928,a,-0.0022914945,-0.022065226,0.025209282
1429728636188914080,a,-0.008823276,0.023212127,0.006366915
1429728636208924232,a,0.029677102,-0.011079834,0.037745815
1429728636228934384,a,-0.008500917,0.018347938,-0.0032511181
1429728636248944536,a,0.017438633,0.012865054,0.07130669
1429728636268954688,a,0.010546786,0.012261064,0.025704775
1429728636288964840,a,-0.02479779,-0.04101615,0.03908054
1429728636308974992,a,0.008644149,0.0059226314,0.013647728
1429728636328985144,a,0.009985246,0.009478827,0.006514943
1429728636348995296,a,-0.006818149,-0.0018681192,0.03729912
1429728636369005448,a,-0.03297636,-0.017929098,0.015224874
1429728636389015600,a,0.0050425115,0.033628847,0.04018229
1429728636409025752,a,-0.018952753,-0.019167747,0.027390545
1429728636429035904,a,-0.019231899,0.018846368,0.034909338
1429728636449046056,a,-0.023260808,0.016602881,0.042015534
1429728636469056208,a,0.040289566,0.0060678865,-0.03618103
1429728636489066360,a,0.025148232,0.017363515,0.04032587
1429728636509076512,a,0.010112975,-0.036327917,-0.0130477585
1429728636529086664,a,0.011703009,-0.021308605,0.04697411
1429728636549096816,a,-0.04891973,-0.033492338,0.017251126
1429728636569106968,a,-0.040068395,-0.010343566,0.0511083
1429728636589117120,a,0.040724084,0.033784166,0.016752927
1429728636609127272,a,0.025528293,0.0122668985,0.09536355
1429728636629137424,a,0.022042664,-0.022078164,0.054299973
1429728636649147576,a,0.025558857,-0.03592985,-0.048737045
1429728636669157728,a,-0.023244614,-0.036271684,-0.011136219
1429728636689167880,a,-0.009724448,-0.015790176,0.03473968
1429728636709184300,a,-0.015911559,-0.016468339,-0.06353329
1429728636729200720,a,0.027452335,0.003481228,-0.00765307
1429728636749217140,a,0.039427143,0.0065954365,0.109881535
1429728636769233560,a,-0.016596837,0.028823964,-8.840254E-4
1429728636789249980,a,0.017416462,-0.01332185,0.035155702
1429728636809266400,a,0.0069186604,-0.045272768,0.041902345
1429728636829282820,a,0.009110515,0.009695158,0.01129373
1429728636849299240,a,0.043021638,-0.027087912,0.023434948
1429728636869315660,a,-0.007429433,8.3034276E-4,0.04928603
1429728636889332080,a,-0.012608644,-0.010171038,0.008402445
1429728636909348500,a,-0.022934401,0.016669748,-0.0034788568
1429728636929364920,a,0.00464877,0.009057402,0.032775804
1429728636949381340,a,0.006381586,-0.011935695,0.04697858
1429728636969397760,a,0.027505903,0.009694585,0.0163585
1429728636989414180,a,0.0077855596,-0.011369865,0.037426345
1429728637009430600,a,-0.006587095,0.024704581,-7.705094E-4
1429728637029447020,a,0.010901087,-0.006779351,0.059065416
1429728637049463440,a,0.017208228,-0.040727295,0.075613365
1429728637069479860,a,0.028073164,-0.05890445,-0.012987747
1429728637089496280,a,-0.019170575,-0.010343595,0.013091224
1429728637109512700,a,0.009112291,0.0013924335,0.056719393
1429728637129529120,a,0.025177235,0.026048627,-0.026630156
1429728637149545540,a,-0.0194649,1.1112467E-4,0.0036024726
1429728634328089320,a,0.007315998,-0.077352725,0.019996192
1429728634348095444,a,0.015185084,-0.016639339,0.07577238
1429728634368101568,a,0.059568834,0.038541045,0.08409941
1429728634388107692,a,0.012431653,0.02240076,-0.019664107
1429728634408113816,a,-0.0020079403,-0.014901432,0.030057093
1429728634428119940,a,0.034946457,-0.04991008,0.020641139
1429728634448126064,a,0.028231405,-0.08778079,0.0058147386
1429728634468132188,a,0.042715624,-0.014554708,-0.014820103
1429728634488138312,a,0.05306583,0.01513791,0.047867816
1429728634508144436,a,0.0153766945,0.012322903,-0.026907636
1429728634528150560,a,0.04222965,-0.01196401,0.057037205
1429728634548156684,a,-0.020770859,-0.01190644,0.09687673
1429728634568162808,a,-0.030284293,0.004994394,-0.0012675876
1429728634588168932,a,0.023726547,0.027171882,-0.017071106
1429728636709184300,a,-0.015911559,-0.016468339,-0.06353329
1429728636729200720,a,0.027452335,0.003481228,-0.00765307
1429728636749217140,a,0.039427143,0.0065954365,0.109881535
1429728636769233560,a,-0.016596837,0.028823964,-8.840254E-4
1429728636789249980,a,0.017416462,-0.01332185,0.035155702
1429728636809266400,a,0.0069186604,-0.045272768,0.041902345
1429728636829282820,a,0.009110515,0.009695158,0.01129373
1429728636849299240,a,0.043021638,-0.027087912,0.023434948
1429728636869315660,a,-0.007429433,8.3034276E-4,0.04928603
1429728636889332080,a,-0.012608644,-0.010171038,0.008402445
1429728636909348500,a,-0.022934401,0.016669748,-0.0034788568
1429728636929364920,a,0.00464877,0.009057402,0.032775804
1429728636949381340,a,0.006381586,-0.011935695,0.04697858
1429728636969397760,a,0.027505903,0.009694585,0.0163585
1429728636989414180,a,0.0077855596,-0.011369865,0.037426345
1429728637009430600,a,-0.006587095,0.024704581,-7.705094E-4
1429728637029447020,a,0.010901087,-0.006779351,0.059065416
1429728637049463440,a,0.017208228,-0.040727295,0.075613365
1429728637069479860,a,0.028073164,-0.05890445,-0.012987747
1429728637089496280,a,-0.019170575,-0.010343595,0.013091224
1429728637109512700,a,0.009112291,0.0013924335,0.056719393
1429728637129529120,a,0.025177235,0.026048627,-0.026630156
1429728637149545540,a,-0.0194649,1.1112467E-4,0.0036024726
1429728634328089320,a,0.007315998,-0.077352725,0.019996192
1429728634348095444,a,0.015185084,-0.016639339,0.07577238
1429728634368101568,a,0.059568834,0.038541045,0.08409941
1429728634388107692,a,0.012431653,0.02240076,-0.019664107
1429728634408113816,a,-0.0020079403,-0.014901432,0.030057093
1429728634428119940,a,0.034946457,-0.04991008,0.020641139
1429728634448126064,a,0.028231405,-0.08778079,0.0058147386
1429728634468132188,a,0.042715624,-0.014554708,-0.014820103
1429728634488138312,a,0.05306583,0.01513791,0.047867816
1429728634508144436,a,0.0153766945,0.012322903,-0.026907636
1429728634528150560,a,0.04222965,-0.01196401,0.057037205
1429728634548156684,a,-0.020770859,-0.01190644,0.09687673
1429728634568162808,a,-0.030284293,0.004994394,-0.0012675876
1429728634588168932,a,0.023726547,0.027171882,-0.017071106
1429728636909348500,a,-0.022934401,0.016669748,-0.0034788568
1429728636929364920,a,0.00464877,0.009057402,0.032775804
1429728636949381340,a,0.006381586,-0.011935695,0.04697858
1429728636969397760,a,0.027505903,0.009694585,0.0163585
1429728636989414180,a,0.0077855596,-0.011369865,0.037426345
1429728637009430600,a,-0.006587095,0.024704581,-7.705094E-4
1429728637029447020,a,0.010901087,-0.006779351,0.059065416
1429728637049463440,a,0.017208228,-0.040727295,0.075613365
1429728637069479860,a,0.028073164,-0.05890445,-0.012987747
1429728637089496280,a,-0.019170575,-0.010343595,0.013091224
1429728637109512700,a,0.009112291,0.0013924335,0.056719393
1429728637129529120,a,0.025177235,0.026048627,-0.026630156
1429728637149545540,a,-0.0194649,1.1112467E-4,0.0036024726
1429728634328089320,a,0.007315998,-0.077352725,0.019996192
1429728634348095444,a,0.015185084,-0.016639339,0.07577238
1429728634368101568,a,0.059568834,0.038541045,0.08409941
1429728634388107692,a,0.012431653,0.02240076,-0.019664107
1429728634408113816,a,-0.0020079403,-0.014901432,0.030057093
1429728634428119940,a,0.034946457,-0.04991008,0.020641139
1429728634448126064,a,0.028231405,-0.08778079,0.0058147386
1429728634468132188,a,0.042715624,-0.014554708,-0.014820103
1429728634488138312,a,0.05306583,0.01513791,0.047867816
1429728634508144436,a,0.0153766945,0.012322903,-0.026907636
1429728634528150560,a,0.04222965,-0.01196401,0.057037205
1429728634548156684,a,-0.020770859,-0.01190644,0.09687673
1429728634568162808,a,-0.030284293,0.004994394,-0.0012675876
1429728634588168932,a,0.023726547,0.027171882,-0.017071106
0,N,0,0,0
1429728638450490872,a,0.0031668388,-0.032878794,0.029997472
1429728637730021720,a,0.04202601,-0.012323679,0.040314984
1429728637750034752,a,0.020405132,-0.0017145228,0.042488307
1429728637770047784,a,0.0124930255,-0.021877045,0.02063872
1429728637790060816,a,-0.029355954,-0.013581239,0.03446763
1429728637810073848,a,-0.02232126,-0.007693387,0.08012076
1429728637830086880,a,0.025014795,-0.012605667,0.023299262
1429728637850099912,a,0.040191352,-0.042516667,0.04001384
1429728637870112944,a,0.034961782,0.038296293,0.090950385
1429728637890125976,a,-0.0014634086,0.011651338,0.027920008
1429728637910139008,a,-0.030763099,-0.041336637,0.007856395
1429728637930152040,a,-0.0026305185,-0.037687924,0.013091463
1429728637950165072,a,0.0113598425,-0.008526685,-0.075039774
1429728637970178104,a,0.04361578,-1.6543345E-4,-0.0074470737
1429728637990191136,a,0.017528903,0.027051216,0.06425243
1429728638010204168,a,-0.028098838,-0.0017708902,-0.013296766
1429728638030217200,a,-0.033809446,-0.010405118,0.09429773
1429728638050230232,a,0.013751137,-0.007709421,0.08543688
1429728638070243264,a,0.024082724,-0.023786196,-0.015127956
1429728638090256296,a,0.034054726,0.0088853715,-0.0051121195
1429728638110269328,a,0.017585846,-0.012717322,0.027980076
1429728638130282360,a,0.012487257,0.014138386,-0.0029850272
1429728638150295392,a,-0.019698175,0.027166847,0.04694704
1429728638170308424,a,0.0011618822,-0.024006335,0.037218012
1429728638190321456,a,-0.0051229773,-0.043173734,0.01779896
1429728638210334488,a,0.01246983,0.0066859378,0.030472916
1429728638230347520,a,0.014268024,0.016389776,0.001848671
1429728638250360552,a,0.020061212,0.013944535,0.0282524
1429728638270373584,a,-0.038704347,-0.02377459,0.058192767
1429728638290386616,a,0.0026041158,-0.013153595,0.022971315
1429728638310399648,a,-0.027690418,-0.036209006,-0.008797716
1429728638330412680,a,0.009094095,-0.01456107,0.047000155
1429728638350425712,a,0.0024212142,0.044189226,0.08811415
1429728638370438744,a,-3.2911706E-4,0.018572068,0.08306532
1429728638390451776,a,-0.005529855,-0.011243388,0.0013191658
1429728638410464808,a,0.014995143,-0.041108895,0.027701382
1429728638430477840,a,-0.006295208,-0.0058183707,0.06361328
1429728636909348500,a,-0.022934401,0.016669748,-0.0034788568
1429728636929364920,a,0.00464877,0.009057402,0.032775804
1429728636949381340,a,0.006381586,-0.011935695,0.04697858
1429728636969397760,a,0.027505903,0.009694585,0.0163585
1429728636989414180,a,0.0077855596,-0.011369865,0.037426345
1429728637009430600,a,-0.006587095,0.024704581,-7.705094E-4
1429728637029447020,a,0.010901087,-0.006779351,0.059065416
1429728637049463440,a,0.017208228,-0.040727295,0.075613365
1429728637069479860,a,0.028073164,-0.05890445,-0.012987747
1429728637089496280,a,-0.019170575,-0.010343595,0.013091224
1429728637109512700,a,0.009112291,0.0013924335,0.056719393
1429728637129529120,a,0.025177235,0.026048627,-0.026630156
1429728637149545540,a,-0.0194649,1.1112467E-4,0.0036024726
1429728634328089320,a,0.007315998,-0.077352725,0.019996192
1429728634348095444,a,0.015185084,-0.016639339,0.07577238
1429728634368101568,a,0.059568834,0.038541045,0.08409941
1429728634388107692,a,0.012431653,0.02240076,-0.019664107
1429728634408113816,a,-0.0020079403,-0.014901432,0.030057093
1429728634428119940,a,0.034946457,-0.04991008,0.020641139
1429728634448126064,a,0.028231405,-0.08778079,0.0058147386
1429728634468132188,a,0.042715624,-0.014554708,-0.014820103
1429728634488138312,a,0.05306583,0.01513791,0.047867816
1429728634508144436,a,0.0153766945,0.012322903,-0.026907636
1429728634528150560,a,0.04222965,-0.01196401,0.057037205
1429728634548156684,a,-0.020770859,-0.01190644,0.09687673
1429728634568162808,a,-0.030284293,0.004994394,-0.0012675876
1429728634588168932,a,0.023726547,0.027171882,-0.017071106
1429728636969397760,a,0.027505903,0.009694585,0.0163585
1429728636989414180,a,0.0077855596,-0.011369865,0.037426345
1429728637009430600,a,-0.006587095,0.024704581,-7.705094E-4
1429728637029447020,a,0.010901087,-0.006779351,0.059065416
1429728637049463440,a,0.017208228,-0.040727295,0.075613365
1429728637069479860,a,0.028073164,-0.05890445,-0.012987747
1429728637089496280,a,-0.019170575,-0.010343595,0.013091224
1429728637109512700,a,0.009112291,0.0013924335,0.056719393
1429728637129529120,a,0.025177235,0.026048627,-0.026630156
1429728637149545540,a,-0.0194649,1.1112467E-4,0.0036024726
1429728634328089320,a,0.007315998,-0.077352725,0.019996192
1429728634348095444,a,0.015185084,-0.016639339,0.07577238
1429728634368101568,a,0.059568834,0.038541045,0.08409941
1429728634388107692,a,0.012431653,0.02240076,-0.019664107
1429728634408113816,a,-0.0020079403,-0.014901432,0.030057093
1429728634428119940,a,0.034946457,-0.04991008,0.020641139
1429728634448126064,a,0.028231405,-0.08778079,0.0058147386
1429728634468132188,a,0.042715624,-0.014554708,-0.014820103
1429728634488138312,a,0.05306583,0.01513791,0.047867816
1429728634508144436,a,0.0153766945,0.012322903,-0.026907636
1429728634528150560,a,0.04222965,-0.01196401,0.057037205
1429728634548156684,a,-0.020770859,-0.01190644,0.09687673
1429728634568162808,a,-0.030284293,0.004994394,-0.0012675876
1429728634588168932,a,0.023726547,0.027171882,-0.017071106
1429728638930786840,a,0.053769175,-0.029143747,0.045144822
1429728638950797772,a,0.045461264,-0.008854374,0.049984545
1429728638970808704,a,0.045714244,0.031797055,0.055119798
1429728638990819636,a,0.0062642046,0.032741204,0.07849182
1429728639010830568,a,-0.062235188,-0.03730603,0.024199426
1429728639030841500,a,-0.032381378,-0.02723336,0.04867681
1429728639050852432,a,0.0018605795,-0.014717552,0.04210798
1429728639070863364,a,-0.016898565,0.051295985,0.09745679
1429728639090874296,a,0.026104353,0.03825697,0.018967569
1429728639110885228,a,0.027028939,0.019833686,-0.115266636
1429728639130896160,a,-0.0170442,-0.048630245,0.048721936
1429728639150907092,a,-0.015307943,-0.0017069662,0.10661357
1429728639170918024,a,-0.01184121,-0.010476503,0.046728484
1429728639190928956,a,0.008257017,-0.0032033133,0.049484123
1429728639210939888,a,0.005223609,0.013604886,0.004084877
1429728639230950820,a,0.03199445,0.014220133,-0.005086703
1429728636969397760,a,0.027505903,0.009694585,0.0163585
1429728636989414180,a,0.0077855596,-0.011369865,0.037426345
1429728637009430600,a,-0.006587095,0.024704581,-7.705094E-4
1429728637029447020,a,0.010901087,-0.006779351,0.059065416
1429728637049463440,a,0.017208228,-0.040727295,0.075613365
1429728637069479860,a,0.028073164,-0.05890445,-0.012987747
1429728637089496280,a,-0.019170575,-0.010343595,0.013091224
1429728637109512700,a,0.009112291,0.0013924335,0.056719393
1429728637129529120,a,0.025177235,0.026048627,-0.026630156
1429728637149545540,a,-0.0194649,1.1112467E-4,0.0036024726
1429728634328089320,a,0.007315998,-0.077352725,0.019996192
1429728634348095444,a,0.015185084,-0.016639339,0.07577238
1429728634368101568,a,0.059568834,0.038541045,0.08409941
1429728634388107692,a,0.012431653,0.02240076,-0.019664107
1429728634408113816,a,-0.0020079403,-0.014901432,0.030057093
1429728634428119940,a,0.034946457,-0.04991008,0.020641139
1429728634448126064,a,0.028231405,-0.08778079,0.0058147386
1429728634468132188,a,0.042715624,-0.014554708,-0.014820103
1429728634488138312,a,0.05306583,0.01513791,0.047867816
1429728634508144436,a,0.0153766945,0.012322903,-0.026907636
1429728634528150560,a,0.04222965,-0.01196401,0.057037205
1429728634548156684,a,-0.020770859,-0.01190644,0.09687673
1429728634568162808,a,-0.030284293,0.004994394,-0.0012675876
1429728634588168932,a,0.023726547,0.027171882,-0.017071106
0,N,0,0,0
1429728639250961752,a,0.010600046,3.5563103E-4,0.042366564
1429728639270972684,a,-0.0282312,-0.030503422,0.06785865
1429728639290983616,a,-0.02182598,0.0055810027,0.058685083
1429728639310994548,a,0.04252567,-0.0017159233,-0.031401202
1429728639331005480,a,0.0170996,-0.006372644,0.0064898618
1429728639351016412,a,-0.0062527554,0.0056754053,0.04215784
1429728639371027344,a,0.0041091456,0.016515816,0.07114084
1429728639391038276,a,-0.004312792,0.014459573,-0.029574476
1429728639411049208,a,0.0011055673,-0.021017652,0.07316993
1429728639431060140,a,0.027816301,0.008724925,-0.017164538
1429728639451071072,a,0.024631927,-0.017314183,0.011297806
1429728639471082004,a,0.0034858785,0.0015787892,0.047059536
1429728639491092936,a,-0.005464783,-2.7413183E-4,-0.0057720686
1429728639511103868,a,-0.010436519,0.018680453,0.018261366
1429728639531114800,a,-0.0145966485,-0.0027359072,-0.04184997
1429728639551125732,a,-0.015386991,-4.4905578E-4,-0.04423641
1429728639571136664,a,-0.01474646,0.043169577,0.061508995
1429728639591147596,a,0.016055498,-0.027607296,0.023051227
1429728639611158528,a,-0.016071752,-0.017173009,0.025051476
1429728639631169460,a,0.025583398,0.012244641,0.030721933
1429728639651180392,a,-0.021443764,0.05258326,-0.015133571
1429728639671191324,a,0.033283986,0.0076628444,-0.019484727
1429728639691202256,a,-0.0012543998,-0.026221605,0.020405555
1429728639711213188,a,0.019979347,0.025135476,0.07385403
1429728638930786840,a,0.053769175,-0.029143747,0.045144822
1429728638950797772,a,0.045461264,-0.008854374,0.049984545
1429728638970808704,a,0.045714244,0.031797055,0.055119798
1429728638990819636,a,0.0062642046,0.032741204,0.07849182
1429728639010830568,a,-0.062235188,-0.03730603,0.024199426
1429728639030841500,a,-0.032381378,-0.02723336,0.04867681
1429728639050852432,a,0.0018605795,-0.014717552,0.04210798
1429728639070863364,a,-0.016898565,0.051295985,0.09745679
1429728639090874296,a,0.026104353,0.03825697,0.018967569
1429728639110885228,a,0.027028939,0.019833686,-0.115266636
1429728639130896160,a,-0.0170442,-0.048630245,0.048721936
1429728639150907092,a,-0.015307943,-0.0017069662,0.10661357
1429728639170918024,a,-0.01184121,-0.010476503,0.046728484
1429728639190928956,a,0.008257017,-0.0032033133,0.049484123
1429728639210939888,a,0.005223609,0.013604886,0.004084877
1429728639230950820,a,0.03199445,0.014220133,-0.005086703
1429728636969397760,a,0.027505903,0.009694585,0.0163585
1429728636989414180,a,0.0077855596,-0.011369865,0.037426345
1429728637009430600,a,-0.006587095,0.024704581,-7.705094E-4
1429728637029447020,a,0.010901087,-0.006779351,0.059065416
1429728637049463440,a,0.017208228,-0.040727295,0.075613365
1429728637069479860,a,0.028073164,-0.05890445,-0.012987747
1429728637089496280,a,-0.019170575,-0.010343595,0.013091224
1429728637109512700,a,0.009112291,0.0013924335,0.056719393
1429728637129529120,a,0.025177235,0.026048627,-0.026630156
1429728637149545540,a,-0.0194649,1.1112467E-4,0.0036024726
1429728634328089320,a,0.007315998,-0.077352725,0.019996192
1429728634348095444,a,0.015185084,-0.016639339,0.07577238
1429728634368101568,a,0.059568834,0.038541045,0.08409941
1429728634388107692,a,0.012431653,0.02240076,-0.019664107
1429728634408113816,a,-0.0020079403,-0.014901432,0.030057093
1429728634428119940,a,0.034946457,-0.04991008,0.020641139
1429728634448126064,a,0.028231405,-0.08778079,0.0058147386
1429728634468132188,a,0.042715624,-0.014554708,-0.014820103
1429728634488138312,a,0.05306583,0.01513791,0.047867816
1429728634508144436,a,0.0153766945,0.012322903,-0.026907636
1429728634528150560,a,0.04222965,-0.01196401,0.057037205
1429728634548156684,a,-0.020770859,-0.01190644,0.09687673
1429728634568162808,a,-0.030284293,0.004994394,-0.0012675876
1429728634588168932,a,0.023726547,0.027171882,-0.017071106
1429728634368101568,a,0.059568834,0.038541045,0.08409941
1429728634388107692,a,0.012431653,0.02240076,-0.019664107
1429728634408113816,a,-0.0020079403,-0.014901432,0.030057093
1429728634428119940,a,0.034946457,-0.04991008,0.020641139
1429728634448126064,a,0.028231405,-0.08778079,0.0058147386
1429728634468132188,a,0.042715624,-0.014554708,-0.014820103
1429728634488138312,a,0.05306583,0.01513791,0.047867816
1429728634508144436,a,0.0153766945,0.012322903,-0.026907636
1429728634528150560,a,0.04222965,-0.01196401,0.057037205
1429728634548156684,a,-0.020770859,-0.01190644,0.09687673
1429728634568162808,a,-0.030284293,0.004994394,-0.0012675876
1429728634588168932,a,0.023726547,0.027171882,-0.017071106
1429728639971342776,a,-0.022593914,-0.0149906445,0.051456813
1429728639991352316,a,0.0024813912,-0.015414408,0.044652387
1429728640011361856,a,-0.0036029404,0.0030047784,0.027957836
1429728640031371396,a,0.02466026,0.02811189,-0.0026741223
1429728640051380936,a,-0.0042202007,-0.010925395,0.020494243
1429728640071390476,a,-0.005896925,0.022828098,0.047102775
1429728640091400016,a,0.004992632,-0.00911554,0.07811913
1429728640111409556,a,-0.016055055,-0.02545188,0.07765915
1429728640131419096,a,-5.078822E-4,-0.006520236,0.042140152
1429728640151428636,a,-0.026580103,-0.022548413,0.015268437
1429728640171438176,a,-0.034205623,-0.0022385356,0.010539872
1429728640191447716,a,0.010779874,0.009890454,0.006533899
1429728640211457256,a,-0.02104073,0.017580155,0.056406837
1429728640231466796,a,0.0107101705,-0.0012549601,0.018408986
1429728640251476336,a,-0.0092670545,-0.0110398,0.07549312
1429728640271485876,a,0.010178766,0.01263011,-0.017397752
1429728640291495416,a,-0.04215909,0.020684274,0.09203281
1429728640311504956,a,-0.01725034,0.027627325,0.020632671
1429728640331514496,a,0.025371496,-0.004725963,0.07367347
1429728640351524036,a,0.00518396,0.025330648,0.02574042
1429728640371533576,a,0.011456636,0.006854245,0.02567498
1429728640391543116,a,-0.009725534,-0.0147785805,0.041928936
1429728640411552656,a,-0.017157897,-0.0023710341,-0.0323059
1429728640431562196,a,0.02163111,-0.030585552,-0.029572666
1429728640451571736,a,-0.018131977,-0.02396017,0.041723788
1429728640471581276,a,0.03104683,0.017897472,0.033246364
1429728640491590816,a,-0.017655667,0.011761757,0.04443413
1429728640511600356,a,-0.0034336234,-0.027035812,0.058680445
1429728640531609896,a,-7.3553313E-4,-0.014858789,0.022908095
1429728640551619436,a,-0.0059814123,0.03084686,0.056748033
1429728640571628976,a,0.016684793,0.017758645,0.040215526
1429728640591638516,a,0.02355566,-0.010811261,0.01612529
1429728640611648056,a,-0.03464567,-0.035282172,0.03897846
1429728640631657596,a,-0.026126545,-0.011676787,-0.034917586
1429728640651667136,a,0.040218238,0.009163333,0.016550776
1429728640671676676,a,0.022174763,-0.013343648,-0.010255461
1429728640691686216,a,0.057638362,0.021442736,0.03368338
1429728640711695756,a,0.031510003,0.018456087,0.054814335
1429728640731705296,a,-0.010316322,-0.045816854,0.008277499
1429728640751714836,a,-0.041213475,-0.034432944,0.03424552
1429728634368101568,a,0.059568834,0.038541045,0.08409941
1429728634388107692,a,0.012431653,0.02240076,-0.019664107
1429728634408113816,a,-0.0020079403,-0.014901432,0.030057093
1429728634428119940,a,0.034946457,-0.04991008,0.020641139
1429728634448126064,a,0.028231405,-0.08778079,0.0058147386
1429728634468132188,a,0.042715624,-0.014554708,-0.014820103
1429728634488138312,a,0.05306583,0.01513791,0.047867816
1429728634508144436,a,0.0153766945,0.012322903,-0.026907636
1429728634528150560,a,0.04222965,-0.01196401,0.057037205
1429728634548156684,a,-0.020770859,-0.01190644,0.09687673
1429728634568162808,a,-0.030284293,0.004994394,-0.0012675876
1429728634588168932,a,0.023726547,0.027171882,-0.017071106
0,N,0,0,0
1429728640771724376,a,0.013594819,0.01301735,0.0042094756
1429728640791733916,a,0.0033879303,0.02643223,0.028264973
1429728640811742464,a,0.043082323,-0.009900543,0.042775124
1429728640831751012,a,0.0027505509,0.010115859,0.04966662
1429728640851759560,a,-0.022261526,-0.013271922,0.015559493
1429728640871768108,a,-0.0064667678,-0.0028372891,0.035047106
1429728640891776656,a,0.02029889,-0.02896506,0.030443335
1429728640911785204,a,0.0046322867,0.027924592,0.011534444
1429728640931793752,a,-0.007740579,0.013324999,0.037560392
1429728640951802300,a,0.002923522,-0.0025630868,0.037587915
1429728640971810848,a,-0.015103062,-0.076353446,0.012731499
1429728640991819396,a,0.012606172,-0.0510432,-0.0033849888
1429728639971342776,a,-0.022593914,-0.0149906445,0.051456813
1429728639991352316,a,0.0024813912,-0.015414408,0.044652387
1429728640011361856,a,-0.0036029404,0.0030047784,0.027957836
1429728640031371396,a,0.02466026,0.02811189,-0.0026741223
1429728640051380936,a,-0.0042202007,-0.010925395,0.020494243
1429728640071390476,a,-0.005896925,0.022828098,0.047102775
1429728640091400016,a,0.004992632,-0.00911554,0.07811913
1429728640111409556,a,-0.016055055,-0.02545188,0.07765915
1429728640131419096,a,-5.078822E-4,-0.006520236,0.042140152
1429728640151428636,a,-0.026580103,-0.022548413,0.015268437
1429728640171438176,a,-0.034205623,-0.0022385356,0.010539872
1429728640191447716,a,0.010779874,0.009890454,0.006533899
1429728640211457256,a,-0.02104073,0.017580155,0.056406837
1429728640231466796,a,0.0107101705,-0.0012549601,0.018408986
1429728640251476336,a,-0.0092670545,-0.0110398,0.07549312
1429728640271485876,a,0.010178766,0.01263011,-0.017397752
1429728640291495416,a,-0.04215909,0.020684274,0.09203281
1429728640311504956,a,-0.01725034,0.027627325,0.020632671
1429728640331514496,a,0.025371496,-0.004725963,0.07367347
1429728640351524036,a,0.00518396,0.025330648,0.02574042
1429728640371533576,a,0.011456636,0.006854245,0.02567498
1429728640391543116,a,-0.009725534,-0.0147785805,0.041928936
1429728640411552656,a,-0.017157897,-0.0023710341,-0.0323059
1429728640431562196,a,0.02163111,-0.030585552,-0.029572666
1429728640451571736,a,-0.018131977,-0.02396017,0.041723788
1429728640471581276,a,0.03104683,0.017897472,0.033246364
1429728640491590816,a,-0.017655667,0.011761757,0.04443413
1429728640511600356,a,-0.0034336234,-0.027035812,0.058680445
1429728640531609896,a,-7.3553313E-4,-0.014858789,0.022908095
1429728640551619436,a,-0.0059814123,0.03084686,0.056748033
1429728640571628976,a,0.016684793,0.017758645,0.040215526
1429728640591638516,a,0.02355566,-0.010811261,0.01612529
1429728640611648056,a,-0.03464567,-0.035282172,0.03897846
1429728640631657596,a,-0.026126545,-0.011676787,-0.034917586
1429728640651667136,a,0.040218238,0.009163333,0.016550776
1429728640671676676,a,0.022174763,-0.013343648,-0.010255461
1429728640691686216,a,0.057638362,0.021442736,0.03368338
1429728640711695756,a,0.031510003,0.018456087,0.054814335
1429728640731705296,a,-0.010316322,-0.045816854,0.008277499
1429728640751714836,a,-0.041213475,-0.034432944,0.03424552
1429728634368101568,a,0.059568834,0.038541045,0.08409941
1429728634388107692,a,0.012431653,0.02240076,-0.019664107
1429728634408113816,a,-0.0020079403,-0.014901432,0.030057093
1429728634428119940,a,0.034946457,-0.04991008,0.020641139
1429728634448126064,a,0.028231405,-0.08778079,0.0058147386
1429728634468132188,a,0.042715624,-0.014554708,-0.014820103
1429728634488138312,a,0.05306583,0.01513791,0.047867816
1429728634508144436,a,0.0153766945,0.012322903,-0.026907636
1429728634528150560,a,0.04222965,-0.01196401,0.057037205
1429728634548156684,a,-0.020770859,-0.01190644,0.09687673
1429728634568162808,a,-0.030284293,0.004994394,-0.0012675876
1429728634588168932,a,0.023726547,0.027171882,-0.017071106
1429728641011827944,a,-0.018283105,0.0086187925,0.003832558
1429728641031836492,a,-0.0012036876,0.02267778,0.11915605
1429728641051845040,a,0.023423955,6.3983476E-5,0.00440299
1429728641071853588,a,0.020792192,0.014853726,0.009279279
1429728641091862136,a,-0.03028612,-0.04916686,0.024699878
1429728641111870684,a,-0.012520605,-0.039700586,-0.013255398
1429728641131879232,a,-0.058389485,0.0065566353,0.010378188
1429728641151887780,a,0.022623647,0.061491027,0.05999554
1429728641171896328,a,0.05005395,-0.021916185,-0.02410789
1429728641191904876,a,0.033040304,-0.019777037,0.07382593
1429728641211913424,a,0.049449354,-0.04308235,-0.014718304
1429728641231921972,a,-0.022067716,0.0093461685,0.039695535
1429728641251930520,a,-0.08592031,0.014301805,0.019584032
1429728641271939068,a,-0.01514995,0.028702741,0.03039369
1429728641291947616,a,0.008734121,0.02174309,0.07380923
1429728641311956164,a,0.011604117,0.0093955295,0.11205997
1429728641331964712,a,-0.029721778,0.010318581,0.010850755
1429728641351973260,a,-0.019562332,0.0048912824,0.07082712
1429728641371981808,a,-0.008323616,-0.0056507336,0.05654338
1429728641391990356,a,0.03381735,0.023698421,0.031111259
1429728641411998904,a,0.06718126,0.019242324,0.0746945
1429728641432007452,a,0.047961295,-0.0015160579,0.045483205
1429728641452016000,a,-0.022310883,-0.0130035505,0.0778111
1429728641472024548,a,-0.034505736,0.013231345,0.032352693
1429728641492033096,a,-0.060453147,-0.019224899,0.017299803
1429728641512041644,a,-0.0067453594,-0.07260574,0.053589176
1429728641532050192,a,0.03225514,-0.006196663,0.04280243
1429728641552058740,a,0.026239749,-0.0252468,0.03296592
1429728641572067288,a,-0.014441778,0.0026725535,0.02299582
1429728641592075836,a,-0.032528743,-0.035695903,0.043938033
1429728641612084384,a,-0.04200738,0.002696981,-0.020532712
1429728641632092932,a,0.026548587,-0.019045226,0.052181352
1429728641652101480,a,0.030151926,-2.2971281E-4,0.08831593
1429728641672110028,a,0.03809627,0.017478608,0.052669283
1429728641692118576,a,-0.021717343,0.0031489737,0.030070685
1429728641712127124,a,-0.053291723,-0.007999264,0.053436913
1429728641732135672,a,0.029294053,-0.05158511,0.025610344
1429728641752144220,a,1.8782183E-4,-0.031018863,0.020547379
1429728641772152768,a,0.012255874,-0.014075915,0.025663756
1429728641792161316,a,0.009246668,-0.012755093,0.016050167
1429728641812175348,a,-0.015942333,0.03921296,0.08792991
1429728641832189380,a,0.007641236,0.03786766,0.035601836
1429728641852203412,a,-0.03459158,-0.016055008,0.022380445
1429728641872217444,a,0.0060118353,-0.059665702,0.07772219
1429728641892231476,a,0.047801845,0.008010027,0.028639244
1429728641912245508,a,0.004754702,0.034545846,0.021009976
1429728641932259540,a,-0.019408863,0.053929444,0.051928736
1429728641952273572,a,-0.04025642,-0.02688191,0.079675466
1429728641972287604,a,-0.02271957,0.0061920257,-0.032325614
1429728641992301636,a,0.0013794256,-0.04925038,0.041815683
1429728642012315668,a,-0.026431523,-0.009522206,0.027351836
1429728642032329700,a,0.010376552,0.054901794,0.042819
1429728642052343732,a,-0.021284949,0.046048626,0.08775964
1429728642072357764,a,-0.009546027,-0.034013636,0.06347337
1429728642092371796,a,-0.030325342,-0.0068067578,0.017736662
1429728642112385828,a,-0.009362309,0.02262793,-0.03677087
1429728642132399860,a,0.022202676,0.006480203,0.044991728
1429728642152413892,a,-0.0036092482,0.012436171,0.013517362
1429728642172427924,a,0.004087752,0.019083697,-0.012650546
1429728642192441956,a,-0.011614007,0.0054586935,0.046861738
1429728642212455988,a,0.0047911457,-0.023766778,-0.017783782
1429728642232470020,a,0.006031988,-0.009843388,-0.024833474
1429728642252484052,a,-0.0018904682,-0.014126244,0.08037107
1429728642272498084,a,0.03243584,0.024843639,0.038114958
1429728641091862136,a,-0.03028612,-0.04916686,0.024699878
1429728641111870684,a,-0.012520605,-0.039700586,-0.013255398
1429728641131879232,a,-0.058389485,0.0065566353,0.010378188
1429728641151887780,a,0.022623647,0.061491027,0.05999554
1429728641171896328,a,0.05005395,-0.021916185,-0.02410789
1429728641191904876,a,0.033040304,-0.019777037,0.07382593
1429728641211913424,a,0.049449354,-0.04308235,-0.014718304
1429728641231921972,a,-0.022067716,0.0093461685,0.039695535
1429728641251930520,a,-0.08592031,0.014301805,0.019584032
1429728641271939068,a,-0.01514995,0.028702741,0.03039369
1429728641291947616,a,0.008734121,0.02174309,0.07380923
1429728641311956164,a,0.011604117,0.0093955295,0.11205997
1429728641331964712,a,-0.029721778,0.010318581,0.010850755
1429728641351973260,a,-0.019562332,0.0048912824,0.07082712
1429728641371981808,a,-0.008323616,-0.0056507336,0.05654338
1429728641391990356,a,0.03381735,0.023698421,0.031111259
1429728641411998904,a,0.06718126,0.019242324,0.0746945
1429728641432007452,a,0.047961295,-0.0015160579,0.045483205
1429728641452016000,a,-0.022310883,-0.0130035505,0.0778111
1429728641472024548,a,-0.034505736,0.013231345,0.032352693
1429728641492033096,a,-0.060453147,-0.019224899,0.017299803
1429728641512041644,a,-0.0067453594,-0.07260574,0.053589176
1429728641532050192,a,0.03225514,-0.006196663,0.04280243
1429728641552058740,a,0.026239749,-0.0252468,0.03296592
1429728641572067288,a,-0.014441778,0.0026725535,0.02299582
1429728641592075836,a,-0.032528743,-0.035695903,0.043938033
1429728641612084384,a,-0.04200738,0.002696981,-0.020532712
1429728641632092932,a,0.026548587,-0.019045226,0.052181352
1429728641652101480,a,0.030151926,-2.2971281E-4,0.08831593
1429728641672110028,a,0.03809627,0.017478608,0.052669283
1429728641692118576,a,-0.021717343,0.0031489737,0.030070685
1429728641712127124,a,-0.053291723,-0.007999264,0.053436913
1429728641732135672,a,0.029294053,-0.05158511,0.025610344
1429728641752144220,a,1.8782183E-4,-0.031018863,0.020547379
1429728641772152768,a,0.012255874,-0.014075915,0.025663756
1429728641792161316,a,0.009246668,-0.012755093,0.016050167
1429728641812175348,a,-0.015942333,0.03921296,0.08792991
1429728641832189380,a,0.007641236,0.03786766,0.035601836
1429728641852203412,a,-0.03459158,-0.016055008,0.022380445
1429728641872217444,a,0.0060118353,-0.059665702,0.07772219
1429728641892231476,a,0.047801845,0.008010027,0.028639244
1429728641912245508,a,0.004754702,0.034545846,0.021009976
1429728641932259540,a,-0.019408863,0.053929444,0.051928736
1429728641952273572,a,-0.04025642,-0.02688191,0.079675466
1429728641972287604,a,-0.02271957,0.0061920257,-0.032325614
1429728641992301636,a,0.0013794256,-0.04925038,0.041815683
1429728642012315668,a,-0.026431523,-0.009522206,0.027351836
1429728642032329700,a,0.010376552,0.054901794,0.042819
1429728642052343732,a,-0.021284949,0.046048626,0.08775964
1429728642072357764,a,-0.009546027,-0.034013636,0.06347337
1429728642092371796,a,-0.030325342,-0.0068067578,0.017736662
1429728642112385828,a,-0.009362309,0.02262793,-0.03677087
1429728642132399860,a,0.022202676,0.006480203,0.044991728
1429728642152413892,a,-0.0036092482,0.012436171,0.013517362
1429728642172427924,a,0.004087752,0.019083697,-0.012650546
1429728642192441956,a,-0.011614007,0.0054586935,0.046861738
1429728642212455988,a,0.0047911457,-0.023766778,-0.017783782
1429728642232470020,a,0.006031988,-0.009843388,-0.024833474
1429728642252484052,a,-0.0018904682,-0.014126244,0.08037107
1429728642272498084,a,0.03243584,0.024843639,0.038114958
1429728642212455988,a,0.0047911457,-0.023766778,-0.017783782
1429728642232470020,a,0.006031988,-0.009843388,-0.024833474
1429728642252484052,a,-0.0018904682,-0.014126244,0.08037107
1429728642272498084,a,0.03243584,0.024843639,0.038114958
0,N,0,0,0
1429728642372568244,a,6.617317E-4,-0.0177035,0.06855255
1429728642392582276,a,0.06802911,0.0035571847,0.048213273
1429728642412596308,a,-0.0061600506,-0.0047003585,0.0422192
1429728642432610340,a,0.019447496,4.0053576E-4,-0.024392426
1429728642452624372,a,-0.03330559,-0.013045945,0.0153919915
1429728642472638404,a,-0.006634693,-0.013519389,0.039741803
1429728642492652436,a,-0.0072186138,0.0050337114,0.013552124
1429728642512666468,a,0.047730677,0.0015556675,0.05506935
1429728642532680500,a,-0.023740418,0.01606269,0.027611213
1429728642552694532,a,-0.018285671,0.037698228,0.015905911
1429728642572708564,a,-0.010474173,-0.031443857,0.017978096
1429728642592722596,a,-0.014087034,-0.027575148,0.015414695
1429728642612736628,a,0.0047450676,-0.033745833,0.039595354
1429728642632750660,a,0.017948193,-0.007990774,0.0567777
1429728642652764692,a,0.022322899,0.031942047,0.016476119
1429728642672778724,a,-0.04817978,0.03664632,0.058538917
1429728642692792756,a,-0.021045983,-0.016812881,-0.03967386
1429728642712806788,a,-0.013718896,-0.04250817,9.3019544E-4
1429728642732820820,a,0.017231718,-0.029016046,0.025461469
1429728642752834852,a,0.03329643,-0.012374781,0.023450004
1429728642772848884,a,0.02231908,0.028044945,0.07629951
1429728642792862916,a,-0.019311959,0.014439194,0.085132994
1429728642812876948,a,-0.055386882,-0.03667622,0.09613251
1429728642832890980,a,0.02462122,-0.027948542,0.07586777
1429728642852901304,a,0.019210905,-0.024955265,-0.010392264
1429728642872911628,a,0.026086187,0.024472313,-0.014666659
1429728642892921952,a,-0.021544123,-0.010541431,0.010659593
1429728642912932276,a,0.011739263,0.011536577,0.05205746
1429728642932942600,a,0.004144172,0.013382307,0.013643324
1429728642952952924,a,-0.028755205,0.004438703,-0.013271161
1429728642972963248,a,-0.0077890176,0.010130529,0.0038565695
1429728642992973572,a,-0.010649986,0.0136897415,0.039761383
1429728643012983896,a,-0.002078115,-0.011657426,-0.0010267245
1429728643032994220,a,0.003809459,-0.025148407,0.05163001
1429728643053004544,a,-0.0058257384,-0.018960845,0.0036452054
1429728643073014868,a,-0.0038147802,-0.0016168774,-0.0033638
1429728643093025192,a,0.028364552,-0.011864642,0.0042228727
1429728643113035516,a,0.020011071,-0.03246644,0.025476454
1429728643133045840,a,-0.01192244,-0.0029361658,0.041999098
1429728643153056164,a,-0.00110315,-0.04293879,0.0035199607
1429728643173066488,a,0.0019135094,-0.07066453,0.034469016
1429728643193076812,a,-0.0126883015,-0.026697712,0.04179313
1429728643213087136,a,0.025694096,0.073865026,0.009670724
1429728643233097460,a,-0.002080453,-0.018722776,0.003706619
1429728643253107784,a,0.0035669869,-0.010130252,0.049359027
1429728643273118108,a,0.048553944,-0.011252648,-0.03856747
1429728643293128432,a,0.0048738983,0.017616052,0.03763292
1429728643313138756,a,-0.046395093,0.04227912,0.061001603
1429728643333149080,a,-0.02742043,0.032689802,0.0037433924
1429728643353159404,a,-0.009109295,0.030949594,0.059084054
1429728643373169728,a,0.050935928,0.02140157,-0.009521978
1429728643393180052,a,0.0026984995,-0.022487033,-0.013017462
1429728643413190376,a,-0.008776992,-0.03627229,-0.010912969
1429728643433200700,a,-0.009706327,-0.015073609,0.022773542
1429728643453211024,a,-0.022507783,0.03485331,0.0397556
1429728643473221348,a,0.03523181,0.020885805,0.050103586
1429728643493231672,a,0.017944265,-0.031016897,0.049552627
1429728643513241996,a,0.002684013,-0.017314935,0.049432952
1429728643533252320,a,-5.699463E-4,-0.03781749,0.056393433
1429728643553262644,a,-0.04025343,-0.007025361,0.032094564
1429728642212455988,a,0.0047911457,-0.023766778,-0.017783782
1429728642232470020,a,0.006031988,-0.009843388,-0.024833474
1429728642252484052,a,-0.0018904682,-0.014126244,0.08037107
1429728642272498084,a,0.03243584,0.024843639,0.038114958
1429728642712806788,a,-0.013718896,-0.04250817,9.3019544E-4
1429728642732820820,a,0.017231718,-0.029016046,0.025461469
1429728642752834852,a,0.03329643,-0.012374781,0.023450004
1429728642772848884,a,0.02231908,0.028044945,0.07629951
1429728642792862916,a,-0.019311959,0.014439194,0.085132994
1429728642812876948,a,-0.055386882,-0.03667622,0.09613251
1429728642832890980,a,0.02462122,-0.027948542,0.07586777
1429728642852901304,a,0.019210905,-0.024955265,-0.010392264
1429728642872911628,a,0.026086187,0.024472313,-0.014666659
1429728642892921952,a,-0.021544123,-0.010541431,0.010659593
1429728642912932276,a,0.011739263,0.011536577,0.05205746
1429728642932942600,a,0.004144172,0.013382307,0.013643324
1429728642952952924,a,-0.028755205,0.004438703,-0.013271161
1429728642972963248,a,-0.0077890176,0.010130529,0.0038565695
1429728642992973572,a,-0.010649986,0.0136897415,0.039761383
1429728643012983896,a,-0.002078115,-0.011657426,-0.0010267245
1429728643032994220,a,0.003809459,-0.025148407,0.05163001
1429728643053004544,a,-0.0058257384,-0.018960845,0.0036452054
1429728643073014868,a,-0.0038147802,-0.0016168774,-0.0033638
1429728643093025192,a,0.028364552,-0.011864642,0.0042228727
1429728643113035516,a,0.020011071,-0.03246644,0.025476454
1429728643133045840,a,-0.01192244,-0.0029361658,0.041999098
1429728643153056164,a,-0.00110315,-0.04293879,0.0035199607
1429728643173066488,a,0.0019135094,-0.07066453,0.034469016
1429728643193076812,a,-0.0126883015,-0.026697712,0.04179313
1429728643213087136,a,0.025694096,0.073865026,0.009670724
1429728643233097460,a,-0.002080453,-0.018722776,0.003706619
1429728643253107784,a,0.0035669869,-0.010130252,0.049359027
1429728643273118108,a,0.048553944,-0.011252648,-0.03856747
1429728643293128432,a,0.0048738983,0.017616052,0.03763292
1429728643313138756,a,-0.046395093,0.04227912,0.061001603
1429728643333149080,a,-0.02742043,0.032689802,0.0037433924
1429728643353159404,a,-0.009109295,0.030949594,0.059084054
1429728643373169728,a,0.050935928,0.02140157,-0.009521978
1429728643393180052,a,0.0026984995,-0.022487033,-0.013017462
1429728643413190376,a,-0.008776992,-0.03627229,-0.010912969
1429728643433200700,a,-0.009706327,-0.015073609,0.022773542
1429728643453211024,a,-0.022507783,0.03485331,0.0397556
1429728643473221348,a,0.03523181,0.020885805,0.050103586
1429728643493231672,a,0.017944265,-0.031016897,0.049552627
1429728643513241996,a,0.002684013,-0.017314935,0.049432952
1429728643533252320,a,-5.699463E-4,-0.03781749,0.056393433
1429728643553262644,a,-0.04025343,-0.007025361,0.032094564
1429728642212455988,a,0.0047911457,-0.023766778,-0.017783782
1429728642232470020,a,0.006031988,-0.009843388,-0.024833474
1429728642252484052,a,-0.0018904682,-0.014126244,0.08037107
1429728642272498084,a,0.03243584,0.024843639,0.038114958
1429728643313138756,a,-0.046395093,0.04227912,0.061001603
1429728643333149080,a,-0.02742043,0.032689802,0.0037433924
1429728643353159404,a,-0.009109295,0.030949594,0.059084054
1429728643373169728,a,0.050935928,0.02140157,-0.009521978
1429728643393180052,a,0.0026984995,-0.022487033,-0.013017462
1429728643413190376,a,-0.008776992,-0.03627229,-0.010912969
1429728643433200700,a,-0.009706327,-0.015073609,0.022773542
1429728643453211024,a,-0.022507783,0.03485331,0.0397556
1429728643473221348,a,0.03523181,0.020885805,0.050103586
1429728643493231672,a,0.017944265,-0.031016897,0.049552627
1429728643513241996,a,0.002684013,-0.017314935,0.049432952
1429728643533252320,a,-5.699463E-4,-0.03781749,0.056393433
1429728643553262644,a,-0.04025343,-0.007025361,0.032094564
1429728642212455988,a,0.0047911457,-0.023766778,-0.017783782
1429728642232470020,a,0.006031988,-0.009843388,-0.024833474
1429728642252484052,a,-0.0018904682,-0.014126244,0.08037107
1429728642272498084,a,0.03243584,0.024843639,0.038114958
0,N,0,0,0
1429728643913441948,a,-0.036127765,-0.02847735,0.055917047
1429728643933450096,a,0.011307847,-0.020137172,0.051932808
1429728643953458244,a,-0.0015769606,0.010943187,0.025662215
1429728643973466392,a,0.025125677,-0.0049748984,0.0403042
1429728643993474540,a,0.06051816,0.028937776,0.084246166
1429728644013482688,a,-0.042886447,-0.01863161,0.015190426
1429728644033490836,a,-0.020206384,-0.03397429,0.099218816
1429728644053498984,a,-0.00685278,-0.021870716,0.037269007
1429728644073507132,a,-0.028708547,-0.014054234,0.013055458
1429728644093515280,a,0.018951034,0.013061916,0.02120807
1429728644113523428,a,0.0011611022,-0.020267833,0.015856119
1429728644133531576,a,1.2859917E-4,-0.023162777,0.032578263
1429728644153539724,a,-0.008439571,0.0049211127,0.0015586033
1429728644173547872,a,-0.0200351,-0.014481925,0.010791623
1429728644193556020,a,-0.028331378,-0.018908266,0.017810823
1429728644213564168,a,0.010290579,-0.03681322,0.06853619
1429728644233572316,a,0.022351146,0.021196852,0.021324428
1429728644253580464,a,-0.013546362,0.024164785,-8.994529E-4
1429728644273588612,a,0.033654332,-0.01052076,0.042627625
1429728644293596760,a,-0.005767957,0.0074762623,-0.012895728
1429728644313604908,a,-0.02182213,-0.0140579,0.022600623
1429728644333613056,a,0.041717146,0.018665614,0.052567463
1429728644353621204,a,0.0076015564,0.01733451,0.02570142
1429728644373629352,a,0.017473428,-0.028736485,0.049413297
1429728644393637500,a,-0.017851055,-0.073555745,0.0030105864
1429728644413645648,a,-0.039120972,-0.017052945,0.04865591
1429728644433653796,a,-0.020397047,0.0061893347,0.003634273
1429728644453661944,a,1.8697331E-4,0.043454718,0.047354456
1429728644473670092,a,0.03627655,0.007774154,0.109861806
1429728644493678240,a,-0.0034477129,0.022745486,0.07107471
1429728644513686388,a,-0.017242413,-0.0033303942,0.07543995
1429728644533694536,a,-0.002527625,-0.009716447,0.022928452
1429728644553702684,a,0.013623454,-0.017282784,0.0925521
1429728644573710832,a,-0.014317715,-0.010002709,-0.046694
1429728644593718980,a,-0.029232988,0.033552896,0.10908772
1429728644613727128,a,0.0077182325,-0.0043143793,0.054257676
1429728644633735276,a,0.021895735,0.019151036,-0.048299212
1429728644653743424,a,-0.008265395,0.00847704,0.10680318
1429728644673751572,a,-0.024442444,-0.029012498,0.015253706
1429728644693759720,a,-0.050818056,0.02759631,9.580822E-4
1429728644713767868,a,-0.0016460326,0.009230396,0.023099985
1429728644733776016,a,0.036056716,0.033914544,0.045428716
1429728644753784164,a,0.031244647,0.023412617,-0.00980506
1429728644773792312,a,-0.02131656,-0.022525145,0.0033766555
1429728644793800460,a,0.012444545,-0.01865878,-0.027206242
1429728644813808608,a,-0.0059825326,-0.04157395,0.01063382
1429728644833816756,a,-0.009815982,0.007910841,0.010991976
1429728643313138756,a,-0.046395093,0.04227912,0.061001603
1429728643333149080,a,-0.02742043,0.032689802,0.0037433924
1429728643353159404,a,-0.009109295,0.030949594,0.059084054
1429728643373169728,a,0.050935928,0.02140157,-0.009521978
1429728643393180052,a,0.0026984995,-0.022487033,-0.013017462
1429728643413190376,a,-0.008776992,-0.03627229,-0.010912969
1429728643433200700,a,-0.009706327,-0.015073609,0.022773542
1429728643453211024,a,-0.022507783,0.03485331,0.0397556
1429728643473221348,a,0.03523181,0.020885805,0.050103586
1429728643493231672,a,0.017944265,-0.031016897,0.049552627
1429728643513241996,a,0.002684013,-0.017314935,0.049432952
1429728643533252320,a,-5.699463E-4,-0.03781749,0.056393433
1429728643553262644,a,-0.04025343,-0.007025361,0.032094564
1429728642212455988,a,0.0047911457,-0.023766778,-0.017783782
1429728642232470020,a,0.006031988,-0.009843388,-0.024833474
1429728642252484052,a,-0.0018904682,-0.014126244,0.08037107
1429728642272498084,a,0.03243584,0.024843639,0.038114958
1429728644513686388,a,-0.017242413,-0.0033303942,0.07543995
1429728644533694536,a,-0.002527625,-0.009716447,0.022928452
1429728644553702684,a,0.013623454,-0.017282784,0.0925521
1429728644573710832,a,-0.014317715,-0.010002709,-0.046694
1429728644593718980,a,-0.029232988,0.033552896,0.10908772
1429728644613727128,a,0.0077182325,-0.0043143793,0.054257676
1429728644633735276,a,0.021895735,0.019151036,-0.048299212
1429728644653743424,a,-0.008265395,0.00847704,0.10680318
1429728644673751572,a,-0.024442444,-0.029012498,0.015253706
1429728644693759720,a,-0.050818056,0.02759631,9.580822E-4
1429728644713767868,a,-0.0016460326,0.009230396,0.023099985
1429728644733776016,a,0.036056716,0.033914544,0.045428716
1429728644753784164,a,0.031244647,0.023412617,-0.00980506
1429728644773792312,a,-0.02131656,-0.022525145,0.0033766555
1429728644793800460,a,0.012444545,-0.01865878,-0.027206242
1429728644813808608,a,-0.0059825326,-0.04157395,0.01063382
1429728644833816756,a,-0.009815982,0.007910841,0.010991976
1429728643313138756,a,-0.046395093,0.04227912,0.061001603
1429728643333149080,a,-0.02742043,0.032689802,0.0037433924
1429728643353159404,a,-0.009109295,0.030949594,0.059084054
1429728643373169728,a,0.050935928,0.02140157,-0.009521978
1429728643393180052,a,0.0026984995,-0.022487033,-0.013017462
1429728643413190376,a,-0.008776992,-0.03627229,-0.010912969
1429728643433200700,a,-0.009706327,-0.015073609,0.022773542
1429728643453211024,a,-0.022507783,0.03485331,0.0397556
1429728643473221348,a,0.03523181,0.020885805,0.050103586
1429728643493231672,a,0.017944265,-0.031016897,0.049552627
1429728643513241996,a,0.002684013,-0.017314935,0.049432952
1429728643533252320,a,-5.699463E-4,-0.03781749,0.056393433
1429728643553262644,a,-0.04025343,-0.007025361,0.032094564
1429728642212455988,a,0.0047911457,-0.023766778,-0.017783782
1429728642232470020,a,0.006031988,-0.009843388,-0.024833474
1429728642252484052,a,-0.0018904682,-0.014126244,0.08037107
1429728642272498084,a,0.03243584,0.024843639,0.038114958
1429728644593718980,a,-0.029232988,0.033552896,0.10908772
1429728644613727128,a,0.0077182325,-0.0043143793,0.054257676
1429728644633735276,a,0.021895735,0.019151036,-0.048299212
1429728644653743424,a,-0.008265395,0.00847704,0.10680318
1429728644673751572,a,-0.024442444,-0.029012498,0.015253706
1429728644693759720,a,-0.050818056,0.02759631,9.580822E-4
1429728644713767868,a,-0.0016460326,0.009230396,0.023099985
1429728644733776016,a,0.036056716,0.033914544,0.045428716
1429728644753784164,a,0.031244647,0.023412617,-0.00980506
1429728644773792312,a,-0.02131656,-0.022525145,0.0033766555
1429728644793800460,a,0.012444545,-0.01865878,-0.027206242
1429728644813808608,a,-0.0059825326,-0.04157395,0.01063382
1429728644833816756,a,-0.009815982,0.007910841,0.010991976
1429728643313138756,a,-0.046395093,0.04227912,0.061001603
1429728643333149080,a,-0.02742043,0.032689802,0.0037433924
1429728643353159404,a,-0.009109295,0.030949594,0.059084054
1429728643373169728,a,0.050935928,0.02140157,-0.009521978
1429728643393180052,a,0.0026984995,-0.022487033,-0.013017462
1429728643413190376,a,-0.008776992,-0.03627229,-0.010912969
1429728643433200700,a,-0.009706327,-0.015073609,0.022773542
1429728643453211024,a,-0.022507783,0.03485331,0.0397556
1429728643473221348,a,0.03523181,0.020885805,0.050103586
1429728643493231672,a,0.017944265,-0.031016897,0.049552627
1429728643513241996,a,0.002684013,-0.017314935,0.049432952
1429728643533252320,a,-5.699463E-4,-0.03781749,0.056393433
1429728643553262644,a,-0.04025343,-0.007025361,0.032094564
1429728642212455988,a,0.0047911457,-0.023766778,-0.017783782
1429728642232470020,a,0.006031988,-0.009843388,-0.024833474
1429728642252484052,a,-0.0018904682,-0.014126244,0.08037107
1429728642272498084,a,0.03243584,0.024843639,0.038114958
